# Creating system...
# System created with N=1000 particles

# Initial state:
# Susceptibles: 999, Infected: 1

# Starting simulation...
# Step	Time		S	I
0	0.0000		999	1
10	0.1000		998	2
20	0.2000		991	9
30	0.3000		985	15
40	0.4000		978	22
50	0.5000		968	32
60	0.6000		963	37
70	0.7000		959	41
80	0.8000		949	51
90	0.9000		934	66
100	1.0000		919	81
110	1.1000		898	102
120	1.2000		883	117
130	1.3000		868	132
140	1.4000		853	147
150	1.5000		831	169
160	1.6000		802	198
170	1.7000		800	200
180	1.8000		791	209
190	1.9000		769	231
200	2.0000		755	245
210	2.1000		728	272
220	2.2000		703	297
230	2.3000		691	309
240	2.4000		672	328
250	2.5000		647	353
260	2.6000		601	399
270	2.7000		552	448
280	2.8000		516	484
290	2.9000		468	532
300	3.0000		414	586
310	3.1000		354	646
320	3.2000		329	671
330	3.3000		281	719
340	3.4000		247	753
350	3.5000		201	799
360	3.6000		185	815
370	3.7000		177	823
380	3.8000		157	843
390	3.9000		144	856
400	4.0000		133	867
410	4.1000		145	855
420	4.2000		130	870
430	4.3000		119	881
440	4.4000		143	857
450	4.5000		138	862
460	4.6000		122	878
470	4.7000		137	863
480	4.8000		127	873
490	4.9000		133	867
500	5.0000		133	867
510	5.1000		122	878
520	5.2000		120	880
530	5.3000		116	884
540	5.4000		125	875
550	5.5000		132	868
560	5.6000		130	870
570	5.7000		119	881
580	5.8000		119	881
590	5.9000		127	873
600	6.0000		124	876
610	6.1000		136	864
620	6.2000		137	863
630	6.3000		128	872
640	6.4000		110	890
650	6.5000		127	873
660	6.6000		118	882
670	6.7000		139	861
680	6.8000		133	867
690	6.9000		139	861
700	7.0000		115	885
710	7.1000		118	882
720	7.2000		127	873
730	7.3000		117	883
740	7.4000		118	882
750	7.5000		132	868
760	7.6000		128	872
770	7.7000		119	881
780	7.8000		119	881
790	7.9000		125	875
800	8.0000		131	869
810	8.1000		121	879
820	8.2000		142	858
830	8.3000		131	869
840	8.4000		133	867
850	8.5000		138	862
860	8.6000		142	858
870	8.7000		143	857
880	8.8000		136	864
890	8.9000		136	864
900	9.0000		131	869
910	9.1000		129	871
920	9.2000		115	885
930	9.3000		131	869
940	9.4000		126	874
950	9.5000		135	865
960	9.6000		114	886
970	9.7000		106	894
980	9.8000		122	878
990	9.9000		111	889
1000	10.0000		116	884
1010	10.1000		121	879
1020	10.2000		135	865
1030	10.3000		117	883
1040	10.4000		119	881
1050	10.5000		113	887
1060	10.6000		121	879
1070	10.7000		110	890
1080	10.8000		102	898
1090	10.9000		116	884
1100	11.0000		122	878
1110	11.1000		118	882
1120	11.2000		126	874
1130	11.3000		129	871
1140	11.4000		125	875
1150	11.5000		135	865
1160	11.6000		127	873
1170	11.7000		123	877
1180	11.8000		128	872
1190	11.9000		127	873
1200	12.0000		112	888
1210	12.1000		109	891
1220	12.2000		118	882
1230	12.3000		127	873
1240	12.4000		114	886
1250	12.5000		124	876
1260	12.6000		131	869
1270	12.7000		144	856
1280	12.8000		127	873
1290	12.9000		118	882
1300	13.0000		122	878
1310	13.1000		124	876
1320	13.2000		119	881
1330	13.3000		130	870
1340	13.4000		117	883
1350	13.5000		116	884
1360	13.6000		106	894
1370	13.7000		121	879
1380	13.8000		130	870
1390	13.9000		116	884
1400	14.0000		120	880
1410	14.1000		121	879
1420	14.2000		121	879
1430	14.3000		116	884
1440	14.4000		110	890
1450	14.5000		112	888
1460	14.6000		106	894
1470	14.7000		105	895
1480	14.8000		116	884
1490	14.9000		112	888
1500	15.0000		128	872
1510	15.1000		122	878
1520	15.2000		108	892
1530	15.3000		109	891
1540	15.4000		119	881
1550	15.5000		118	882
1560	15.6000		130	870
1570	15.7000		123	877
1580	15.8000		118	882
1590	15.9000		135	865
1600	16.0000		130	870
1610	16.1000		125	875
1620	16.2000		119	881
1630	16.3000		105	895
1640	16.4000		98	902
1650	16.5000		114	886
1660	16.6000		118	882
1670	16.7000		131	869
1680	16.8000		112	888
1690	16.9000		131	869
1700	17.0000		115	885
1710	17.1000		116	884
1720	17.2000		111	889
1730	17.3000		120	880
1740	17.4000		139	861
1750	17.5000		118	882
1760	17.6000		120	880
1770	17.7000		118	882
1780	17.8000		134	866
1790	17.9000		119	881
1800	18.0000		126	874
1810	18.1000		129	871
1820	18.2000		135	865
1830	18.3000		138	862
1840	18.4000		134	866
1850	18.5000		132	868
1860	18.6000		137	863
1870	18.7000		134	866
1880	18.8000		139	861
1890	18.9000		143	857
1900	19.0000		111	889
1910	19.1000		116	884
1920	19.2000		119	881
1930	19.3000		109	891
1940	19.4000		134	866
1950	19.5000		133	867
1960	19.6000		128	872
1970	19.7000		117	883
1980	19.8000		112	888
1990	19.9000		115	885
2000	20.0000		122	878
2010	20.1000		121	879
2020	20.2000		131	869
2030	20.3000		124	876
2040	20.4000		125	875
2050	20.5000		132	868
2060	20.6000		140	860
2070	20.7000		134	866
2080	20.8000		126	874
2090	20.9000		125	875
2100	21.0000		123	877
2110	21.1000		107	893
2120	21.2000		99	901
2130	21.3000		109	891
2140	21.4000		128	872
2150	21.5000		126	874
2160	21.6000		125	875
2170	21.7000		127	873
2180	21.8000		148	852
2190	21.9000		134	866
2200	22.0000		137	863
2210	22.1000		106	894
2220	22.2000		107	893
2230	22.3000		101	899
2240	22.4000		89	911
2250	22.5000		117	883
2260	22.6000		114	886
2270	22.7000		115	885
2280	22.8000		120	880
2290	22.9000		113	887
2300	23.0000		111	889
2310	23.1000		118	882
2320	23.2000		114	886
2330	23.3000		138	862
2340	23.4000		130	870
2350	23.5000		126	874
2360	23.6000		106	894
2370	23.7000		112	888
2380	23.8000		119	881
2390	23.9000		129	871
2400	24.0000		131	869
2410	24.1000		136	864
2420	24.2000		132	868
2430	24.3000		128	872
2440	24.4000		122	878
2450	24.5000		135	865
2460	24.6000		115	885
2470	24.7000		108	892
2480	24.8000		117	883
2490	24.9000		120	880
2500	25.0000		107	893
2510	25.1000		99	901
2520	25.2000		126	874
2530	25.3000		134	866
2540	25.4000		130	870
2550	25.5000		116	884
2560	25.6000		119	881
2570	25.7000		102	898
2580	25.8000		103	897
2590	25.9000		123	877
2600	26.0000		126	874
2610	26.1000		124	876
2620	26.2000		130	870
2630	26.3000		133	867
2640	26.4000		146	854
2650	26.5000		142	858
2660	26.6000		121	879
2670	26.7000		118	882
2680	26.8000		106	894
2690	26.9000		113	887
2700	27.0000		113	887
2710	27.1000		134	866
2720	27.2000		130	870
2730	27.3000		133	867
2740	27.4000		122	878
2750	27.5000		132	868
2760	27.6000		121	879
2770	27.7000		129	871
2780	27.8000		122	878
2790	27.9000		124	876
2800	28.0000		117	883
2810	28.1000		130	870
2820	28.2000		122	878
2830	28.3000		128	872
2840	28.4000		121	879
2850	28.5000		137	863
2860	28.6000		134	866
2870	28.7000		125	875
2880	28.8000		134	866
2890	28.9000		128	872
2900	29.0000		119	881
2910	29.1000		115	885
2920	29.2000		127	873
2930	29.3000		133	867
2940	29.4000		139	861
2950	29.5000		133	867
2960	29.6000		125	875
2970	29.7000		115	885
2980	29.8000		100	900
2990	29.9000		110	890
3000	30.0000		112	888
3010	30.1000		119	881
3020	30.2000		112	888
3030	30.3000		121	879
3040	30.4000		127	873
3050	30.5000		130	870
3060	30.6000		124	876
3070	30.7000		110	890
3080	30.8000		128	872
3090	30.9000		126	874
3100	31.0000		133	867
3110	31.1000		115	885
3120	31.2000		123	877
3130	31.3000		135	865
3140	31.4000		123	877
3150	31.5000		113	887
3160	31.6000		125	875
3170	31.7000		123	877
3180	31.8000		108	892
3190	31.9000		118	882
3200	32.0000		102	898
3210	32.1000		120	880
3220	32.2000		101	899
3230	32.3000		106	894
3240	32.4000		125	875
3250	32.5000		111	889
3260	32.6000		105	895
3270	32.7000		113	887
3280	32.8000		94	906
3290	32.9000		110	890
3300	33.0000		110	890
3310	33.1000		114	886
3320	33.2000		123	877
3330	33.3000		131	869
3340	33.4000		126	874
3350	33.5000		118	882
3360	33.6000		120	880
3370	33.7000		117	883
3380	33.8000		136	864
3390	33.9000		132	868
3400	34.0000		129	871
3410	34.1000		126	874
3420	34.2000		133	867
3430	34.3000		152	848
3440	34.4000		133	867
3450	34.5000		127	873
3460	34.6000		123	877
3470	34.7000		108	892
3480	34.8000		117	883
3490	34.9000		123	877
3500	35.0000		132	868
3510	35.1000		120	880
3520	35.2000		119	881
3530	35.3000		116	884
3540	35.4000		129	871
3550	35.5000		114	886
3560	35.6000		121	879
3570	35.7000		110	890
3580	35.8000		111	889
3590	35.9000		113	887
3600	36.0000		122	878
3610	36.1000		130	870
3620	36.2000		126	874
3630	36.3000		142	858
3640	36.4000		140	860
3650	36.5000		137	863
3660	36.6000		134	866
3670	36.7000		132	868
3680	36.8000		138	862
3690	36.9000		136	864
3700	37.0000		128	872
3710	37.1000		122	878
3720	37.2000		118	882
3730	37.3000		121	879
3740	37.4000		110	890
3750	37.5000		131	869
3760	37.6000		131	869
3770	37.7000		142	858
3780	37.8000		123	877
3790	37.9000		116	884
3800	38.0000		132	868
3810	38.1000		128	872
3820	38.2000		126	874
3830	38.3000		124	876
3840	38.4000		114	886
3850	38.5000		128	872
3860	38.6000		105	895
3870	38.7000		129	871
3880	38.8000		138	862
3890	38.9000		116	884
3900	39.0000		120	880
3910	39.1000		99	901
3920	39.2000		105	895
3930	39.3000		109	891
3940	39.4000		133	867
3950	39.5000		111	889
3960	39.6000		147	853
3970	39.7000		144	856
3980	39.8000		126	874
3990	39.9000		120	880
4000	40.0000		113	887
4010	40.1000		119	881
4020	40.2000		125	875
4030	40.3000		114	886
4040	40.4000		130	870
4050	40.5000		112	888
4060	40.6000		107	893
4070	40.7000		117	883
4080	40.8000		112	888
4090	40.9000		120	880
4100	41.0000		113	887
4110	41.1000		138	862
4120	41.2000		127	873
4130	41.3000		115	885
4140	41.4000		123	877
4150	41.5000		133	867
4160	41.6000		145	855
4170	41.7000		132	868
4180	41.8000		141	859
4190	41.9000		144	856
4200	42.0000		130	870
4210	42.1000		139	861
4220	42.2000		141	859
4230	42.3000		128	872
4240	42.4000		137	863
4250	42.5000		115	885
4260	42.6000		107	893
4270	42.7000		119	881
4280	42.8000		123	877
4290	42.9000		135	865
4300	43.0000		114	886
4310	43.1000		110	890
4320	43.2000		114	886
4330	43.3000		127	873
4340	43.4000		109	891
4350	43.5000		125	875
4360	43.6000		108	892
4370	43.7000		107	893
4380	43.8000		103	897
4390	43.9000		94	906
4400	44.0000		113	887
4410	44.1000		134	866
4420	44.2000		130	870
4430	44.3000		117	883
4440	44.4000		127	873
4450	44.5000		137	863
4460	44.6000		118	882
4470	44.7000		106	894
4480	44.8000		128	872
4490	44.9000		131	869
4500	45.0000		131	869
4510	45.1000		120	880
4520	45.2000		124	876
4530	45.3000		140	860
4540	45.4000		128	872
4550	45.5000		124	876
4560	45.6000		114	886
4570	45.7000		111	889
4580	45.8000		108	892
4590	45.9000		128	872
4600	46.0000		129	871
4610	46.1000		135	865
4620	46.2000		123	877
4630	46.3000		118	882
4640	46.4000		119	881
4650	46.5000		136	864
4660	46.6000		133	867
4670	46.7000		122	878
4680	46.8000		129	871
4690	46.9000		129	871
4700	47.0000		124	876
4710	47.1000		124	876
4720	47.2000		125	875
4730	47.3000		112	888
4740	47.4000		113	887
4750	47.5000		115	885
4760	47.6000		127	873
4770	47.7000		133	867
4780	47.8000		135	865
4790	47.9000		125	875
4800	48.0000		132	868
4810	48.1000		127	873
4820	48.2000		128	872
4830	48.3000		123	877
4840	48.4000		119	881
4850	48.5000		113	887
4860	48.6000		103	897
4870	48.7000		112	888
4880	48.8000		123	877
4890	48.9000		122	878
4900	49.0000		118	882
4910	49.1000		141	859
4920	49.2000		134	866
4930	49.3000		145	855
4940	49.4000		131	869
4950	49.5000		116	884
4960	49.6000		126	874
4970	49.7000		122	878
4980	49.8000		139	861
4990	49.9000		126	874
5000	50.0000		117	883
5010	50.1000		112	888
5020	50.2000		109	891
5030	50.3000		120	880
5040	50.4000		129	871
5050	50.5000		120	880
5060	50.6000		117	883
5070	50.7000		113	887
5080	50.8000		108	892
5090	50.9000		117	883
5100	51.0000		115	885
5110	51.1000		119	881
5120	51.2000		124	876
5130	51.3000		113	887
5140	51.4000		119	881
5150	51.5000		112	888
5160	51.6000		105	895
5170	51.7000		124	876
5180	51.8000		123	877
5190	51.9000		112	888
5200	52.0000		120	880
5210	52.1000		113	887
5220	52.2000		131	869
5230	52.3000		128	872
5240	52.4000		111	889
5250	52.5000		123	877
5260	52.6000		126	874
5270	52.7000		134	866
5280	52.8000		123	877
5290	52.9000		121	879
5300	53.0000		127	873
5310	53.1000		127	873
5320	53.2000		109	891
5330	53.3000		98	902
5340	53.4000		101	899
5350	53.5000		100	900
5360	53.6000		106	894
5370	53.7000		115	885
5380	53.8000		141	859
5390	53.9000		137	863
5400	54.0000		128	872
5410	54.1000		126	874
5420	54.2000		113	887
5430	54.3000		122	878
5440	54.4000		128	872
5450	54.5000		128	872
5460	54.6000		123	877
5470	54.7000		105	895
5480	54.8000		126	874
5490	54.9000		127	873
5500	55.0000		131	869
5510	55.1000		118	882
5520	55.2000		119	881
5530	55.3000		115	885
5540	55.4000		117	883
5550	55.5000		134	866
5560	55.6000		127	873
5570	55.7000		140	860
5580	55.8000		128	872
5590	55.9000		129	871
5600	56.0000		130	870
5610	56.1000		128	872
5620	56.2000		112	888
5630	56.3000		134	866
5640	56.4000		128	872
5650	56.5000		124	876
5660	56.6000		120	880
5670	56.7000		110	890
5680	56.8000		109	891
5690	56.9000		111	889
5700	57.0000		113	887
5710	57.1000		114	886
5720	57.2000		113	887
5730	57.3000		108	892
5740	57.4000		107	893
5750	57.5000		123	877
5760	57.6000		108	892
5770	57.7000		85	915
5780	57.8000		113	887
5790	57.9000		116	884
5800	58.0000		124	876
5810	58.1000		110	890
5820	58.2000		129	871
5830	58.3000		124	876
5840	58.4000		132	868
5850	58.5000		134	866
5860	58.6000		116	884
5870	58.7000		115	885
5880	58.8000		128	872
5890	58.9000		121	879
5900	59.0000		117	883
5910	59.1000		109	891
5920	59.2000		122	878
5930	59.3000		134	866
5940	59.4000		143	857
5950	59.5000		122	878
5960	59.6000		104	896
5970	59.7000		120	880
5980	59.8000		109	891
5990	59.9000		124	876
6000	60.0000		134	866
6010	60.1000		147	853
6020	60.2000		134	866
6030	60.3000		125	875
6040	60.4000		129	871
6050	60.5000		118	882
6060	60.6000		129	871
6070	60.7000		125	875
6080	60.8000		132	868
6090	60.9000		129	871
6100	61.0000		118	882
6110	61.1000		121	879
6120	61.2000		127	873
6130	61.3000		136	864
6140	61.4000		124	876
6150	61.5000		134	866
6160	61.6000		126	874
6170	61.7000		139	861
6180	61.8000		130	870
6190	61.9000		115	885
6200	62.0000		110	890
6210	62.1000		115	885
6220	62.2000		116	884
6230	62.3000		126	874
6240	62.4000		119	881
6250	62.5000		123	877
6260	62.6000		132	868
6270	62.7000		121	879
6280	62.8000		125	875
6290	62.9000		108	892
6300	63.0000		105	895
6310	63.1000		121	879
6320	63.2000		128	872
6330	63.3000		126	874
6340	63.4000		116	884
6350	63.5000		131	869
6360	63.6000		107	893
6370	63.7000		124	876
6380	63.8000		141	859
6390	63.9000		133	867
6400	64.0000		129	871
6410	64.1000		114	886
6420	64.2000		115	885
6430	64.3000		108	892
6440	64.4000		114	886
6450	64.5000		119	881
6460	64.6000		118	882
6470	64.7000		110	890
6480	64.8000		118	882
6490	64.9000		118	882
6500	65.0000		117	883
6510	65.1000		106	894
6520	65.2000		109	891
6530	65.3000		115	885
6540	65.4000		119	881
6550	65.5000		108	892
6560	65.6000		108	892
6570	65.7000		116	884
6580	65.8000		122	878
6590	65.9000		135	865
6600	66.0000		133	867
6610	66.1000		129	871
6620	66.2000		130	870
6630	66.3000		131	869
6640	66.4000		120	880
6650	66.5000		117	883
6660	66.6000		105	895
6670	66.7000		113	887
6680	66.8000		103	897
6690	66.9000		111	889
6700	67.0000		122	878
6710	67.1000		142	858
6720	67.2000		122	878
6730	67.3000		118	882
6740	67.4000		131	869
6750	67.5000		135	865
6760	67.6000		139	861
6770	67.7000		125	875
6780	67.8000		128	872
6790	67.9000		130	870
6800	68.0000		114	886
6810	68.1000		135	865
6820	68.2000		153	847
6830	68.3000		139	861
6840	68.4000		136	864
6850	68.5000		114	886
6860	68.6000		105	895
6870	68.7000		122	878
6880	68.8000		131	869
6890	68.9000		127	873
6900	69.0000		125	875
6910	69.1000		123	877
6920	69.2000		122	878
6930	69.3000		135	865
6940	69.4000		133	867
6950	69.5000		149	851
6960	69.6000		127	873
6970	69.7000		126	874
6980	69.8000		125	875
6990	69.9000		129	871
7000	70.0000		113	887
7010	70.1000		114	886
7020	70.2000		127	873
7030	70.3000		127	873
7040	70.4000		121	879
7050	70.5000		116	884
7060	70.6000		123	877
7070	70.7000		128	872
7080	70.8000		119	881
7090	70.9000		116	884
7100	71.0000		110	890
7110	71.1000		112	888
7120	71.2000		123	877
7130	71.3000		139	861
7140	71.4000		119	881
7150	71.5000		135	865
7160	71.6000		124	876
7170	71.7000		110	890
7180	71.8000		117	883
7190	71.9000		126	874
7200	72.0000		124	876
7210	72.1000		126	874
7220	72.2000		136	864
7230	72.3000		125	875
7240	72.4000		121	879
7250	72.5000		106	894
7260	72.6000		112	888
7270	72.7000		119	881
7280	72.8000		120	880
7290	72.9000		122	878
7300	73.0000		133	867
7310	73.1000		123	877
7320	73.2000		127	873
7330	73.3000		130	870
7340	73.4000		122	878
7350	73.5000		134	866
7360	73.6000		112	888
7370	73.7000		121	879
7380	73.8000		114	886
7390	73.9000		123	877
7400	74.0000		121	879
7410	74.1000		117	883
7420	74.2000		126	874
7430	74.3000		116	884
7440	74.4000		130	870
7450	74.5000		112	888
7460	74.6000		113	887
7470	74.7000		117	883
7480	74.8000		120	880
7490	74.9000		120	880
7500	75.0000		147	853
7510	75.1000		124	876
7520	75.2000		114	886
7530	75.3000		117	883
7540	75.4000		116	884
7550	75.5000		113	887
7560	75.6000		122	878
7570	75.7000		126	874
7580	75.8000		112	888
7590	75.9000		125	875
7600	76.0000		113	887
7610	76.1000		113	887
7620	76.2000		116	884
7630	76.3000		123	877
7640	76.4000		133	867
7650	76.5000		130	870
7660	76.6000		115	885
7670	76.7000		126	874
7680	76.8000		133	867
7690	76.9000		136	864
7700	77.0000		141	859
7710	77.1000		153	847
7720	77.2000		137	863
7730	77.3000		144	856
7740	77.4000		124	876
7750	77.5000		131	869
7760	77.6000		129	871
7770	77.7000		121	879
7780	77.8000		138	862
7790	77.9000		138	862
7800	78.0000		115	885
7810	78.1000		128	872
7820	78.2000		119	881
7830	78.3000		128	872
7840	78.4000		124	876
7850	78.5000		120	880
7860	78.6000		112	888
7870	78.7000		117	883
7880	78.8000		124	876
7890	78.9000		127	873
7900	79.0000		119	881
7910	79.1000		117	883
7920	79.2000		119	881
7930	79.3000		135	865
7940	79.4000		127	873
7950	79.5000		124	876
7960	79.6000		150	850
7970	79.7000		136	864
7980	79.8000		141	859
7990	79.9000		134	866
8000	80.0000		110	890
8010	80.1000		120	880
8020	80.2000		111	889
8030	80.3000		117	883
8040	80.4000		111	889
8050	80.5000		106	894
8060	80.6000		107	893
8070	80.7000		110	890
8080	80.8000		127	873
8090	80.9000		124	876
8100	81.0000		134	866
8110	81.1000		121	879
8120	81.2000		125	875
8130	81.3000		118	882
8140	81.4000		104	896
8150	81.5000		92	908
8160	81.6000		94	906
8170	81.7000		130	870
8180	81.8000		140	860
8190	81.9000		136	864
8200	82.0000		146	854
8210	82.1000		133	867
8220	82.2000		142	858
8230	82.3000		142	858
8240	82.4000		129	871
8250	82.5000		121	879
8260	82.6000		127	873
8270	82.7000		138	862
8280	82.8000		136	864
8290	82.9000		122	878
8300	83.0000		122	878
8310	83.1000		114	886
8320	83.2000		134	866
8330	83.3000		116	884
8340	83.4000		115	885
8350	83.5000		107	893
8360	83.6000		107	893
8370	83.7000		128	872
8380	83.8000		140	860
8390	83.9000		140	860
8400	84.0000		128	872
8410	84.1000		126	874
8420	84.2000		126	874
8430	84.3000		116	884
8440	84.4000		115	885
8450	84.5000		119	881
8460	84.6000		128	872
8470	84.7000		122	878
8480	84.8000		137	863
8490	84.9000		137	863
8500	85.0000		133	867
8510	85.1000		126	874
8520	85.2000		125	875
8530	85.3000		134	866
8540	85.4000		131	869
8550	85.5000		131	869
8560	85.6000		129	871
8570	85.7000		135	865
8580	85.8000		125	875
8590	85.9000		138	862
8600	86.0000		136	864
8610	86.1000		132	868
8620	86.2000		133	867
8630	86.3000		115	885
8640	86.4000		123	877
8650	86.5000		116	884
8660	86.6000		124	876
8670	86.7000		134	866
8680	86.8000		137	863
8690	86.9000		123	877
8700	87.0000		144	856
8710	87.1000		139	861
8720	87.2000		144	856
8730	87.3000		128	872
8740	87.4000		128	872
8750	87.5000		116	884
8760	87.6000		121	879
8770	87.7000		127	873
8780	87.8000		129	871
8790	87.9000		122	878
8800	88.0000		124	876
8810	88.1000		134	866
8820	88.2000		127	873
8830	88.3000		126	874
8840	88.4000		118	882
8850	88.5000		104	896
8860	88.6000		111	889
8870	88.7000		112	888
8880	88.8000		125	875
8890	88.9000		127	873
8900	89.0000		122	878
8910	89.1000		105	895
8920	89.2000		117	883
8930	89.3000		129	871
8940	89.4000		121	879
8950	89.5000		143	857
8960	89.6000		141	859
8970	89.7000		121	879
8980	89.8000		121	879
8990	89.9000		115	885
9000	90.0000		121	879
9010	90.1000		119	881
9020	90.2000		120	880
9030	90.3000		119	881
9040	90.4000		114	886
9050	90.5000		128	872
9060	90.6000		122	878
9070	90.7000		108	892
9080	90.8000		133	867
9090	90.9000		113	887
9100	91.0000		109	891
9110	91.1000		112	888
9120	91.2000		108	892
9130	91.3000		121	879
9140	91.4000		121	879
9150	91.5000		123	877
9160	91.6000		123	877
9170	91.7000		138	862
9180	91.8000		129	871
9190	91.9000		131	869
9200	92.0000		139	861
9210	92.1000		125	875
9220	92.2000		126	874
9230	92.3000		114	886
9240	92.4000		116	884
9250	92.5000		104	896
9260	92.6000		115	885
9270	92.7000		103	897
9280	92.8000		114	886
9290	92.9000		122	878
9300	93.0000		132	868
9310	93.1000		127	873
9320	93.2000		122	878
9330	93.3000		127	873
9340	93.4000		112	888
9350	93.5000		124	876
9360	93.6000		129	871
9370	93.7000		120	880
9380	93.8000		125	875
9390	93.9000		114	886
9400	94.0000		142	858
9410	94.1000		114	886
9420	94.2000		112	888
9430	94.3000		128	872
9440	94.4000		121	879
9450	94.5000		115	885
9460	94.6000		136	864
9470	94.7000		146	854
9480	94.8000		130	870
9490	94.9000		128	872
9500	95.0000		123	877
9510	95.1000		137	863
9520	95.2000		117	883
9530	95.3000		116	884
9540	95.4000		126	874
9550	95.5000		146	854
9560	95.6000		131	869
9570	95.7000		115	885
9580	95.8000		109	891
9590	95.9000		123	877
9600	96.0000		119	881
9610	96.1000		119	881
9620	96.2000		129	871
9630	96.3000		136	864
9640	96.4000		134	866
9650	96.5000		127	873
9660	96.6000		125	875
9670	96.7000		124	876
9680	96.8000		126	874
9690	96.9000		138	862
9700	97.0000		114	886
9710	97.1000		120	880
9720	97.2000		112	888
9730	97.3000		120	880
9740	97.4000		134	866
9750	97.5000		123	877
9760	97.6000		121	879
9770	97.7000		126	874
9780	97.8000		113	887
9790	97.9000		122	878
9800	98.0000		103	897
9810	98.1000		122	878
9820	98.2000		119	881
9830	98.3000		132	868
9840	98.4000		128	872
9850	98.5000		110	890
9860	98.6000		103	897
9870	98.7000		114	886
9880	98.8000		116	884
9890	98.9000		107	893
9900	99.0000		109	891
9910	99.1000		126	874
9920	99.2000		113	887
9930	99.3000		105	895
9940	99.4000		117	883
9950	99.5000		124	876
9960	99.6000		112	888
9970	99.7000		140	860
9980	99.8000		119	881
9990	99.9000		123	877
10000	100.0000		125	875
# Simulation completed.
