# Creating system...
# System created with N=1000 particles

# Initial state:
# Susceptibles: 999, Infected: 1

# Starting simulation...
# Step	Time		S	I
0	0.0000		999	1
10	0.1000		999	1
20	0.2000		996	4
30	0.3000		994	6
40	0.4000		990	10
50	0.5000		980	20
60	0.6000		968	32
70	0.7000		958	42
80	0.8000		942	58
90	0.9000		934	66
100	1.0000		921	79
110	1.1000		902	98
120	1.2000		878	122
130	1.3000		862	138
140	1.4000		842	158
150	1.5000		814	186
160	1.6000		784	216
170	1.7000		759	241
180	1.8000		744	256
190	1.9000		705	295
200	2.0000		657	343
210	2.1000		606	394
220	2.2000		546	454
230	2.3000		495	505
240	2.4000		451	549
250	2.5000		407	593
260	2.6000		358	642
270	2.7000		307	693
280	2.8000		295	705
290	2.9000		242	758
300	3.0000		220	780
310	3.1000		189	811
320	3.2000		165	835
330	3.3000		154	846
340	3.4000		156	844
350	3.5000		137	863
360	3.6000		154	846
370	3.7000		136	864
380	3.8000		138	862
390	3.9000		134	866
400	4.0000		130	870
410	4.1000		131	869
420	4.2000		132	868
430	4.3000		128	872
440	4.4000		135	865
450	4.5000		107	893
460	4.6000		123	877
470	4.7000		112	888
480	4.8000		112	888
490	4.9000		96	904
500	5.0000		94	906
510	5.1000		115	885
520	5.2000		118	882
530	5.3000		127	873
540	5.4000		118	882
550	5.5000		115	885
560	5.6000		104	896
570	5.7000		122	878
580	5.8000		117	883
590	5.9000		132	868
600	6.0000		129	871
610	6.1000		118	882
620	6.2000		114	886
630	6.3000		103	897
640	6.4000		116	884
650	6.5000		127	873
660	6.6000		116	884
670	6.7000		136	864
680	6.8000		124	876
690	6.9000		142	858
700	7.0000		138	862
710	7.1000		130	870
720	7.2000		118	882
730	7.3000		130	870
740	7.4000		115	885
750	7.5000		115	885
760	7.6000		102	898
770	7.7000		125	875
780	7.8000		113	887
790	7.9000		128	872
800	8.0000		128	872
810	8.1000		118	882
820	8.2000		115	885
830	8.3000		123	877
840	8.4000		118	882
850	8.5000		123	877
860	8.6000		124	876
870	8.7000		119	881
880	8.8000		107	893
890	8.9000		122	878
900	9.0000		109	891
910	9.1000		107	893
920	9.2000		136	864
930	9.3000		124	876
940	9.4000		118	882
950	9.5000		118	882
960	9.6000		122	878
970	9.7000		130	870
980	9.8000		137	863
990	9.9000		132	868
1000	10.0000		126	874
1010	10.1000		126	874
1020	10.2000		132	868
1030	10.3000		135	865
1040	10.4000		134	866
1050	10.5000		126	874
1060	10.6000		129	871
1070	10.7000		131	869
1080	10.8000		122	878
1090	10.9000		111	889
1100	11.0000		120	880
1110	11.1000		113	887
1120	11.2000		122	878
1130	11.3000		122	878
1140	11.4000		120	880
1150	11.5000		115	885
1160	11.6000		109	891
1170	11.7000		106	894
1180	11.8000		136	864
1190	11.9000		126	874
1200	12.0000		117	883
1210	12.1000		126	874
1220	12.2000		128	872
1230	12.3000		121	879
1240	12.4000		127	873
1250	12.5000		126	874
1260	12.6000		138	862
1270	12.7000		140	860
1280	12.8000		122	878
1290	12.9000		115	885
1300	13.0000		113	887
1310	13.1000		113	887
1320	13.2000		121	879
1330	13.3000		121	879
1340	13.4000		115	885
1350	13.5000		121	879
1360	13.6000		124	876
1370	13.7000		125	875
1380	13.8000		131	869
1390	13.9000		127	873
1400	14.0000		110	890
1410	14.1000		114	886
1420	14.2000		113	887
1430	14.3000		126	874
1440	14.4000		104	896
1450	14.5000		92	908
1460	14.6000		105	895
1470	14.7000		111	889
1480	14.8000		114	886
1490	14.9000		109	891
1500	15.0000		110	890
1510	15.1000		119	881
1520	15.2000		107	893
1530	15.3000		107	893
1540	15.4000		115	885
1550	15.5000		105	895
1560	15.6000		112	888
1570	15.7000		112	888
1580	15.8000		112	888
1590	15.9000		102	898
1600	16.0000		112	888
1610	16.1000		124	876
1620	16.2000		134	866
1630	16.3000		135	865
1640	16.4000		120	880
1650	16.5000		104	896
1660	16.6000		134	866
1670	16.7000		146	854
1680	16.8000		135	865
1690	16.9000		130	870
1700	17.0000		129	871
1710	17.1000		123	877
1720	17.2000		131	869
1730	17.3000		119	881
1740	17.4000		110	890
1750	17.5000		113	887
1760	17.6000		131	869
1770	17.7000		112	888
1780	17.8000		123	877
1790	17.9000		120	880
1800	18.0000		117	883
1810	18.1000		115	885
1820	18.2000		142	858
1830	18.3000		142	858
1840	18.4000		141	859
1850	18.5000		143	857
1860	18.6000		138	862
1870	18.7000		142	858
1880	18.8000		125	875
1890	18.9000		115	885
1900	19.0000		117	883
1910	19.1000		109	891
1920	19.2000		121	879
1930	19.3000		136	864
1940	19.4000		136	864
1950	19.5000		115	885
1960	19.6000		118	882
1970	19.7000		131	869
1980	19.8000		126	874
1990	19.9000		128	872
2000	20.0000		114	886
2010	20.1000		121	879
2020	20.2000		127	873
2030	20.3000		129	871
2040	20.4000		112	888
2050	20.5000		121	879
2060	20.6000		124	876
2070	20.7000		120	880
2080	20.8000		136	864
2090	20.9000		124	876
2100	21.0000		129	871
2110	21.1000		133	867
2120	21.2000		125	875
2130	21.3000		110	890
2140	21.4000		112	888
2150	21.5000		100	900
2160	21.6000		105	895
2170	21.7000		116	884
2180	21.8000		118	882
2190	21.9000		124	876
2200	22.0000		116	884
2210	22.1000		115	885
2220	22.2000		140	860
2230	22.3000		142	858
2240	22.4000		142	858
2250	22.5000		136	864
2260	22.6000		140	860
2270	22.7000		124	876
2280	22.8000		127	873
2290	22.9000		119	881
2300	23.0000		129	871
2310	23.1000		112	888
2320	23.2000		127	873
2330	23.3000		139	861
2340	23.4000		124	876
2350	23.5000		130	870
2360	23.6000		133	867
2370	23.7000		130	870
2380	23.8000		125	875
2390	23.9000		134	866
2400	24.0000		137	863
2410	24.1000		129	871
2420	24.2000		138	862
2430	24.3000		127	873
2440	24.4000		115	885
2450	24.5000		109	891
2460	24.6000		111	889
2470	24.7000		105	895
2480	24.8000		111	889
2490	24.9000		109	891
2500	25.0000		117	883
2510	25.1000		116	884
2520	25.2000		122	878
2530	25.3000		107	893
2540	25.4000		118	882
2550	25.5000		115	885
2560	25.6000		109	891
2570	25.7000		115	885
2580	25.8000		120	880
2590	25.9000		152	848
2600	26.0000		128	872
2610	26.1000		127	873
2620	26.2000		127	873
2630	26.3000		125	875
2640	26.4000		135	865
2650	26.5000		131	869
2660	26.6000		130	870
2670	26.7000		127	873
2680	26.8000		121	879
2690	26.9000		121	879
2700	27.0000		123	877
2710	27.1000		105	895
2720	27.2000		124	876
2730	27.3000		124	876
2740	27.4000		122	878
2750	27.5000		149	851
2760	27.6000		140	860
2770	27.7000		123	877
2780	27.8000		112	888
2790	27.9000		116	884
2800	28.0000		106	894
2810	28.1000		105	895
2820	28.2000		130	870
2830	28.3000		136	864
2840	28.4000		137	863
2850	28.5000		127	873
2860	28.6000		117	883
2870	28.7000		117	883
2880	28.8000		114	886
2890	28.9000		128	872
2900	29.0000		141	859
2910	29.1000		127	873
2920	29.2000		122	878
2930	29.3000		128	872
2940	29.4000		118	882
2950	29.5000		126	874
2960	29.6000		121	879
2970	29.7000		121	879
2980	29.8000		124	876
2990	29.9000		118	882
3000	30.0000		111	889
3010	30.1000		126	874
3020	30.2000		112	888
3030	30.3000		114	886
3040	30.4000		117	883
3050	30.5000		109	891
3060	30.6000		113	887
3070	30.7000		133	867
3080	30.8000		140	860
3090	30.9000		157	843
3100	31.0000		136	864
3110	31.1000		120	880
3120	31.2000		118	882
3130	31.3000		130	870
3140	31.4000		125	875
3150	31.5000		115	885
3160	31.6000		116	884
3170	31.7000		108	892
3180	31.8000		104	896
3190	31.9000		119	881
3200	32.0000		106	894
3210	32.1000		119	881
3220	32.2000		124	876
3230	32.3000		133	867
3240	32.4000		131	869
3250	32.5000		132	868
3260	32.6000		137	863
3270	32.7000		125	875
3280	32.8000		124	876
3290	32.9000		123	877
3300	33.0000		113	887
3310	33.1000		122	878
3320	33.2000		127	873
3330	33.3000		131	869
3340	33.4000		119	881
3350	33.5000		111	889
3360	33.6000		114	886
3370	33.7000		124	876
3380	33.8000		139	861
3390	33.9000		140	860
3400	34.0000		141	859
3410	34.1000		134	866
3420	34.2000		135	865
3430	34.3000		153	847
3440	34.4000		163	837
3450	34.5000		119	881
3460	34.6000		125	875
3470	34.7000		128	872
3480	34.8000		122	878
3490	34.9000		145	855
3500	35.0000		135	865
3510	35.1000		120	880
3520	35.2000		119	881
3530	35.3000		108	892
3540	35.4000		125	875
3550	35.5000		122	878
3560	35.6000		129	871
3570	35.7000		124	876
3580	35.8000		134	866
3590	35.9000		123	877
3600	36.0000		118	882
3610	36.1000		137	863
3620	36.2000		129	871
3630	36.3000		108	892
3640	36.4000		120	880
3650	36.5000		111	889
3660	36.6000		104	896
3670	36.7000		89	911
3680	36.8000		128	872
3690	36.9000		138	862
3700	37.0000		126	874
3710	37.1000		104	896
3720	37.2000		121	879
3730	37.3000		110	890
3740	37.4000		115	885
3750	37.5000		124	876
3760	37.6000		112	888
3770	37.7000		129	871
3780	37.8000		143	857
3790	37.9000		127	873
3800	38.0000		103	897
3810	38.1000		128	872
3820	38.2000		136	864
3830	38.3000		134	866
3840	38.4000		111	889
3850	38.5000		134	866
3860	38.6000		134	866
3870	38.7000		131	869
3880	38.8000		123	877
3890	38.9000		140	860
3900	39.0000		132	868
3910	39.1000		119	881
3920	39.2000		124	876
3930	39.3000		108	892
3940	39.4000		96	904
3950	39.5000		107	893
3960	39.6000		123	877
3970	39.7000		152	848
3980	39.8000		131	869
3990	39.9000		115	885
4000	40.0000		119	881
4010	40.1000		110	890
4020	40.2000		120	880
4030	40.3000		128	872
4040	40.4000		131	869
4050	40.5000		132	868
4060	40.6000		126	874
4070	40.7000		109	891
4080	40.8000		132	868
4090	40.9000		129	871
4100	41.0000		141	859
4110	41.1000		119	881
4120	41.2000		123	877
4130	41.3000		116	884
4140	41.4000		134	866
4150	41.5000		128	872
4160	41.6000		145	855
4170	41.7000		124	876
4180	41.8000		137	863
4190	41.9000		137	863
4200	42.0000		127	873
4210	42.1000		126	874
4220	42.2000		122	878
4230	42.3000		130	870
4240	42.4000		130	870
4250	42.5000		125	875
4260	42.6000		130	870
4270	42.7000		139	861
4280	42.8000		122	878
4290	42.9000		112	888
4300	43.0000		113	887
4310	43.1000		123	877
4320	43.2000		118	882
4330	43.3000		117	883
4340	43.4000		119	881
4350	43.5000		115	885
4360	43.6000		125	875
4370	43.7000		150	850
4380	43.8000		126	874
4390	43.9000		136	864
4400	44.0000		119	881
4410	44.1000		134	866
4420	44.2000		109	891
4430	44.3000		126	874
4440	44.4000		138	862
4450	44.5000		136	864
4460	44.6000		119	881
4470	44.7000		114	886
4480	44.8000		116	884
4490	44.9000		119	881
4500	45.0000		125	875
4510	45.1000		122	878
4520	45.2000		133	867
4530	45.3000		136	864
4540	45.4000		125	875
4550	45.5000		114	886
4560	45.6000		144	856
4570	45.7000		133	867
4580	45.8000		134	866
4590	45.9000		141	859
4600	46.0000		129	871
4610	46.1000		127	873
4620	46.2000		122	878
4630	46.3000		131	869
4640	46.4000		139	861
4650	46.5000		138	862
4660	46.6000		132	868
4670	46.7000		123	877
4680	46.8000		122	878
4690	46.9000		112	888
4700	47.0000		118	882
4710	47.1000		117	883
4720	47.2000		107	893
4730	47.3000		124	876
4740	47.4000		124	876
4750	47.5000		119	881
4760	47.6000		118	882
4770	47.7000		118	882
4780	47.8000		116	884
4790	47.9000		133	867
4800	48.0000		131	869
4810	48.1000		131	869
4820	48.2000		135	865
4830	48.3000		131	869
4840	48.4000		139	861
4850	48.5000		117	883
4860	48.6000		135	865
4870	48.7000		121	879
4880	48.8000		132	868
4890	48.9000		124	876
4900	49.0000		125	875
4910	49.1000		139	861
4920	49.2000		140	860
4930	49.3000		125	875
4940	49.4000		128	872
4950	49.5000		132	868
4960	49.6000		139	861
4970	49.7000		126	874
4980	49.8000		130	870
4990	49.9000		112	888
5000	50.0000		119	881
5010	50.1000		109	891
5020	50.2000		96	904
5030	50.3000		103	897
5040	50.4000		120	880
5050	50.5000		119	881
5060	50.6000		114	886
5070	50.7000		120	880
5080	50.8000		124	876
5090	50.9000		126	874
5100	51.0000		119	881
5110	51.1000		117	883
5120	51.2000		110	890
5130	51.3000		108	892
5140	51.4000		103	897
5150	51.5000		91	909
5160	51.6000		110	890
5170	51.7000		122	878
5180	51.8000		118	882
5190	51.9000		127	873
5200	52.0000		125	875
5210	52.1000		128	872
5220	52.2000		116	884
5230	52.3000		130	870
5240	52.4000		119	881
5250	52.5000		114	886
5260	52.6000		121	879
5270	52.7000		131	869
5280	52.8000		135	865
5290	52.9000		127	873
5300	53.0000		120	880
5310	53.1000		131	869
5320	53.2000		125	875
5330	53.3000		113	887
5340	53.4000		110	890
5350	53.5000		102	898
5360	53.6000		106	894
5370	53.7000		109	891
5380	53.8000		115	885
5390	53.9000		131	869
5400	54.0000		130	870
5410	54.1000		128	872
5420	54.2000		135	865
5430	54.3000		140	860
5440	54.4000		133	867
5450	54.5000		123	877
5460	54.6000		119	881
5470	54.7000		124	876
5480	54.8000		113	887
5490	54.9000		118	882
5500	55.0000		129	871
5510	55.1000		119	881
5520	55.2000		139	861
5530	55.3000		107	893
5540	55.4000		117	883
5550	55.5000		118	882
5560	55.6000		132	868
5570	55.7000		138	862
5580	55.8000		133	867
5590	55.9000		133	867
5600	56.0000		127	873
5610	56.1000		95	905
5620	56.2000		95	905
5630	56.3000		123	877
5640	56.4000		117	883
5650	56.5000		141	859
5660	56.6000		137	863
5670	56.7000		145	855
5680	56.8000		144	856
5690	56.9000		141	859
5700	57.0000		132	868
5710	57.1000		123	877
5720	57.2000		125	875
5730	57.3000		143	857
5740	57.4000		144	856
5750	57.5000		142	858
5760	57.6000		126	874
5770	57.7000		120	880
5780	57.8000		108	892
5790	57.9000		133	867
5800	58.0000		132	868
5810	58.1000		122	878
5820	58.2000		136	864
5830	58.3000		113	887
5840	58.4000		118	882
5850	58.5000		124	876
5860	58.6000		117	883
5870	58.7000		124	876
5880	58.8000		126	874
5890	58.9000		141	859
5900	59.0000		144	856
5910	59.1000		139	861
5920	59.2000		136	864
5930	59.3000		127	873
5940	59.4000		89	911
5950	59.5000		103	897
5960	59.6000		113	887
5970	59.7000		116	884
5980	59.8000		112	888
5990	59.9000		91	909
6000	60.0000		123	877
6010	60.1000		127	873
6020	60.2000		117	883
6030	60.3000		111	889
6040	60.4000		122	878
6050	60.5000		118	882
6060	60.6000		110	890
6070	60.7000		115	885
6080	60.8000		122	878
6090	60.9000		128	872
6100	61.0000		125	875
6110	61.1000		108	892
6120	61.2000		117	883
6130	61.3000		123	877
6140	61.4000		102	898
6150	61.5000		96	904
6160	61.6000		108	892
6170	61.7000		118	882
6180	61.8000		120	880
6190	61.9000		113	887
6200	62.0000		122	878
6210	62.1000		123	877
6220	62.2000		133	867
6230	62.3000		126	874
6240	62.4000		132	868
6250	62.5000		126	874
6260	62.6000		125	875
6270	62.7000		121	879
6280	62.8000		108	892
6290	62.9000		116	884
6300	63.0000		115	885
6310	63.1000		118	882
6320	63.2000		130	870
6330	63.3000		113	887
6340	63.4000		102	898
6350	63.5000		112	888
6360	63.6000		122	878
6370	63.7000		131	869
6380	63.8000		123	877
6390	63.9000		124	876
6400	64.0000		115	885
6410	64.1000		124	876
6420	64.2000		122	878
6430	64.3000		122	878
6440	64.4000		147	853
6450	64.5000		132	868
6460	64.6000		127	873
6470	64.7000		144	856
6480	64.8000		131	869
6490	64.9000		114	886
6500	65.0000		112	888
6510	65.1000		110	890
6520	65.2000		103	897
6530	65.3000		103	897
6540	65.4000		114	886
6550	65.5000		103	897
6560	65.6000		116	884
6570	65.7000		112	888
6580	65.8000		122	878
6590	65.9000		128	872
6600	66.0000		114	886
6610	66.1000		111	889
6620	66.2000		127	873
6630	66.3000		142	858
6640	66.4000		138	862
6650	66.5000		129	871
6660	66.6000		134	866
6670	66.7000		137	863
6680	66.8000		135	865
6690	66.9000		124	876
6700	67.0000		124	876
6710	67.1000		131	869
6720	67.2000		118	882
6730	67.3000		113	887
6740	67.4000		112	888
6750	67.5000		119	881
6760	67.6000		134	866
6770	67.7000		113	887
6780	67.8000		113	887
6790	67.9000		128	872
6800	68.0000		148	852
6810	68.1000		133	867
6820	68.2000		135	865
6830	68.3000		127	873
6840	68.4000		131	869
6850	68.5000		117	883
6860	68.6000		135	865
6870	68.7000		145	855
6880	68.8000		126	874
6890	68.9000		121	879
6900	69.0000		138	862
6910	69.1000		131	869
6920	69.2000		118	882
6930	69.3000		122	878
6940	69.4000		130	870
6950	69.5000		126	874
6960	69.6000		126	874
6970	69.7000		141	859
6980	69.8000		151	849
6990	69.9000		128	872
7000	70.0000		125	875
7010	70.1000		119	881
7020	70.2000		131	869
7030	70.3000		129	871
7040	70.4000		110	890
7050	70.5000		115	885
7060	70.6000		120	880
7070	70.7000		122	878
7080	70.8000		125	875
7090	70.9000		115	885
7100	71.0000		109	891
7110	71.1000		113	887
7120	71.2000		118	882
7130	71.3000		111	889
7140	71.4000		115	885
7150	71.5000		123	877
7160	71.6000		105	895
7170	71.7000		116	884
7180	71.8000		123	877
7190	71.9000		113	887
7200	72.0000		125	875
7210	72.1000		121	879
7220	72.2000		121	879
7230	72.3000		118	882
7240	72.4000		125	875
7250	72.5000		121	879
7260	72.6000		118	882
7270	72.7000		140	860
7280	72.8000		138	862
7290	72.9000		137	863
7300	73.0000		122	878
7310	73.1000		110	890
7320	73.2000		110	890
7330	73.3000		97	903
7340	73.4000		98	902
7350	73.5000		115	885
7360	73.6000		120	880
7370	73.7000		121	879
7380	73.8000		113	887
7390	73.9000		118	882
7400	74.0000		119	881
7410	74.1000		124	876
7420	74.2000		116	884
7430	74.3000		117	883
7440	74.4000		112	888
7450	74.5000		112	888
7460	74.6000		116	884
7470	74.7000		115	885
7480	74.8000		108	892
7490	74.9000		109	891
7500	75.0000		102	898
7510	75.1000		114	886
7520	75.2000		116	884
7530	75.3000		117	883
7540	75.4000		105	895
7550	75.5000		105	895
7560	75.6000		118	882
7570	75.7000		117	883
7580	75.8000		117	883
7590	75.9000		110	890
7600	76.0000		114	886
7610	76.1000		111	889
7620	76.2000		120	880
7630	76.3000		130	870
7640	76.4000		134	866
7650	76.5000		144	856
7660	76.6000		155	845
7670	76.7000		127	873
7680	76.8000		127	873
7690	76.9000		112	888
7700	77.0000		119	881
7710	77.1000		130	870
7720	77.2000		133	867
7730	77.3000		121	879
7740	77.4000		138	862
7750	77.5000		136	864
7760	77.6000		126	874
7770	77.7000		120	880
7780	77.8000		106	894
7790	77.9000		116	884
7800	78.0000		110	890
7810	78.1000		129	871
7820	78.2000		110	890
7830	78.3000		136	864
7840	78.4000		133	867
7850	78.5000		134	866
7860	78.6000		126	874
7870	78.7000		128	872
7880	78.8000		121	879
7890	78.9000		112	888
7900	79.0000		117	883
7910	79.1000		127	873
7920	79.2000		119	881
7930	79.3000		108	892
7940	79.4000		105	895
7950	79.5000		94	906
7960	79.6000		96	904
7970	79.7000		119	881
7980	79.8000		121	879
7990	79.9000		107	893
8000	80.0000		124	876
8010	80.1000		129	871
8020	80.2000		130	870
8030	80.3000		128	872
8040	80.4000		121	879
8050	80.5000		122	878
8060	80.6000		121	879
8070	80.7000		117	883
8080	80.8000		122	878
8090	80.9000		134	866
8100	81.0000		136	864
8110	81.1000		118	882
8120	81.2000		120	880
8130	81.3000		128	872
8140	81.4000		130	870
8150	81.5000		138	862
8160	81.6000		141	859
8170	81.7000		126	874
8180	81.8000		134	866
8190	81.9000		120	880
8200	82.0000		116	884
8210	82.1000		106	894
8220	82.2000		128	872
8230	82.3000		114	886
8240	82.4000		122	878
8250	82.5000		111	889
8260	82.6000		116	884
8270	82.7000		131	869
8280	82.8000		125	875
8290	82.9000		103	897
8300	83.0000		115	885
8310	83.1000		132	868
8320	83.2000		120	880
8330	83.3000		113	887
8340	83.4000		117	883
8350	83.5000		127	873
8360	83.6000		123	877
8370	83.7000		122	878
8380	83.8000		113	887
8390	83.9000		113	887
8400	84.0000		109	891
8410	84.1000		119	881
8420	84.2000		118	882
8430	84.3000		117	883
8440	84.4000		125	875
8450	84.5000		123	877
8460	84.6000		111	889
8470	84.7000		101	899
8480	84.8000		107	893
8490	84.9000		132	868
8500	85.0000		121	879
8510	85.1000		117	883
8520	85.2000		126	874
8530	85.3000		129	871
8540	85.4000		138	862
8550	85.5000		162	838
8560	85.6000		147	853
8570	85.7000		124	876
8580	85.8000		128	872
8590	85.9000		119	881
8600	86.0000		113	887
8610	86.1000		125	875
8620	86.2000		127	873
8630	86.3000		134	866
8640	86.4000		136	864
8650	86.5000		157	843
8660	86.6000		144	856
8670	86.7000		123	877
8680	86.8000		97	903
8690	86.9000		108	892
8700	87.0000		115	885
8710	87.1000		126	874
8720	87.2000		123	877
8730	87.3000		111	889
8740	87.4000		118	882
8750	87.5000		110	890
8760	87.6000		115	885
8770	87.7000		121	879
8780	87.8000		101	899
8790	87.9000		108	892
8800	88.0000		129	871
8810	88.1000		120	880
8820	88.2000		127	873
8830	88.3000		118	882
8840	88.4000		133	867
8850	88.5000		117	883
8860	88.6000		124	876
8870	88.7000		118	882
8880	88.8000		114	886
8890	88.9000		110	890
8900	89.0000		130	870
8910	89.1000		130	870
8920	89.2000		149	851
8930	89.3000		153	847
8940	89.4000		145	855
8950	89.5000		136	864
8960	89.6000		121	879
8970	89.7000		118	882
8980	89.8000		122	878
8990	89.9000		121	879
9000	90.0000		130	870
9010	90.1000		137	863
9020	90.2000		119	881
9030	90.3000		138	862
9040	90.4000		132	868
9050	90.5000		142	858
9060	90.6000		118	882
9070	90.7000		120	880
9080	90.8000		95	905
9090	90.9000		105	895
9100	91.0000		115	885
9110	91.1000		125	875
9120	91.2000		110	890
9130	91.3000		109	891
9140	91.4000		116	884
9150	91.5000		117	883
9160	91.6000		127	873
9170	91.7000		125	875
9180	91.8000		118	882
9190	91.9000		132	868
9200	92.0000		116	884
9210	92.1000		130	870
9220	92.2000		128	872
9230	92.3000		150	850
9240	92.4000		149	851
9250	92.5000		159	841
9260	92.6000		172	828
9270	92.7000		125	875
9280	92.8000		135	865
9290	92.9000		138	862
9300	93.0000		138	862
9310	93.1000		136	864
9320	93.2000		136	864
9330	93.3000		134	866
9340	93.4000		125	875
9350	93.5000		133	867
9360	93.6000		135	865
9370	93.7000		134	866
9380	93.8000		123	877
9390	93.9000		110	890
9400	94.0000		125	875
9410	94.1000		132	868
9420	94.2000		128	872
9430	94.3000		115	885
9440	94.4000		111	889
9450	94.5000		117	883
9460	94.6000		121	879
9470	94.7000		122	878
9480	94.8000		138	862
9490	94.9000		130	870
9500	95.0000		120	880
9510	95.1000		100	900
9520	95.2000		117	883
9530	95.3000		126	874
9540	95.4000		118	882
9550	95.5000		124	876
9560	95.6000		128	872
9570	95.7000		129	871
9580	95.8000		96	904
9590	95.9000		101	899
9600	96.0000		100	900
9610	96.1000		120	880
9620	96.2000		123	877
9630	96.3000		133	867
9640	96.4000		113	887
9650	96.5000		112	888
9660	96.6000		127	873
9670	96.7000		139	861
9680	96.8000		127	873
9690	96.9000		124	876
9700	97.0000		131	869
9710	97.1000		117	883
9720	97.2000		124	876
9730	97.3000		120	880
9740	97.4000		110	890
9750	97.5000		108	892
9760	97.6000		120	880
9770	97.7000		113	887
9780	97.8000		109	891
9790	97.9000		96	904
9800	98.0000		105	895
9810	98.1000		122	878
9820	98.2000		129	871
9830	98.3000		131	869
9840	98.4000		124	876
9850	98.5000		125	875
9860	98.6000		127	873
9870	98.7000		123	877
9880	98.8000		127	873
9890	98.9000		131	869
9900	99.0000		141	859
9910	99.1000		147	853
9920	99.2000		137	863
9930	99.3000		142	858
9940	99.4000		118	882
9950	99.5000		129	871
9960	99.6000		112	888
9970	99.7000		112	888
9980	99.8000		111	889
9990	99.9000		111	889
10000	100.0000		110	890
# Simulation completed.
