# Creating system...
# System created with N=1000 particles

# Initial state:
# Susceptibles: 999, Infected: 1

# Starting simulation...
# Relz	Step	Time	sigma	R0
0	144	1.4400	2
1	341	3.4100	4
2	107	1.0700	3
3	78	0.7800	4
4	188	1.8800	4
5	339	3.3900	5
6	627	6.2700	12
7	162	1.6200	1
8	279	2.7900	4
9	649	6.4900	14
10	855	8.5500	14
11	571	5.7100	8
12	143	1.4300	3
13	213	2.1300	2
14	397	3.9700	5
15	65	0.6500	1
16	822	8.2200	7
17	418	4.1800	8
18	590	5.9000	15
19	151	1.5100	3
20	690	6.9000	12
21	506	5.0600	6
22	536	5.3600	3
23	205	2.0500	1
24	272	2.7200	3
25	375	3.7500	6
26	763	7.6300	10
27	549	5.4900	6
28	87	0.8700	1
29	24	0.2400	1
30	66	0.6600	1
31	466	4.6600	6
32	388	3.8800	7
33	152	1.5200	2
34	694	6.9400	11
35	381	3.8100	8
36	253	2.5300	5
37	561	5.6100	10
38	22	0.2200	1
39	306	3.0600	8
40	1176	11.7600	12
41	463	4.6300	11
42	195	1.9500	3
43	874	8.7400	12
44	176	1.7600	2
45	611	6.1100	12
46	75	0.7500	4
47	386	3.8600	7
48	1923	19.2300	24
49	209	2.0900	5
50	1185	11.8500	18
51	177	1.7700	4
52	183	1.8300	3
53	2053	20.5300	33
54	59	0.5900	2
55	69	0.6900	1
56	118	1.1800	1
57	399	3.9900	12
58	29	0.2900	2
59	1555	15.5500	29
60	290	2.9000	6
61	449	4.4900	6
62	178	1.7800	2
63	368	3.6800	4
64	463	4.6300	11
65	1573	15.7300	25
66	26	0.2600	1
67	130	1.3000	4
68	126	1.2600	2
69	477	4.7700	10
70	377	3.7700	6
71	1947	19.4700	20
72	715	7.1500	7
73	20	0.2000	1
74	157	1.5700	3
75	388	3.8800	6
76	84	0.8400	3
77	53	0.5300	1
78	606	6.0600	7
79	256	2.5600	8
80	7	0.0700	1
81	143	1.4300	2
82	1107	11.0700	11
83	1475	14.7500	24
84	270	2.7000	3
85	1255	12.5500	16
86	492	4.9200	7
87	277	2.7700	4
88	208	2.0800	2
89	201	2.0100	3
90	832	8.3200	11
91	394	3.9400	4
92	1721	17.2100	27
93	355	3.5500	3
94	1407	14.0700	17
95	226	2.2600	1
96	45	0.4500	1
97	1310	13.1000	26
98	497	4.9700	4
99	1	0.0100	1
100	320	3.2000	4
101	107	1.0700	1
102	490	4.9000	10
103	471	4.7100	5
104	258	2.5800	5
105	890	8.9000	13
106	619	6.1900	7
107	172	1.7200	2
108	608	6.0800	6
109	559	5.5900	8
110	868	8.6800	15
111	275	2.7500	6
112	195	1.9500	4
113	688	6.8800	13
114	122	1.2200	3
115	261	2.6100	2
116	447	4.4700	3
117	367	3.6700	7
118	103	1.0300	1
119	430	4.3000	4
120	77	0.7700	2
121	55	0.5500	2
122	338	3.3800	6
123	402	4.0200	9
124	31	0.3100	2
125	641	6.4100	9
126	636	6.3600	10
127	548	5.4800	11
128	168	1.6800	6
129	132	1.3200	2
130	242	2.4200	3
131	292	2.9200	4
132	94	0.9400	2
133	950	9.5000	10
134	42	0.4200	2
135	1659	16.5900	18
136	91	0.9100	1
137	318	3.1800	6
138	22	0.2200	1
139	385	3.8500	6
140	118	1.1800	2
141	95	0.9500	2
142	557	5.5700	7
143	245	2.4500	3
144	16	0.1600	2
145	301	3.0100	6
146	506	5.0600	5
147	73	0.7300	2
148	995	9.9500	15
149	679	6.7900	11
150	44	0.4400	1
151	9	0.0900	1
152	367	3.6700	7
153	213	2.1300	2
154	725	7.2500	11
155	397	3.9700	4
156	93	0.9300	1
157	510	5.1000	7
158	312	3.1200	4
159	139	1.3900	6
160	116	1.1600	2
161	149	1.4900	1
162	1233	12.3300	15
163	230	2.3000	3
164	3	0.0300	1
165	1698	16.9800	21
166	80	0.8000	4
167	233	2.3300	4
168	1743	17.4300	23
169	44	0.4400	1
170	580	5.8000	6
171	1941	19.4100	19
172	89	0.8900	2
173	161	1.6100	4
174	217	2.1700	2
175	894	8.9400	14
176	324	3.2400	11
177	142	1.4200	3
178	808	8.0800	15
179	213	2.1300	3
180	1703	17.0300	24
181	250	2.5000	3
182	865	8.6500	11
183	118	1.1800	4
184	495	4.9500	7
185	108	1.0800	1
186	400	4.0000	7
187	476	4.7600	4
188	529	5.2900	7
189	779	7.7900	9
190	240	2.4000	5
191	293	2.9300	2
192	674	6.7400	11
193	538	5.3800	12
194	351	3.5100	1
195	51	0.5100	3
196	889	8.8900	15
197	133	1.3300	3
198	327	3.2700	6
199	41	0.4100	1
200	906	9.0600	12
201	496	4.9600	10
202	292	2.9200	3
203	1025	10.2500	12
204	105	1.0500	1
205	341	3.4100	6
206	1874	18.7400	20
207	35	0.3500	1
208	1210	12.1000	17
209	1328	13.2800	14
210	143	1.4300	3
211	416	4.1600	7
212	151	1.5100	4
213	552	5.5200	6
214	248	2.4800	3
215	307	3.0700	4
216	157	1.5700	2
217	162	1.6200	3
218	35	0.3500	1
219	280	2.8000	6
220	264	2.6400	2
221	937	9.3700	11
222	500	5.0000	6
223	308	3.0800	7
224	628	6.2800	8
225	97	0.9700	3
226	344	3.4400	7
227	88	0.8800	4
228	383	3.8300	7
229	1117	11.1700	14
230	1137	11.3700	17
231	151	1.5100	1
232	24	0.2400	1
233	25	0.2500	1
234	370	3.7000	3
235	503	5.0300	9
236	127	1.2700	1
237	1134	11.3400	21
238	656	6.5600	7
239	1310	13.1000	21
240	595	5.9500	17
241	775	7.7500	4
242	200	2.0000	7
243	75	0.7500	2
244	107	1.0700	3
245	1416	14.1600	20
246	487	4.8700	7
247	676	6.7600	16
248	254	2.5400	6
249	2188	21.8800	29
250	284	2.8400	2
251	227	2.2700	8
252	918	9.1800	5
253	1080	10.8000	17
254	37	0.3700	3
255	2204	22.0400	29
256	206	2.0600	3
257	763	7.6300	7
258	687	6.8700	10
259	124	1.2400	6
260	494	4.9400	11
261	1129	11.2900	17
262	453	4.5300	5
263	16	0.1600	1
264	391	3.9100	6
265	335	3.3500	9
266	143	1.4300	3
267	719	7.1900	11
268	246	2.4600	4
269	68	0.6800	3
270	188	1.8800	1
271	13	0.1300	1
272	235	2.3500	6
273	1663	16.6300	27
274	292	2.9200	3
275	5	0.0500	1
276	142	1.4200	4
277	941	9.4100	12
278	416	4.1600	12
279	1806	18.0600	25
280	766	7.6600	10
281	163	1.6300	3
282	987	9.8700	13
283	789	7.8900	7
284	155	1.5500	4
285	619	6.1900	12
286	132	1.3200	1
287	937	9.3700	13
288	548	5.4800	8
289	128	1.2800	3
290	680	6.8000	6
291	125	1.2500	4
292	67	0.6700	1
293	319	3.1900	4
294	150	1.5000	2
295	24	0.2400	3
296	1590	15.9000	25
297	396	3.9600	9
298	1294	12.9400	18
299	133	1.3300	2
300	3470	34.7000	57
301	977	9.7700	14
302	14	0.1400	2
303	1422	14.2200	22
304	21	0.2100	1
305	796	7.9600	11
306	1289	12.8900	21
307	341	3.4100	7
308	90	0.9000	2
309	811	8.1100	8
310	79	0.7900	3
311	1166	11.6600	23
312	883	8.8300	11
313	1078	10.7800	15
314	955	9.5500	13
315	95	0.9500	1
316	188	1.8800	3
317	294	2.9400	8
318	682	6.8200	12
319	340	3.4000	5
320	357	3.5700	4
321	282	2.8200	9
322	253	2.5300	4
323	192	1.9200	5
324	65	0.6500	7
325	124	1.2400	1
326	1168	11.6800	21
327	442	4.4200	15
328	554	5.5400	4
329	1	0.0100	1
330	81	0.8100	1
331	310	3.1000	5
332	872	8.7200	9
333	474	4.7400	8
334	246	2.4600	5
335	61	0.6100	2
336	1409	14.0900	17
337	175	1.7500	2
338	79	0.7900	1
339	117	1.1700	1
340	686	6.8600	11
341	369	3.6900	5
342	359	3.5900	9
343	27	0.2700	2
344	35	0.3500	1
345	585	5.8500	10
346	18	0.1800	1
347	572	5.7200	8
348	1109	11.0900	11
349	21	0.2100	1
350	34	0.3400	1
351	419	4.1900	9
352	53	0.5300	1
353	194	1.9400	2
354	553	5.5300	9
355	81	0.8100	3
356	484	4.8400	5
357	321	3.2100	3
358	51	0.5100	1
359	73	0.7300	2
360	348	3.4800	5
361	97	0.9700	4
362	542	5.4200	8
363	186	1.8600	2
364	236	2.3600	5
365	450	4.5000	9
366	239	2.3900	2
367	296	2.9600	5
368	963	9.6300	17
369	82	0.8200	2
370	387	3.8700	2
371	717	7.1700	11
372	851	8.5100	18
373	1357	13.5700	17
374	104	1.0400	1
375	333	3.3300	2
376	13	0.1300	1
377	996	9.9600	11
378	247	2.4700	2
379	37	0.3700	2
380	1872	18.7200	27
381	21	0.2100	1
382	210	2.1000	6
383	666	6.6600	12
384	47	0.4700	2
385	1394	13.9400	23
386	126	1.2600	4
387	257	2.5700	2
388	417	4.1700	4
389	573	5.7300	6
390	116	1.1600	1
391	249	2.4900	3
392	793	7.9300	10
393	2071	20.7100	31
394	38	0.3800	2
395	334	3.3400	9
396	880	8.8000	13
397	1417	14.1700	17
398	2	0.0200	1
399	10	0.1000	1
400	1482	14.8200	15
401	29	0.2900	1
402	46	0.4600	1
403	955	9.5500	13
404	273	2.7300	7
405	537	5.3700	8
406	516	5.1600	6
407	1545	15.4500	23
408	142	1.4200	3
409	614	6.1400	7
410	515	5.1500	5
411	685	6.8500	10
412	749	7.4900	13
413	918	9.1800	11
414	744	7.4400	10
415	1443	14.4300	15
416	1988	19.8800	27
417	391	3.9100	5
418	7	0.0700	1
419	142	1.4200	3
420	85	0.8500	1
421	480	4.8000	7
422	621	6.2100	8
423	173	1.7300	3
424	1061	10.6100	14
425	497	4.9700	8
426	1	0.0100	1
427	65	0.6500	1
428	476	4.7600	6
429	279	2.7900	3
430	1207	12.0700	20
431	166	1.6600	1
432	903	9.0300	13
433	264	2.6400	4
434	303	3.0300	5
435	12	0.1200	1
436	242	2.4200	2
437	137	1.3700	2
438	105	1.0500	1
439	622	6.2200	6
440	304	3.0400	4
441	678	6.7800	10
442	2254	22.5400	29
443	1802	18.0200	22
444	177	1.7700	3
445	977	9.7700	10
446	190	1.9000	3
447	1894	18.9400	27
448	99	0.9900	4
449	774	7.7400	12
450	22	0.2200	1
451	307	3.0700	5
452	282	2.8200	2
453	791	7.9100	5
454	146	1.4600	1
455	393	3.9300	4
456	143	1.4300	3
457	68	0.6800	1
458	63	0.6300	1
459	497	4.9700	8
460	291	2.9100	3
461	524	5.2400	8
462	78	0.7800	2
463	1035	10.3500	12
464	304	3.0400	6
465	110	1.1000	2
466	2	0.0200	1
467	192	1.9200	7
468	186	1.8600	5
469	1068	10.6800	8
470	167	1.6700	2
471	163	1.6300	3
472	283	2.8300	5
473	287	2.8700	3
474	166	1.6600	8
475	588	5.8800	6
476	1526	15.2600	19
477	506	5.0600	4
478	640	6.4000	7
479	263	2.6300	3
480	102	1.0200	4
481	34	0.3400	1
482	720	7.2000	13
483	60	0.6000	1
484	123	1.2300	3
485	1557	15.5700	17
486	332	3.3200	3
487	252	2.5200	2
488	137	1.3700	3
489	864	8.6400	13
490	6	0.0600	1
491	1071	10.7100	22
492	757	7.5700	8
493	368	3.6800	14
494	1203	12.0300	18
495	234	2.3400	1
496	504	5.0400	7
497	130	1.3000	2
498	498	4.9800	5
499	242	2.4200	5
500	163	1.6300	5
501	179	1.7900	1
502	697	6.9700	14
503	25	0.2500	2
504	344	3.4400	5
505	443	4.4300	11
506	1251	12.5100	19
507	305	3.0500	2
508	2231	22.3100	31
509	474	4.7400	6
510	47	0.4700	2
511	128	1.2800	5
512	274	2.7400	9
513	499	4.9900	5
514	1301	13.0100	17
515	1006	10.0600	10
516	1010	10.1000	14
517	21	0.2100	1
518	664	6.6400	6
519	209	2.0900	3
520	1518	15.1800	18
521	1171	11.7100	15
522	410	4.1000	6
523	906	9.0600	15
524	23	0.2300	2
525	613	6.1300	5
526	22	0.2200	2
527	796	7.9600	15
528	395	3.9500	11
529	629	6.2900	8
530	680	6.8000	11
531	661	6.6100	16
532	556	5.5600	6
533	59	0.5900	1
534	355	3.5500	9
535	261	2.6100	6
536	449	4.4900	7
537	597	5.9700	13
538	740	7.4000	12
539	322	3.2200	5
540	496	4.9600	5
541	21	0.2100	1
542	394	3.9400	3
543	21	0.2100	1
544	597	5.9700	8
545	771	7.7100	11
546	283	2.8300	4
547	716	7.1600	8
548	647	6.4700	10
549	68	0.6800	1
550	198	1.9800	2
551	1726	17.2600	19
552	512	5.1200	5
553	132	1.3200	2
554	1081	10.8100	13
555	2333	23.3300	41
556	523	5.2300	8
557	141	1.4100	4
558	90	0.9000	3
559	337	3.3700	6
560	43	0.4300	1
561	238	2.3800	5
562	949	9.4900	10
563	249	2.4900	4
564	227	2.2700	3
565	516	5.1600	6
566	620	6.2000	6
567	1001	10.0100	14
568	349	3.4900	7
569	182	1.8200	4
570	550	5.5000	5
571	31	0.3100	1
572	376	3.7600	6
573	174	1.7400	4
574	131	1.3100	2
575	134	1.3400	3
576	504	5.0400	10
577	136	1.3600	1
578	652	6.5200	10
579	427	4.2700	8
580	437	4.3700	9
581	146	1.4600	4
582	54	0.5400	2
583	102	1.0200	1
584	92	0.9200	1
585	185	1.8500	6
586	820	8.2000	15
587	409	4.0900	6
588	721	7.2100	11
589	387	3.8700	6
590	239	2.3900	2
591	388	3.8800	4
592	129	1.2900	2
593	329	3.2900	3
594	156	1.5600	2
595	1060	10.6000	13
596	3	0.0300	1
597	961	9.6100	16
598	1175	11.7500	18
599	143	1.4300	1
600	467	4.6700	8
601	132	1.3200	2
602	506	5.0600	11
603	453	4.5300	9
604	559	5.5900	10
605	209	2.0900	2
606	572	5.7200	13
607	627	6.2700	6
608	147	1.4700	3
609	1558	15.5800	14
610	900	9.0000	10
611	38	0.3800	1
612	514	5.1400	9
613	255	2.5500	5
614	111	1.1100	3
615	25	0.2500	1
616	257	2.5700	11
617	361	3.6100	8
618	1886	18.8600	23
619	300	3.0000	3
620	416	4.1600	6
621	1975	19.7500	22
622	210	2.1000	3
623	261	2.6100	10
624	57	0.5700	1
625	48	0.4800	2
626	1776	17.7600	27
627	163	1.6300	5
628	254	2.5400	3
629	114	1.1400	2
630	893	8.9300	12
631	459	4.5900	11
632	389	3.8900	4
633	220	2.2000	6
634	387	3.8700	8
635	65	0.6500	1
636	82	0.8200	2
637	363	3.6300	6
638	441	4.4100	8
639	1269	12.6900	11
640	372	3.7200	9
641	395	3.9500	8
642	356	3.5600	4
643	79	0.7900	4
644	317	3.1700	3
645	128	1.2800	4
646	94	0.9400	4
647	638	6.3800	10
648	938	9.3800	12
649	330	3.3000	4
650	676	6.7600	11
651	816	8.1600	14
652	658	6.5800	6
653	403	4.0300	4
654	147	1.4700	5
655	46	0.4600	3
656	163	1.6300	5
657	107	1.0700	2
658	23	0.2300	1
659	50	0.5000	1
660	280	2.8000	4
661	204	2.0400	3
662	340	3.4000	8
663	253	2.5300	6
664	24	0.2400	1
665	467	4.6700	8
666	1101	11.0100	18
667	545	5.4500	8
668	163	1.6300	5
669	694	6.9400	12
670	1045	10.4500	14
671	3568	35.6800	52
672	391	3.9100	5
673	465	4.6500	6
674	636	6.3600	8
675	465	4.6500	7
676	18	0.1800	1
677	645	6.4500	8
678	160	1.6000	3
679	415	4.1500	4
680	753	7.5300	9
681	85	0.8500	1
682	149	1.4900	3
683	624	6.2400	10
684	111	1.1100	2
685	1743	17.4300	18
686	126	1.2600	3
687	594	5.9400	8
688	1690	16.9000	18
689	19	0.1900	1
690	412	4.1200	4
691	403	4.0300	5
692	20	0.2000	1
693	511	5.1100	6
694	580	5.8000	8
695	930	9.3000	11
696	362	3.6200	3
697	521	5.2100	11
698	300	3.0000	4
699	64	0.6400	3
700	362	3.6200	8
701	594	5.9400	6
702	208	2.0800	2
703	93	0.9300	1
704	111	1.1100	1
705	99	0.9900	2
706	257	2.5700	4
707	792	7.9200	9
708	471	4.7100	10
709	191	1.9100	3
710	480	4.8000	6
711	29	0.2900	1
712	454	4.5400	8
713	369	3.6900	7
714	212	2.1200	2
715	102	1.0200	5
716	431	4.3100	3
717	55	0.5500	1
718	448	4.4800	4
719	808	8.0800	7
720	115	1.1500	5
721	700	7.0000	10
722	10	0.1000	1
723	100	1.0000	2
724	81	0.8100	2
725	210	2.1000	3
726	651	6.5100	13
727	33	0.3300	1
728	272	2.7200	5
729	3	0.0300	1
730	323	3.2300	3
731	310	3.1000	6
732	941	9.4100	10
733	5	0.0500	1
734	90	0.9000	4
735	301	3.0100	4
736	969	9.6900	15
737	16	0.1600	1
738	1	0.0100	1
739	605	6.0500	10
740	715	7.1500	11
741	293	2.9300	3
742	277	2.7700	2
743	1646	16.4600	31
744	181	1.8100	5
745	1707	17.0700	25
746	209	2.0900	5
747	293	2.9300	9
748	95	0.9500	3
749	177	1.7700	4
750	772	7.7200	10
751	88	0.8800	2
752	126	1.2600	1
753	563	5.6300	8
754	1200	12.0000	16
755	739	7.3900	10
756	585	5.8500	15
757	325	3.2500	6
758	382	3.8200	5
759	1235	12.3500	16
760	1367	13.6700	17
761	62	0.6200	1
762	1154	11.5400	20
763	80	0.8000	5
764	368	3.6800	5
765	40	0.4000	2
766	277	2.7700	4
767	771	7.7100	10
768	2411	24.1100	31
769	681	6.8100	6
770	110	1.1000	3
771	321	3.2100	1
772	251	2.5100	3
773	895	8.9500	9
774	228	2.2800	3
775	548	5.4800	7
776	514	5.1400	7
777	259	2.5900	8
778	52	0.5200	1
779	681	6.8100	11
780	348	3.4800	5
781	588	5.8800	7
782	598	5.9800	6
783	864	8.6400	12
784	353	3.5300	4
785	50	0.5000	1
786	782	7.8200	11
787	62	0.6200	1
788	976	9.7600	15
789	1031	10.3100	17
790	1168	11.6800	19
791	49	0.4900	2
792	228	2.2800	3
793	1263	12.6300	15
794	92	0.9200	1
795	31	0.3100	1
796	653	6.5300	10
797	694	6.9400	12
798	258	2.5800	3
799	229	2.2900	3
800	284	2.8400	5
801	365	3.6500	6
802	128	1.2800	2
803	425	4.2500	8
804	100	1.0000	3
805	795	7.9500	14
806	402	4.0200	5
807	264	2.6400	5
808	671	6.7100	13
809	236	2.3600	4
810	21	0.2100	2
811	1	0.0100	1
812	124	1.2400	2
813	78	0.7800	3
814	1406	14.0600	17
815	77	0.7700	2
816	49	0.4900	1
817	170	1.7000	5
818	35	0.3500	1
819	688	6.8800	17
820	186	1.8600	3
821	44	0.4400	3
822	494	4.9400	5
823	374	3.7400	4
824	143	1.4300	2
825	55	0.5500	1
826	32	0.3200	1
827	33	0.3300	1
828	685	6.8500	4
829	1041	10.4100	14
830	974	9.7400	10
831	303	3.0300	5
832	701	7.0100	12
833	1317	13.1700	18
834	757	7.5700	10
835	866	8.6600	13
836	488	4.8800	4
837	329	3.2900	5
838	142	1.4200	1
839	145	1.4500	1
840	853	8.5300	9
841	357	3.5700	3
842	634	6.3400	10
843	54	0.5400	2
844	616	6.1600	3
845	660	6.6000	12
846	471	4.7100	10
847	535	5.3500	8
848	144	1.4400	4
849	149	1.4900	2
850	608	6.0800	15
851	441	4.4100	4
852	592	5.9200	7
853	272	2.7200	4
854	349	3.4900	7
855	1582	15.8200	17
856	101	1.0100	2
857	541	5.4100	6
858	530	5.3000	10
859	447	4.4700	6
860	428	4.2800	8
861	362	3.6200	2
862	351	3.5100	6
863	94	0.9400	2
864	530	5.3000	11
865	325	3.2500	5
866	70	0.7000	2
867	104	1.0400	2
868	324	3.2400	2
869	2236	22.3600	26
870	48	0.4800	2
871	866	8.6600	8
872	127	1.2700	1
873	27	0.2700	2
874	92	0.9200	3
875	89	0.8900	1
876	652	6.5200	5
877	409	4.0900	9
878	810	8.1000	10
879	762	7.6200	14
880	538	5.3800	13
881	392	3.9200	5
882	304	3.0400	6
883	358	3.5800	8
884	51	0.5100	1
885	228	2.2800	5
886	676	6.7600	18
887	284	2.8400	6
888	1142	11.4200	17
889	430	4.3000	5
890	1476	14.7600	17
891	77	0.7700	5
892	176	1.7600	6
893	83	0.8300	1
894	165	1.6500	4
895	140	1.4000	4
896	1366	13.6600	13
897	164	1.6400	6
898	665	6.6500	7
899	337	3.3700	3
900	145	1.4500	2
901	236	2.3600	2
902	660	6.6000	10
903	531	5.3100	4
904	608	6.0800	6
905	55	0.5500	1
906	226	2.2600	3
907	28	0.2800	1
908	814	8.1400	14
909	1361	13.6100	17
910	122	1.2200	1
911	3014	30.1400	39
912	101	1.0100	2
913	50	0.5000	1
914	82	0.8200	2
915	2539	25.3900	29
916	658	6.5800	6
917	771	7.7100	14
918	593	5.9300	13
919	3014	30.1400	33
920	152	1.5200	3
921	174	1.7400	3
922	202	2.0200	6
923	767	7.6700	6
924	156	1.5600	4
925	10	0.1000	1
926	706	7.0600	9
927	788	7.8800	10
928	15	0.1500	1
929	375	3.7500	3
930	111	1.1100	2
931	522	5.2200	9
932	1299	12.9900	15
933	383	3.8300	3
934	879	8.7900	7
935	79	0.7900	3
936	234	2.3400	2
937	249	2.4900	5
938	79	0.7900	3
939	357	3.5700	3
940	1027	10.2700	14
941	1192	11.9200	12
942	508	5.0800	3
943	1312	13.1200	14
944	170	1.7000	3
945	626	6.2600	12
946	502	5.0200	11
947	303	3.0300	10
948	1027	10.2700	17
949	221	2.2100	3
950	282	2.8200	6
951	447	4.4700	13
952	90	0.9000	4
953	1213	12.1300	11
954	1262	12.6200	18
955	627	6.2700	11
956	738	7.3800	13
957	17	0.1700	1
958	1157	11.5700	16
959	8	0.0800	1
960	1210	12.1000	17
961	407	4.0700	6
962	423	4.2300	4
963	422	4.2200	2
964	464	4.6400	10
965	147	1.4700	5
966	613	6.1300	11
967	398	3.9800	5
968	612	6.1200	8
969	750	7.5000	9
970	1384	13.8400	17
971	49	0.4900	2
972	448	4.4800	9
973	601	6.0100	6
974	1445	14.4500	30
975	193	1.9300	3
976	240	2.4000	6
977	511	5.1100	3
978	182	1.8200	3
979	1475	14.7500	29
980	374	3.7400	8
981	83	0.8300	2
982	796	7.9600	12
983	518	5.1800	5
984	818	8.1800	13
985	74	0.7400	1
986	234	2.3400	3
987	80	0.8000	1
988	278	2.7800	3
989	58	0.5800	2
990	635	6.3500	9
991	713	7.1300	10
992	387	3.8700	4
993	624	6.2400	8
994	823	8.2300	9
995	219	2.1900	4
996	661	6.6100	12
997	814	8.1400	11
998	587	5.8700	17
999	963	9.6300	18
# Simulation completed.
