# Creating system...
# System created with N=1000 particles

# Initial state:
# Susceptibles: 999, Infected: 1

# Starting simulation...
# Relz	Step	Time	sigma	R0
0	50	0.5000	2
1	597	5.9700	23
2	245	2.4500	12
3	11	0.1100	1
4	294	2.9400	8
5	3	0.0300	1
6	51	0.5100	4
7	773	7.7300	12
8	189	1.8900	8
9	212	2.1200	5
10	173	1.7300	10
11	86	0.8600	5
12	30	0.3000	1
13	523	5.2300	10
14	382	3.8200	13
15	190	1.9000	7
16	358	3.5800	13
17	681	6.8100	24
18	448	4.4800	14
19	332	3.3200	8
20	79	0.7900	4
21	436	4.3600	15
22	2	0.0200	2
23	274	2.7400	13
24	22	0.2200	2
25	1025	10.2500	27
26	38	0.3800	1
27	767	7.6700	22
28	236	2.3600	12
29	30	0.3000	1
30	63	0.6300	3
31	152	1.5200	7
32	631	6.3100	18
33	129	1.2900	6
34	98	0.9800	7
35	160	1.6000	8
36	87	0.8700	5
37	1	0.0100	1
38	282	2.8200	9
39	91	0.9100	7
40	34	0.3400	1
41	641	6.4100	16
42	592	5.9200	12
43	293	2.9300	14
44	92	0.9200	2
45	58	0.5800	3
46	243	2.4300	14
47	258	2.5800	15
48	24	0.2400	3
49	224	2.2400	6
50	161	1.6100	10
51	523	5.2300	15
52	230	2.3000	6
53	73	0.7300	3
54	236	2.3600	10
55	368	3.6800	13
56	436	4.3600	18
57	138	1.3800	8
58	237	2.3700	8
59	454	4.5400	10
60	16	0.1600	1
61	728	7.2800	15
62	64	0.6400	5
63	12	0.1200	1
64	33	0.3300	1
65	104	1.0400	7
66	68	0.6800	1
67	136	1.3600	4
68	243	2.4300	8
69	79	0.7900	4
70	596	5.9600	20
71	60	0.6000	3
72	628	6.2800	12
73	71	0.7100	2
74	293	2.9300	13
75	33	0.3300	2
76	35	0.3500	2
77	73	0.7300	7
78	168	1.6800	7
79	397	3.9700	13
80	408	4.0800	12
81	143	1.4300	5
82	76	0.7600	3
83	292	2.9200	11
84	250	2.5000	8
85	20	0.2000	1
86	79	0.7900	2
87	414	4.1400	15
88	90	0.9000	2
89	64	0.6400	2
90	208	2.0800	8
91	203	2.0300	5
92	244	2.4400	9
93	587	5.8700	12
94	72	0.7200	3
95	151	1.5100	7
96	283	2.8300	15
97	406	4.0600	23
98	309	3.0900	12
99	36	0.3600	1
100	593	5.9300	14
101	378	3.7800	12
102	355	3.5500	16
103	809	8.0900	17
104	718	7.1800	17
105	319	3.1900	8
106	760	7.6000	23
107	6	0.0600	1
108	353	3.5300	10
109	60	0.6000	2
110	28	0.2800	2
111	193	1.9300	7
112	179	1.7900	7
113	138	1.3800	10
114	132	1.3200	6
115	130	1.3000	7
116	325	3.2500	12
117	171	1.7100	8
118	37	0.3700	1
119	23	0.2300	1
120	59	0.5900	2
121	262	2.6200	12
122	393	3.9300	12
123	365	3.6500	14
124	455	4.5500	14
125	721	7.2100	26
126	74	0.7400	2
127	372	3.7200	10
128	205	2.0500	11
129	166	1.6600	7
130	252	2.5200	9
131	739	7.3900	22
132	97	0.9700	5
133	89	0.8900	3
134	508	5.0800	10
135	298	2.9800	10
136	783	7.8300	22
137	168	1.6800	3
138	33	0.3300	6
139	867	8.6700	19
140	64	0.6400	2
141	549	5.4900	15
142	73	0.7300	5
143	541	5.4100	21
144	269	2.6900	9
145	65	0.6500	1
146	330	3.3000	15
147	356	3.5600	15
148	47	0.4700	3
149	187	1.8700	10
150	104	1.0400	6
151	478	4.7800	14
152	38	0.3800	1
153	465	4.6500	17
154	188	1.8800	9
155	196	1.9600	4
156	94	0.9400	7
157	137	1.3700	7
158	341	3.4100	19
159	577	5.7700	21
160	85	0.8500	4
161	776	7.7600	20
162	515	5.1500	10
163	724	7.2400	21
164	369	3.6900	10
165	489	4.8900	16
166	177	1.7700	3
167	1055	10.5500	30
168	188	1.8800	11
169	963	9.6300	18
170	585	5.8500	18
171	20	0.2000	1
172	358	3.5800	16
173	141	1.4100	5
174	52	0.5200	2
175	144	1.4400	6
176	943	9.4300	22
177	57	0.5700	3
178	435	4.3500	19
179	608	6.0800	14
180	185	1.8500	7
181	74	0.7400	1
182	316	3.1600	8
183	91	0.9100	5
184	1071	10.7100	18
185	937	9.3700	22
186	114	1.1400	3
187	24	0.2400	2
188	260	2.6000	5
189	21	0.2100	2
190	179	1.7900	5
191	35	0.3500	1
192	488	4.8800	13
193	179	1.7900	10
194	64	0.6400	2
195	241	2.4100	11
196	73	0.7300	2
197	294	2.9400	13
198	254	2.5400	7
199	264	2.6400	8
200	239	2.3900	13
201	92	0.9200	6
202	383	3.8300	12
203	58	0.5800	3
204	26	0.2600	1
205	131	1.3100	6
206	11	0.1100	1
207	180	1.8000	6
208	151	1.5100	5
209	29	0.2900	2
210	561	5.6100	21
211	24	0.2400	2
212	245	2.4500	15
213	80	0.8000	2
214	141	1.4100	6
215	1195	11.9500	24
216	328	3.2800	12
217	85	0.8500	3
218	3	0.0300	1
219	58	0.5800	2
220	191	1.9100	10
221	20	0.2000	2
222	857	8.5700	20
223	392	3.9200	9
224	246	2.4600	9
225	279	2.7900	9
226	8	0.0800	2
227	106	1.0600	5
228	73	0.7300	2
229	320	3.2000	14
230	60	0.6000	5
231	165	1.6500	5
232	135	1.3500	7
233	165	1.6500	5
234	334	3.3400	9
235	63	0.6300	4
236	781	7.8100	19
237	481	4.8100	19
238	79	0.7900	4
239	118	1.1800	4
240	249	2.4900	4
241	41	0.4100	4
242	316	3.1600	8
243	4	0.0400	2
244	36	0.3600	2
245	378	3.7800	11
246	62	0.6200	6
247	244	2.4400	13
248	149	1.4900	7
249	863	8.6300	18
250	416	4.1600	13
251	1328	13.2800	24
252	245	2.4500	8
253	929	9.2900	25
254	199	1.9900	8
255	991	9.9100	22
256	503	5.0300	16
257	122	1.2200	5
258	615	6.1500	14
259	83	0.8300	3
260	1240	12.4000	29
261	570	5.7000	20
262	100	1.0000	3
263	63	0.6300	6
264	151	1.5100	10
265	129	1.2900	5
266	94	0.9400	7
267	10	0.1000	1
268	378	3.7800	13
269	134	1.3400	6
270	192	1.9200	6
271	1461	14.6100	27
272	1563	15.6300	21
273	93	0.9300	4
274	49	0.4900	3
275	334	3.3400	11
276	964	9.6400	27
277	171	1.7100	4
278	254	2.5400	14
279	146	1.4600	6
280	103	1.0300	7
281	742	7.4200	25
282	426	4.2600	9
283	158	1.5800	6
284	1712	17.1200	29
285	115	1.1500	5
286	14	0.1400	1
287	114	1.1400	6
288	536	5.3600	13
289	27	0.2700	3
290	35	0.3500	2
291	221	2.2100	5
292	765	7.6500	22
293	278	2.7800	8
294	557	5.5700	17
295	356	3.5600	11
296	1353	13.5300	31
297	832	8.3200	21
298	209	2.0900	9
299	795	7.9500	26
300	938	9.3800	19
301	1523	15.2300	21
302	784	7.8400	23
303	16	0.1600	1
304	86	0.8600	5
305	360	3.6000	9
306	843	8.4300	13
307	1131	11.3100	18
308	132	1.3200	3
309	435	4.3500	8
310	655	6.5500	19
311	363	3.6300	14
312	691	6.9100	21
313	52	0.5200	2
314	1226	12.2600	29
315	147	1.4700	8
316	31	0.3100	3
317	172	1.7200	10
318	80	0.8000	2
319	70	0.7000	4
320	88	0.8800	5
321	67	0.6700	2
322	35	0.3500	3
323	624	6.2400	12
324	130	1.3000	8
325	41	0.4100	4
326	54	0.5400	2
327	64	0.6400	2
328	46	0.4600	2
329	362	3.6200	5
330	875	8.7500	23
331	966	9.6600	26
332	518	5.1800	17
333	459	4.5900	8
334	468	4.6800	14
335	234	2.3400	6
336	151	1.5100	4
337	348	3.4800	6
338	1	0.0100	1
339	145	1.4500	4
340	247	2.4700	7
341	71	0.7100	6
342	237	2.3700	9
343	107	1.0700	5
344	490	4.9000	13
345	117	1.1700	5
346	158	1.5800	7
347	241	2.4100	9
348	283	2.8300	9
349	21	0.2100	1
350	236	2.3600	7
351	27	0.2700	1
352	79	0.7900	2
353	745	7.4500	14
354	70	0.7000	3
355	83	0.8300	1
356	449	4.4900	16
357	567	5.6700	20
358	318	3.1800	16
359	22	0.2200	1
360	428	4.2800	14
361	1208	12.0800	25
362	146	1.4600	4
363	62	0.6200	1
364	1160	11.6000	30
365	411	4.1100	18
366	277	2.7700	9
367	281	2.8100	1
368	2392	23.9200	24
369	154	1.5400	8
370	534	5.3400	13
371	423	4.2300	10
372	272	2.7200	13
373	17	0.1700	2
374	1084	10.8400	33
375	263	2.6300	7
376	323	3.2300	5
377	40	0.4000	1
378	612	6.1200	13
379	213	2.1300	7
380	70	0.7000	2
381	264	2.6400	9
382	37	0.3700	3
383	155	1.5500	3
384	149	1.4900	8
385	19	0.1900	2
386	584	5.8400	15
387	1280	12.8000	24
388	226	2.2600	12
389	438	4.3800	13
390	313	3.1300	8
391	144	1.4400	8
392	210	2.1000	12
393	532	5.3200	17
394	369	3.6900	9
395	114	1.1400	2
396	256	2.5600	6
397	839	8.3900	17
398	260	2.6000	7
399	120	1.2000	10
400	124	1.2400	4
401	367	3.6700	12
402	428	4.2800	10
403	137	1.3700	4
404	308	3.0800	9
405	266	2.6600	9
406	201	2.0100	6
407	224	2.2400	5
408	193	1.9300	11
409	284	2.8400	11
410	56	0.5600	4
411	809	8.0900	12
412	203	2.0300	8
413	106	1.0600	5
414	38	0.3800	1
415	351	3.5100	12
416	276	2.7600	5
417	233	2.3300	6
418	107	1.0700	2
419	172	1.7200	5
420	48	0.4800	3
421	35	0.3500	3
422	7	0.0700	1
423	350	3.5000	11
424	43	0.4300	3
425	750	7.5000	15
426	700	7.0000	13
427	371	3.7100	23
428	938	9.3800	19
429	69	0.6900	3
430	32	0.3200	2
431	445	4.4500	12
432	185	1.8500	8
433	252	2.5200	11
434	127	1.2700	5
435	79	0.7900	3
436	295	2.9500	8
437	243	2.4300	10
438	528	5.2800	10
439	200	2.0000	14
440	33	0.3300	1
441	97	0.9700	7
442	100	1.0000	5
443	339	3.3900	9
444	458	4.5800	13
445	282	2.8200	11
446	553	5.5300	23
447	434	4.3400	16
448	1066	10.6600	25
449	116	1.1600	6
450	851	8.5100	18
451	26	0.2600	1
452	625	6.2500	16
453	9	0.0900	1
454	495	4.9500	14
455	653	6.5300	14
456	108	1.0800	6
457	374	3.7400	9
458	502	5.0200	16
459	71	0.7100	1
460	93	0.9300	5
461	203	2.0300	4
462	287	2.8700	13
463	81	0.8100	4
464	30	0.3000	2
465	6	0.0600	2
466	545	5.4500	13
467	279	2.7900	11
468	150	1.5000	6
469	277	2.7700	6
470	187	1.8700	8
471	140	1.4000	1
472	86	0.8600	3
473	1049	10.4900	14
474	293	2.9300	14
475	747	7.4700	22
476	654	6.5400	13
477	199	1.9900	7
478	863	8.6300	26
479	178	1.7800	6
480	64	0.6400	1
481	232	2.3200	8
482	325	3.2500	9
483	83	0.8300	5
484	765	7.6500	15
485	224	2.2400	5
486	275	2.7500	11
487	1662	16.6200	27
488	212	2.1200	10
489	406	4.0600	13
490	140	1.4000	8
491	346	3.4600	15
492	691	6.9100	22
493	212	2.1200	11
494	587	5.8700	15
495	37	0.3700	3
496	93	0.9300	3
497	379	3.7900	10
498	885	8.8500	21
499	446	4.4600	11
500	616	6.1600	14
501	45	0.4500	1
502	151	1.5100	7
503	128	1.2800	3
504	148	1.4800	4
505	17	0.1700	1
506	241	2.4100	11
507	10	0.1000	1
508	32	0.3200	1
509	162	1.6200	5
510	105	1.0500	3
511	315	3.1500	12
512	102	1.0200	2
513	435	4.3500	13
514	305	3.0500	9
515	378	3.7800	11
516	770	7.7000	19
517	110	1.1000	6
518	200	2.0000	9
519	32	0.3200	2
520	1274	12.7400	22
521	372	3.7200	7
522	372	3.7200	15
523	831	8.3100	15
524	963	9.6300	21
525	347	3.4700	7
526	66	0.6600	4
527	423	4.2300	14
528	83	0.8300	7
529	282	2.8200	8
530	81	0.8100	4
531	851	8.5100	21
532	126	1.2600	3
533	374	3.7400	13
534	26	0.2600	2
535	347	3.4700	10
536	21	0.2100	2
537	30	0.3000	2
538	125	1.2500	10
539	787	7.8700	14
540	392	3.9200	11
541	292	2.9200	7
542	1005	10.0500	22
543	216	2.1600	8
544	232	2.3200	5
545	716	7.1600	14
546	362	3.6200	11
547	397	3.9700	12
548	446	4.4600	11
549	181	1.8100	6
550	356	3.5600	12
551	299	2.9900	10
552	771	7.7100	23
553	175	1.7500	4
554	267	2.6700	5
555	65	0.6500	3
556	159	1.5900	7
557	471	4.7100	15
558	1114	11.1400	21
559	262	2.6200	13
560	729	7.2900	17
561	920	9.2000	23
562	36	0.3600	3
563	399	3.9900	14
564	360	3.6000	14
565	66	0.6600	3
566	47	0.4700	4
567	495	4.9500	16
568	442	4.4200	14
569	464	4.6400	10
570	109	1.0900	6
571	131	1.3100	6
572	417	4.1700	7
573	388	3.8800	12
574	91	0.9100	3
575	114	1.1400	4
576	22	0.2200	1
577	161	1.6100	4
578	379	3.7900	11
579	271	2.7100	15
580	923	9.2300	17
581	419	4.1900	14
582	1049	10.4900	22
583	114	1.1400	5
584	210	2.1000	5
585	148	1.4800	2
586	203	2.0300	6
587	125	1.2500	8
588	715	7.1500	19
589	5	0.0500	1
590	19	0.1900	1
591	4	0.0400	1
592	608	6.0800	13
593	21	0.2100	1
594	169	1.6900	7
595	244	2.4400	9
596	133	1.3300	4
597	1127	11.2700	23
598	939	9.3900	18
599	282	2.8200	8
600	18	0.1800	1
601	377	3.7700	10
602	430	4.3000	11
603	125	1.2500	4
604	351	3.5100	13
605	243	2.4300	7
606	251	2.5100	6
607	907	9.0700	21
608	178	1.7800	9
609	230	2.3000	16
610	17	0.1700	1
611	397	3.9700	12
612	77	0.7700	3
613	239	2.3900	9
614	1655	16.5500	31
615	173	1.7300	6
616	756	7.5600	17
617	75	0.7500	4
618	38	0.3800	1
619	77	0.7700	2
620	74	0.7400	6
621	102	1.0200	5
622	103	1.0300	5
623	276	2.7600	8
624	121	1.2100	4
625	309	3.0900	14
626	336	3.3600	15
627	1342	13.4200	24
628	217	2.1700	6
629	35	0.3500	1
630	287	2.8700	8
631	231	2.3100	6
632	178	1.7800	9
633	411	4.1100	13
634	139	1.3900	5
635	527	5.2700	16
636	393	3.9300	14
637	191	1.9100	7
638	63	0.6300	4
639	27	0.2700	2
640	114	1.1400	3
641	600	6.0000	15
642	441	4.4100	13
643	614	6.1400	15
644	316	3.1600	12
645	335	3.3500	9
646	95	0.9500	4
647	57	0.5700	6
648	119	1.1900	7
649	421	4.2100	14
650	153	1.5300	5
651	41	0.4100	4
652	332	3.3200	14
653	8	0.0800	1
654	167	1.6700	8
655	509	5.0900	11
656	184	1.8400	7
657	739	7.3900	22
658	4	0.0400	1
659	1043	10.4300	19
660	358	3.5800	15
661	724	7.2400	16
662	63	0.6300	3
663	181	1.8100	8
664	1188	11.8800	25
665	647	6.4700	17
666	722	7.2200	10
667	355	3.5500	13
668	37	0.3700	1
669	202	2.0200	10
670	219	2.1900	8
671	283	2.8300	11
672	715	7.1500	18
673	47	0.4700	5
674	698	6.9800	12
675	14	0.1400	2
676	414	4.1400	14
677	109	1.0900	6
678	38	0.3800	2
679	434	4.3400	13
680	361	3.6100	8
681	438	4.3800	11
682	111	1.1100	3
683	389	3.8900	19
684	78	0.7800	3
685	234	2.3400	9
686	513	5.1300	25
687	63	0.6300	4
688	73	0.7300	5
689	61	0.6100	3
690	207	2.0700	8
691	34	0.3400	2
692	382	3.8200	15
693	234	2.3400	7
694	1057	10.5700	21
695	645	6.4500	18
696	205	2.0500	10
697	84	0.8400	3
698	373	3.7300	14
699	165	1.6500	7
700	27	0.2700	1
701	34	0.3400	2
702	119	1.1900	2
703	343	3.4300	15
704	333	3.3300	14
705	6	0.0600	1
706	700	7.0000	21
707	180	1.8000	6
708	552	5.5200	19
709	965	9.6500	22
710	101	1.0100	3
711	326	3.2600	15
712	52	0.5200	4
713	38	0.3800	3
714	333	3.3300	6
715	145	1.4500	9
716	88	0.8800	2
717	496	4.9600	9
718	292	2.9200	10
719	227	2.2700	9
720	33	0.3300	2
721	1050	10.5000	31
722	820	8.2000	11
723	444	4.4400	16
724	381	3.8100	12
725	1807	18.0700	28
726	20	0.2000	1
727	656	6.5600	10
728	119	1.1900	4
729	326	3.2600	11
730	422	4.2200	19
731	123	1.2300	4
732	444	4.4400	16
733	116	1.1600	8
734	292	2.9200	7
735	171	1.7100	3
736	697	6.9700	18
737	243	2.4300	12
738	165	1.6500	4
739	550	5.5000	10
740	230	2.3000	6
741	63	0.6300	3
742	216	2.1600	5
743	304	3.0400	9
744	10	0.1000	1
745	150	1.5000	5
746	454	4.5400	11
747	99	0.9900	1
748	228	2.2800	14
749	96	0.9600	4
750	190	1.9000	5
751	86	0.8600	2
752	263	2.6300	11
753	995	9.9500	27
754	91	0.9100	5
755	936	9.3600	24
756	862	8.6200	16
757	404	4.0400	10
758	28	0.2800	2
759	93	0.9300	2
760	180	1.8000	9
761	39	0.3900	3
762	203	2.0300	12
763	853	8.5300	19
764	15	0.1500	1
765	290	2.9000	9
766	35	0.3500	1
767	396	3.9600	11
768	327	3.2700	12
769	322	3.2200	10
770	591	5.9100	18
771	612	6.1200	15
772	20	0.2000	1
773	468	4.6800	11
774	1047	10.4700	29
775	801	8.0100	23
776	211	2.1100	11
777	344	3.4400	7
778	55	0.5500	3
779	486	4.8600	15
780	163	1.6300	9
781	665	6.6500	21
782	128	1.2800	9
783	40	0.4000	1
784	93	0.9300	5
785	54	0.5400	4
786	176	1.7600	5
787	93	0.9300	2
788	797	7.9700	16
789	56	0.5600	4
790	38	0.3800	2
791	851	8.5100	13
792	761	7.6100	15
793	42	0.4200	2
794	424	4.2400	14
795	1007	10.0700	23
796	290	2.9000	12
797	228	2.2800	12
798	204	2.0400	9
799	245	2.4500	7
800	153	1.5300	7
801	30	0.3000	1
802	20	0.2000	1
803	29	0.2900	1
804	55	0.5500	3
805	77	0.7700	3
806	205	2.0500	9
807	131	1.3100	4
808	521	5.2100	20
809	628	6.2800	20
810	8	0.0800	2
811	53	0.5300	1
812	275	2.7500	12
813	269	2.6900	11
814	285	2.8500	9
815	49	0.4900	3
816	281	2.8100	9
817	111	1.1100	6
818	864	8.6400	19
819	338	3.3800	7
820	5	0.0500	2
821	1514	15.1400	28
822	93	0.9300	4
823	148	1.4800	8
824	201	2.0100	5
825	378	3.7800	13
826	456	4.5600	14
827	154	1.5400	5
828	158	1.5800	4
829	170	1.7000	7
830	1456	14.5600	25
831	155	1.5500	5
832	200	2.0000	7
833	911	9.1100	25
834	138	1.3800	5
835	1513	15.1300	25
836	315	3.1500	12
837	441	4.4100	17
838	371	3.7100	12
839	145	1.4500	3
840	906	9.0600	18
841	422	4.2200	13
842	1258	12.5800	27
843	265	2.6500	14
844	122	1.2200	7
845	1213	12.1300	31
846	69	0.6900	3
847	232	2.3200	5
848	113	1.1300	2
849	47	0.4700	3
850	205	2.0500	8
851	831	8.3100	22
852	164	1.6400	2
853	538	5.3800	13
854	187	1.8700	6
855	123	1.2300	11
856	262	2.6200	5
857	389	3.8900	12
858	378	3.7800	11
859	135	1.3500	3
860	502	5.0200	17
861	419	4.1900	12
862	20	0.2000	1
863	316	3.1600	17
864	168	1.6800	9
865	1022	10.2200	18
866	256	2.5600	10
867	84	0.8400	3
868	123	1.2300	8
869	443	4.4300	14
870	341	3.4100	14
871	267	2.6700	15
872	273	2.7300	6
873	621	6.2100	15
874	7	0.0700	1
875	314	3.1400	12
876	46	0.4600	2
877	667	6.6700	9
878	458	4.5800	14
879	51	0.5100	4
880	40	0.4000	2
881	189	1.8900	6
882	82	0.8200	5
883	31	0.3100	1
884	98	0.9800	6
885	79	0.7900	3
886	146	1.4600	9
887	253	2.5300	11
888	60	0.6000	4
889	65	0.6500	4
890	282	2.8200	13
891	167	1.6700	7
892	89	0.8900	7
893	98	0.9800	4
894	486	4.8600	7
895	11	0.1100	1
896	104	1.0400	5
897	22	0.2200	2
898	238	2.3800	12
899	67	0.6700	4
900	363	3.6300	18
901	261	2.6100	8
902	60	0.6000	3
903	159	1.5900	7
904	49	0.4900	2
905	2209	22.0900	41
906	167	1.6700	2
907	326	3.2600	7
908	2	0.0200	1
909	336	3.3600	8
910	59	0.5900	2
911	197	1.9700	5
912	94	0.9400	3
913	54	0.5400	3
914	64	0.6400	4
915	481	4.8100	20
916	48	0.4800	2
917	394	3.9400	13
918	2	0.0200	1
919	254	2.5400	15
920	210	2.1000	5
921	884	8.8400	22
922	365	3.6500	12
923	87	0.8700	5
924	257	2.5700	8
925	77	0.7700	4
926	144	1.4400	7
927	20	0.2000	2
928	32	0.3200	3
929	237	2.3700	9
930	285	2.8500	6
931	89	0.8900	5
932	42	0.4200	4
933	714	7.1400	21
934	753	7.5300	12
935	260	2.6000	5
936	74	0.7400	7
937	23	0.2300	2
938	15	0.1500	2
939	165	1.6500	8
940	207	2.0700	11
941	291	2.9100	4
942	286	2.8600	9
943	284	2.8400	10
944	222	2.2200	9
945	117	1.1700	4
946	626	6.2600	17
947	1251	12.5100	25
948	405	4.0500	14
949	156	1.5600	6
950	60	0.6000	1
951	651	6.5100	10
952	192	1.9200	4
953	215	2.1500	7
954	545	5.4500	17
955	153	1.5300	8
956	1913	19.1300	35
957	130	1.3000	10
958	1129	11.2900	21
959	339	3.3900	13
960	306	3.0600	7
961	228	2.2800	11
962	1027	10.2700	18
963	165	1.6500	7
964	337	3.3700	14
965	511	5.1100	18
966	976	9.7600	20
967	106	1.0600	4
968	49	0.4900	2
969	683	6.8300	18
970	26	0.2600	3
971	163	1.6300	2
972	299	2.9900	12
973	3	0.0300	1
974	56	0.5600	1
975	106	1.0600	2
976	273	2.7300	11
977	111	1.1100	8
978	77	0.7700	1
979	113	1.1300	6
980	430	4.3000	18
981	374	3.7400	6
982	154	1.5400	6
983	70	0.7000	2
984	139	1.3900	4
985	61	0.6100	2
986	281	2.8100	10
987	676	6.7600	21
988	316	3.1600	10
989	881	8.8100	24
990	62	0.6200	1
991	332	3.3200	7
992	128	1.2800	6
993	715	7.1500	24
994	85	0.8500	5
995	1440	14.4000	28
996	333	3.3300	14
997	158	1.5800	3
998	33	0.3300	2
999	395	3.9500	11
# Simulation completed.
