# Creating system...
# System created with N=1000 particles

# Initial state:
# Susceptibles: 999, Infected: 1

# Starting simulation...
# Relz	Step	Time	sigma	R0
0	73	0.7300	9
1	116	1.1600	8
2	228	2.2800	12
3	237	2.3700	14
4	57	0.5700	4
5	181	1.8100	9
6	47	0.4700	3
7	54	0.5400	5
8	39	0.3900	3
9	322	3.2200	16
10	31	0.3100	4
11	226	2.2600	7
12	1006	10.0600	17
13	40	0.4000	3
14	299	2.9900	17
15	142	1.4200	10
16	58	0.5800	2
17	26	0.2600	2
18	127	1.2700	9
19	12	0.1200	2
20	26	0.2600	3
21	96	0.9600	2
22	748	7.4800	22
23	98	0.9800	7
24	511	5.1100	20
25	426	4.2600	18
26	401	4.0100	13
27	156	1.5600	11
28	253	2.5300	9
29	25	0.2500	7
30	207	2.0700	10
31	110	1.1000	6
32	550	5.5000	14
33	25	0.2500	3
34	38	0.3800	3
35	668	6.6800	25
36	43	0.4300	4
37	233	2.3300	11
38	28	0.2800	4
39	211	2.1100	14
40	224	2.2400	17
41	703	7.0300	20
42	85	0.8500	6
43	246	2.4600	20
44	385	3.8500	23
45	242	2.4200	7
46	51	0.5100	3
47	41	0.4100	6
48	61	0.6100	4
49	25	0.2500	1
50	338	3.3800	12
51	478	4.7800	14
52	154	1.5400	7
53	84	0.8400	4
54	132	1.3200	6
55	466	4.6600	17
56	230	2.3000	13
57	74	0.7400	6
58	1	0.0100	1
59	523	5.2300	20
60	87	0.8700	5
61	59	0.5900	4
62	28	0.2800	6
63	52	0.5200	3
64	676	6.7600	29
65	222	2.2200	7
66	144	1.4400	10
67	936	9.3600	24
68	551	5.5100	16
69	96	0.9600	6
70	10	0.1000	1
71	86	0.8600	7
72	1069	10.6900	23
73	308	3.0800	19
74	391	3.9100	24
75	105	1.0500	5
76	43	0.4300	4
77	376	3.7600	10
78	388	3.8800	26
79	423	4.2300	17
80	116	1.1600	11
81	44	0.4400	6
82	194	1.9400	14
83	67	0.6700	5
84	59	0.5900	4
85	6	0.0600	1
86	342	3.4200	11
87	353	3.5300	20
88	118	1.1800	14
89	136	1.3600	9
90	125	1.2500	6
91	842	8.4200	27
92	19	0.1900	1
93	22	0.2200	2
94	255	2.5500	11
95	241	2.4100	7
96	225	2.2500	5
97	278	2.7800	12
98	249	2.4900	13
99	983	9.8300	26
100	13	0.1300	2
101	372	3.7200	12
102	504	5.0400	19
103	113	1.1300	9
104	200	2.0000	12
105	290	2.9000	12
106	172	1.7200	12
107	47	0.4700	4
108	198	1.9800	17
109	215	2.1500	15
110	290	2.9000	22
111	88	0.8800	5
112	177	1.7700	11
113	137	1.3700	15
114	16	0.1600	5
115	517	5.1700	14
116	266	2.6600	19
117	109	1.0900	7
118	349	3.4900	9
119	254	2.5400	18
120	118	1.1800	4
121	313	3.1300	13
122	963	9.6300	33
123	406	4.0600	17
124	9	0.0900	1
125	262	2.6200	10
126	316	3.1600	17
127	21	0.2100	2
128	304	3.0400	22
129	255	2.5500	15
130	1078	10.7800	35
131	29	0.2900	4
132	519	5.1900	15
133	25	0.2500	4
134	391	3.9100	15
135	89	0.8900	6
136	6	0.0600	3
137	78	0.7800	5
138	43	0.4300	3
139	1281	12.8100	24
140	29	0.2900	6
141	658	6.5800	21
142	304	3.0400	13
143	146	1.4600	8
144	267	2.6700	15
145	743	7.4300	19
146	207	2.0700	9
147	189	1.8900	7
148	27	0.2700	2
149	267	2.6700	13
150	49	0.4900	4
151	406	4.0600	12
152	228	2.2800	14
153	191	1.9100	11
154	62	0.6200	5
155	314	3.1400	25
156	47	0.4700	3
157	87	0.8700	7
158	288	2.8800	11
159	301	3.0100	16
160	488	4.8800	12
161	181	1.8100	16
162	102	1.0200	7
163	320	3.2000	12
164	307	3.0700	12
165	551	5.5100	26
166	715	7.1500	19
167	28	0.2800	2
168	96	0.9600	4
169	241	2.4100	12
170	222	2.2200	17
171	37	0.3700	3
172	106	1.0600	11
173	457	4.5700	24
174	982	9.8200	29
175	84	0.8400	5
176	2	0.0200	1
177	201	2.0100	13
178	43	0.4300	4
179	23	0.2300	4
180	513	5.1300	23
181	108	1.0800	12
182	202	2.0200	10
183	277	2.7700	13
184	295	2.9500	14
185	644	6.4400	26
186	629	6.2900	22
187	58	0.5800	4
188	742	7.4200	30
189	208	2.0800	14
190	2	0.0200	1
191	792	7.9200	34
192	75	0.7500	7
193	749	7.4900	23
194	636	6.3600	23
195	210	2.1000	14
196	72	0.7200	5
197	424	4.2400	24
198	89	0.8900	6
199	414	4.1400	13
200	747	7.4700	20
201	628	6.2800	18
202	74	0.7400	3
203	117	1.1700	7
204	254	2.5400	12
205	112	1.1200	8
206	168	1.6800	11
207	58	0.5800	5
208	79	0.7900	5
209	225	2.2500	13
210	17	0.1700	2
211	367	3.6700	19
212	169	1.6900	16
213	228	2.2800	14
214	941	9.4100	22
215	367	3.6700	10
216	87	0.8700	6
217	277	2.7700	16
218	291	2.9100	17
219	27	0.2700	2
220	277	2.7700	10
221	263	2.6300	17
222	123	1.2300	9
223	28	0.2800	2
224	350	3.5000	13
225	651	6.5100	11
226	25	0.2500	2
227	105	1.0500	6
228	400	4.0000	14
229	1894	18.9400	37
230	87	0.8700	7
231	439	4.3900	13
232	1803	18.0300	29
233	49	0.4900	6
234	2	0.0200	1
235	40	0.4000	6
236	99	0.9900	4
237	60	0.6000	4
238	278	2.7800	12
239	660	6.6000	17
240	23	0.2300	1
241	328	3.2800	17
242	396	3.9600	19
243	187	1.8700	10
244	471	4.7100	15
245	91	0.9100	5
246	55	0.5500	3
247	300	3.0000	15
248	62	0.6200	8
249	203	2.0300	6
250	634	6.3400	19
251	544	5.4400	16
252	277	2.7700	18
253	113	1.1300	7
254	187	1.8700	12
255	142	1.4200	6
256	147	1.4700	7
257	459	4.5900	25
258	549	5.4900	18
259	77	0.7700	7
260	222	2.2200	16
261	292	2.9200	22
262	270	2.7000	18
263	253	2.5300	9
264	231	2.3100	13
265	35	0.3500	6
266	221	2.2100	16
267	24	0.2400	2
268	73	0.7300	6
269	160	1.6000	13
270	348	3.4800	16
271	12	0.1200	2
272	395	3.9500	16
273	285	2.8500	18
274	258	2.5800	13
275	178	1.7800	10
276	105	1.0500	7
277	188	1.8800	9
278	103	1.0300	6
279	199	1.9900	13
280	120	1.2000	13
281	44	0.4400	5
282	65	0.6500	6
283	247	2.4700	11
284	41	0.4100	5
285	117	1.1700	5
286	71	0.7100	3
287	385	3.8500	14
288	163	1.6300	13
289	144	1.4400	11
290	276	2.7600	13
291	184	1.8400	15
292	1436	14.3600	20
293	83	0.8300	6
294	26	0.2600	5
295	32	0.3200	2
296	333	3.3300	9
297	409	4.0900	22
298	41	0.4100	7
299	275	2.7500	17
300	119	1.1900	10
301	356	3.5600	16
302	277	2.7700	15
303	395	3.9500	14
304	303	3.0300	13
305	76	0.7600	6
306	459	4.5900	12
307	98	0.9800	6
308	112	1.1200	8
309	79	0.7900	10
310	11	0.1100	1
311	57	0.5700	7
312	547	5.4700	15
313	52	0.5200	6
314	140	1.4000	6
315	45	0.4500	7
316	623	6.2300	18
317	316	3.1600	14
318	497	4.9700	15
319	157	1.5700	9
320	39	0.3900	2
321	309	3.0900	15
322	378	3.7800	15
323	37	0.3700	5
324	55	0.5500	3
325	53	0.5300	4
326	88	0.8800	3
327	287	2.8700	11
328	121	1.2100	10
329	126	1.2600	9
330	487	4.8700	16
331	408	4.0800	17
332	81	0.8100	8
333	696	6.9600	15
334	207	2.0700	12
335	239	2.3900	13
336	1095	10.9500	23
337	731	7.3100	14
338	64	0.6400	3
339	556	5.5600	15
340	153	1.5300	8
341	99	0.9900	6
342	128	1.2800	10
343	194	1.9400	16
344	111	1.1100	10
345	209	2.0900	13
346	172	1.7200	6
347	8	0.0800	2
348	989	9.8900	18
349	127	1.2700	13
350	209	2.0900	14
351	523	5.2300	16
352	81	0.8100	5
353	402	4.0200	23
354	638	6.3800	17
355	258	2.5800	15
356	336	3.3600	22
357	588	5.8800	20
358	8	0.0800	1
359	538	5.3800	13
360	745	7.4500	21
361	168	1.6800	11
362	451	4.5100	15
363	161	1.6100	11
364	10	0.1000	1
365	41	0.4100	5
366	117	1.1700	6
367	170	1.7000	16
368	4	0.0400	1
369	25	0.2500	1
370	356	3.5600	8
371	860	8.6000	30
372	643	6.4300	31
373	564	5.6400	16
374	20	0.2000	2
375	519	5.1900	18
376	61	0.6100	7
377	450	4.5000	22
378	36	0.3600	3
379	121	1.2100	10
380	25	0.2500	5
381	508	5.0800	19
382	294	2.9400	15
383	167	1.6700	14
384	39	0.3900	4
385	475	4.7500	16
386	321	3.2100	19
387	186	1.8600	10
388	180	1.8000	16
389	143	1.4300	6
390	745	7.4500	22
391	54	0.5400	8
392	320	3.2000	14
393	148	1.4800	6
394	178	1.7800	16
395	104	1.0400	7
396	12	0.1200	2
397	243	2.4300	12
398	395	3.9500	17
399	193	1.9300	12
400	308	3.0800	18
401	248	2.4800	12
402	864	8.6400	23
403	31	0.3100	2
404	206	2.0600	15
405	191	1.9100	16
406	735	7.3500	21
407	39	0.3900	2
408	342	3.4200	15
409	275	2.7500	15
410	103	1.0300	6
411	270	2.7000	11
412	433	4.3300	11
413	77	0.7700	5
414	466	4.6600	25
415	115	1.1500	7
416	780	7.8000	31
417	372	3.7200	16
418	220	2.2000	11
419	156	1.5600	17
420	2	0.0200	1
421	215	2.1500	14
422	584	5.8400	15
423	1107	11.0700	20
424	385	3.8500	17
425	266	2.6600	11
426	307	3.0700	11
427	10	0.1000	3
428	175	1.7500	10
429	558	5.5800	17
430	118	1.1800	7
431	137	1.3700	16
432	234	2.3400	16
433	80	0.8000	7
434	8	0.0800	1
435	70	0.7000	8
436	135	1.3500	8
437	436	4.3600	12
438	513	5.1300	21
439	7	0.0700	1
440	229	2.2900	9
441	36	0.3600	7
442	250	2.5000	19
443	147	1.4700	11
444	193	1.9300	19
445	324	3.2400	17
446	97	0.9700	7
447	49	0.4900	4
448	300	3.0000	12
449	34	0.3400	4
450	19	0.1900	3
451	50	0.5000	6
452	249	2.4900	13
453	241	2.4100	9
454	162	1.6200	11
455	64	0.6400	12
456	3	0.0300	1
457	468	4.6800	15
458	29	0.2900	2
459	251	2.5100	17
460	973	9.7300	22
461	344	3.4400	16
462	360	3.6000	19
463	282	2.8200	16
464	193	1.9300	12
465	625	6.2500	19
466	178	1.7800	12
467	340	3.4000	19
468	217	2.1700	10
469	470	4.7000	11
470	107	1.0700	7
471	946	9.4600	32
472	120	1.2000	3
473	39	0.3900	2
474	78	0.7800	6
475	458	4.5800	23
476	41	0.4100	1
477	284	2.8400	15
478	495	4.9500	18
479	219	2.1900	10
480	695	6.9500	17
481	444	4.4400	14
482	553	5.5300	22
483	143	1.4300	8
484	136	1.3600	7
485	77	0.7700	7
486	1346	13.4600	29
487	172	1.7200	12
488	44	0.4400	6
489	10	0.1000	2
490	343	3.4300	16
491	132	1.3200	8
492	21	0.2100	1
493	375	3.7500	14
494	24	0.2400	4
495	214	2.1400	8
496	162	1.6200	10
497	15	0.1500	2
498	35	0.3500	5
499	194	1.9400	13
500	222	2.2200	9
501	522	5.2200	23
502	198	1.9800	11
503	442	4.4200	16
504	33	0.3300	3
505	324	3.2400	21
506	29	0.2900	4
507	217	2.1700	15
508	267	2.6700	9
509	1	0.0100	1
510	190	1.9000	11
511	34	0.3400	1
512	324	3.2400	14
513	651	6.5100	25
514	36	0.3600	2
515	10	0.1000	2
516	218	2.1800	8
517	326	3.2600	15
518	157	1.5700	8
519	355	3.5500	12
520	111	1.1100	8
521	5	0.0500	1
522	289	2.8900	18
523	175	1.7500	13
524	32	0.3200	4
525	457	4.5700	19
526	237	2.3700	14
527	113	1.1300	7
528	49	0.4900	2
529	154	1.5400	8
530	70	0.7000	4
531	285	2.8500	15
532	92	0.9200	4
533	111	1.1100	6
534	1	0.0100	1
535	319	3.1900	13
536	910	9.1000	22
537	47	0.4700	3
538	187	1.8700	10
539	111	1.1100	8
540	95	0.9500	8
541	33	0.3300	1
542	531	5.3100	22
543	4	0.0400	1
544	38	0.3800	2
545	630	6.3000	15
546	552	5.5200	22
547	352	3.5200	11
548	205	2.0500	15
549	339	3.3900	16
550	101	1.0100	9
551	48	0.4800	7
552	211	2.1100	6
553	586	5.8600	21
554	174	1.7400	13
555	436	4.3600	25
556	105	1.0500	10
557	32	0.3200	6
558	787	7.8700	14
559	895	8.9500	28
560	199	1.9900	7
561	132	1.3200	7
562	103	1.0300	11
563	4	0.0400	1
564	180	1.8000	11
565	15	0.1500	1
566	195	1.9500	11
567	6	0.0600	1
568	99	0.9900	7
569	356	3.5600	13
570	8	0.0800	2
571	196	1.9600	12
572	142	1.4200	10
573	566	5.6600	17
574	88	0.8800	6
575	94	0.9400	8
576	107	1.0700	8
577	159	1.5900	9
578	189	1.8900	11
579	1050	10.5000	21
580	350	3.5000	14
581	540	5.4000	27
582	67	0.6700	11
583	123	1.2300	12
584	302	3.0200	19
585	246	2.4600	9
586	96	0.9600	10
587	324	3.2400	10
588	206	2.0600	8
589	161	1.6100	12
590	266	2.6600	13
591	2	0.0200	1
592	211	2.1100	6
593	106	1.0600	7
594	458	4.5800	16
595	153	1.5300	7
596	436	4.3600	14
597	247	2.4700	11
598	389	3.8900	22
599	103	1.0300	6
600	355	3.5500	14
601	1618	16.1800	26
602	74	0.7400	10
603	118	1.1800	7
604	262	2.6200	9
605	148	1.4800	8
606	117	1.1700	5
607	188	1.8800	15
608	297	2.9700	18
609	581	5.8100	19
610	369	3.6900	14
611	28	0.2800	3
612	33	0.3300	1
613	140	1.4000	3
614	80	0.8000	4
615	77	0.7700	3
616	17	0.1700	3
617	289	2.8900	12
618	133	1.3300	9
619	181	1.8100	10
620	44	0.4400	7
621	76	0.7600	11
622	1045	10.4500	26
623	214	2.1400	12
624	79	0.7900	9
625	37	0.3700	2
626	31	0.3100	3
627	153	1.5300	9
628	562	5.6200	32
629	215	2.1500	12
630	167	1.6700	11
631	191	1.9100	10
632	128	1.2800	7
633	76	0.7600	4
634	327	3.2700	15
635	97	0.9700	6
636	495	4.9500	20
637	149	1.4900	17
638	50	0.5000	9
639	98	0.9800	4
640	14	0.1400	1
641	9	0.0900	2
642	101	1.0100	7
643	44	0.4400	1
644	187	1.8700	10
645	77	0.7700	3
646	291	2.9100	19
647	52	0.5200	3
648	596	5.9600	15
649	385	3.8500	18
650	46	0.4600	2
651	313	3.1300	19
652	572	5.7200	15
653	30	0.3000	1
654	1418	14.1800	25
655	149	1.4900	8
656	343	3.4300	15
657	1	0.0100	1
658	127	1.2700	11
659	771	7.7100	18
660	56	0.5600	7
661	34	0.3400	2
662	4	0.0400	1
663	131	1.3100	10
664	24	0.2400	2
665	496	4.9600	18
666	398	3.9800	13
667	216	2.1600	20
668	258	2.5800	10
669	619	6.1900	21
670	344	3.4400	17
671	40	0.4000	8
672	216	2.1600	11
673	105	1.0500	6
674	229	2.2900	10
675	34	0.3400	4
676	47	0.4700	4
677	53	0.5300	2
678	724	7.2400	24
679	99	0.9900	5
680	108	1.0800	5
681	608	6.0800	21
682	215	2.1500	14
683	174	1.7400	8
684	275	2.7500	16
685	124	1.2400	11
686	250	2.5000	14
687	806	8.0600	25
688	327	3.2700	13
689	56	0.5600	2
690	482	4.8200	16
691	186	1.8600	9
692	19	0.1900	2
693	158	1.5800	16
694	14	0.1400	4
695	478	4.7800	25
696	471	4.7100	24
697	544	5.4400	10
698	131	1.3100	15
699	609	6.0900	17
700	91	0.9100	5
701	298	2.9800	13
702	371	3.7100	14
703	18	0.1800	4
704	125	1.2500	9
705	325	3.2500	17
706	242	2.4200	13
707	108	1.0800	8
708	68	0.6800	6
709	252	2.5200	13
710	49	0.4900	5
711	220	2.2000	9
712	81	0.8100	7
713	90	0.9000	7
714	29	0.2900	2
715	146	1.4600	15
716	589	5.8900	18
717	544	5.4400	22
718	360	3.6000	17
719	61	0.6100	5
720	109	1.0900	9
721	227	2.2700	15
722	431	4.3100	17
723	1263	12.6300	17
724	109	1.0900	6
725	14	0.1400	1
726	248	2.4800	19
727	159	1.5900	11
728	6	0.0600	1
729	178	1.7800	11
730	516	5.1600	22
731	254	2.5400	17
732	537	5.3700	16
733	94	0.9400	9
734	632	6.3200	22
735	14	0.1400	3
736	76	0.7600	3
737	181	1.8100	9
738	256	2.5600	12
739	223	2.2300	9
740	27	0.2700	3
741	781	7.8100	23
742	116	1.1600	6
743	132	1.3200	9
744	165	1.6500	9
745	260	2.6000	10
746	164	1.6400	10
747	155	1.5500	9
748	174	1.7400	6
749	207	2.0700	8
750	251	2.5100	11
751	246	2.4600	17
752	327	3.2700	10
753	90	0.9000	10
754	176	1.7600	17
755	161	1.6100	11
756	274	2.7400	14
757	122	1.2200	13
758	147	1.4700	10
759	150	1.5000	7
760	148	1.4800	14
761	258	2.5800	10
762	32	0.3200	7
763	149	1.4900	7
764	699	6.9900	26
765	76	0.7600	3
766	106	1.0600	9
767	371	3.7100	24
768	35	0.3500	3
769	556	5.5600	16
770	145	1.4500	8
771	547	5.4700	18
772	71	0.7100	8
773	48	0.4800	4
774	203	2.0300	13
775	155	1.5500	9
776	83	0.8300	2
777	30	0.3000	5
778	103	1.0300	7
779	153	1.5300	11
780	390	3.9000	14
781	81	0.8100	4
782	76	0.7600	6
783	140	1.4000	7
784	160	1.6000	8
785	1634	16.3400	23
786	36	0.3600	7
787	327	3.2700	18
788	129	1.2900	10
789	144	1.4400	4
790	108	1.0800	12
791	165	1.6500	8
792	10	0.1000	1
793	36	0.3600	3
794	26	0.2600	1
795	1152	11.5200	20
796	150	1.5000	12
797	178	1.7800	11
798	117	1.1700	14
799	168	1.6800	12
800	421	4.2100	16
801	677	6.7700	15
802	63	0.6300	5
803	239	2.3900	9
804	147	1.4700	9
805	32	0.3200	2
806	108	1.0800	9
807	10	0.1000	1
808	122	1.2200	10
809	140	1.4000	10
810	575	5.7500	24
811	82	0.8200	9
812	165	1.6500	11
813	62	0.6200	4
814	94	0.9400	5
815	228	2.2800	10
816	11	0.1100	3
817	472	4.7200	22
818	895	8.9500	22
819	596	5.9600	17
820	128	1.2800	10
821	40	0.4000	5
822	844	8.4400	22
823	86	0.8600	6
824	773	7.7300	14
825	102	1.0200	7
826	138	1.3800	6
827	355	3.5500	14
828	188	1.8800	10
829	153	1.5300	10
830	463	4.6300	21
831	590	5.9000	11
832	298	2.9800	11
833	20	0.2000	3
834	131	1.3100	6
835	496	4.9600	18
836	63	0.6300	4
837	192	1.9200	11
838	64	0.6400	7
839	421	4.2100	17
840	125	1.2500	9
841	597	5.9700	16
842	446	4.4600	20
843	247	2.4700	11
844	425	4.2500	14
845	40	0.4000	2
846	33	0.3300	5
847	201	2.0100	16
848	104	1.0400	9
849	37	0.3700	2
850	563	5.6300	19
851	455	4.5500	20
852	85	0.8500	9
853	528	5.2800	22
854	108	1.0800	9
855	198	1.9800	13
856	145	1.4500	16
857	214	2.1400	17
858	165	1.6500	12
859	140	1.4000	12
860	193	1.9300	10
861	226	2.2600	12
862	139	1.3900	12
863	58	0.5800	4
864	39	0.3900	2
865	211	2.1100	16
866	184	1.8400	10
867	270	2.7000	14
868	19	0.1900	3
869	6	0.0600	1
870	211	2.1100	13
871	95	0.9500	6
872	36	0.3600	4
873	372	3.7200	14
874	248	2.4800	13
875	16	0.1600	3
876	71	0.7100	9
877	562	5.6200	15
878	124	1.2400	12
879	500	5.0000	14
880	111	1.1100	4
881	9	0.0900	1
882	409	4.0900	16
883	352	3.5200	14
884	152	1.5200	13
885	46	0.4600	6
886	95	0.9500	14
887	296	2.9600	9
888	82	0.8200	6
889	24	0.2400	5
890	167	1.6700	11
891	181	1.8100	11
892	116	1.1600	14
893	122	1.2200	13
894	290	2.9000	12
895	139	1.3900	11
896	69	0.6900	1
897	27	0.2700	4
898	182	1.8200	11
899	508	5.0800	10
900	107	1.0700	4
901	399	3.9900	18
902	133	1.3300	12
903	565	5.6500	19
904	382	3.8200	22
905	107	1.0700	6
906	229	2.2900	20
907	462	4.6200	15
908	117	1.1700	4
909	3	0.0300	1
910	457	4.5700	19
911	2	0.0200	1
912	419	4.1900	20
913	188	1.8800	14
914	90	0.9000	5
915	34	0.3400	3
916	349	3.4900	13
917	91	0.9100	10
918	116	1.1600	11
919	25	0.2500	4
920	76	0.7600	8
921	99	0.9900	6
922	28	0.2800	2
923	61	0.6100	6
924	125	1.2500	12
925	177	1.7700	11
926	189	1.8900	10
927	330	3.3000	16
928	367	3.6700	18
929	170	1.7000	12
930	125	1.2500	11
931	324	3.2400	11
932	395	3.9500	20
933	321	3.2100	15
934	12	0.1200	2
935	701	7.0100	17
936	45	0.4500	3
937	357	3.5700	19
938	265	2.6500	14
939	82	0.8200	9
940	31	0.3100	3
941	33	0.3300	3
942	38	0.3800	3
943	280	2.8000	15
944	74	0.7400	5
945	786	7.8600	19
946	118	1.1800	7
947	128	1.2800	10
948	560	5.6000	17
949	6	0.0600	1
950	356	3.5600	15
951	173	1.7300	17
952	278	2.7800	15
953	136	1.3600	7
954	373	3.7300	20
955	18	0.1800	2
956	89	0.8900	7
957	654	6.5400	21
958	221	2.2100	12
959	647	6.4700	18
960	331	3.3100	18
961	240	2.4000	10
962	1002	10.0200	19
963	546	5.4600	20
964	84	0.8400	10
965	48	0.4800	4
966	110	1.1000	4
967	46	0.4600	1
968	104	1.0400	3
969	683	6.8300	20
970	21	0.2100	2
971	318	3.1800	12
972	151	1.5100	8
973	681	6.8100	25
974	167	1.6700	10
975	146	1.4600	13
976	12	0.1200	3
977	332	3.3200	18
978	248	2.4800	12
979	110	1.1000	12
980	337	3.3700	20
981	441	4.4100	15
982	208	2.0800	10
983	1077	10.7700	27
984	193	1.9300	10
985	89	0.8900	6
986	476	4.7600	18
987	304	3.0400	18
988	140	1.4000	5
989	98	0.9800	5
990	41	0.4100	4
991	145	1.4500	10
992	248	2.4800	10
993	57	0.5700	4
994	99	0.9900	10
995	473	4.7300	14
996	645	6.4500	15
997	456	4.5600	17
998	152	1.5200	6
999	119	1.1900	8
# Simulation completed.
