# Creating system...
# System created with N=1000 particles

# Initial state:
# Susceptibles: 999, Infected: 1

# Starting simulation...
# Relz	Step	Time	sigma	R0
0	28	0.2800	3
1	37	0.3700	2
2	70	0.7000	4
3	58	0.5800	5
4	428	4.2800	14
5	77	0.7700	4
6	15	0.1500	2
7	11	0.1100	1
8	642	6.4200	11
9	89	0.8900	6
10	7	0.0700	1
11	114	1.1400	2
12	18	0.1800	3
13	20	0.2000	2
14	47	0.4700	1
15	69	0.6900	2
16	71	0.7100	1
17	82	0.8200	4
18	211	2.1100	6
19	117	1.1700	7
20	27	0.2700	1
21	99	0.9900	6
22	11	0.1100	1
23	51	0.5100	2
24	51	0.5100	2
25	94	0.9400	3
26	66	0.6600	3
27	99	0.9900	3
28	282	2.8200	7
29	81	0.8100	6
30	450	4.5000	10
31	28	0.2800	2
32	43	0.4300	3
33	103	1.0300	2
34	207	2.0700	6
35	117	1.1700	8
36	57	0.5700	4
37	36	0.3600	2
38	77	0.7700	4
39	142	1.4200	4
40	105	1.0500	4
41	196	1.9600	4
42	84	0.8400	3
43	477	4.7700	17
44	43	0.4300	3
45	107	1.0700	7
46	344	3.4400	8
47	103	1.0300	4
48	622	6.2200	19
49	23	0.2300	1
50	416	4.1600	13
51	241	2.4100	8
52	26	0.2600	2
53	83	0.8300	7
54	251	2.5100	7
55	37	0.3700	6
56	175	1.7500	8
57	1	0.0100	1
58	114	1.1400	6
59	277	2.7700	9
60	78	0.7800	3
61	47	0.4700	1
62	2	0.0200	2
63	136	1.3600	5
64	160	1.6000	2
65	129	1.2900	4
66	3	0.0300	2
67	2	0.0200	1
68	186	1.8600	5
69	10	0.1000	2
70	61	0.6100	2
71	151	1.5100	5
72	24	0.2400	1
73	185	1.8500	10
74	109	1.0900	4
75	94	0.9400	4
76	10	0.1000	2
77	29	0.2900	2
78	32	0.3200	1
79	145	1.4500	11
80	73	0.7300	2
81	29	0.2900	2
82	125	1.2500	1
83	39	0.3900	2
84	212	2.1200	6
85	87	0.8700	3
86	124	1.2400	8
87	16	0.1600	2
88	66	0.6600	3
89	145	1.4500	6
90	83	0.8300	4
91	178	1.7800	6
92	109	1.0900	6
93	130	1.3000	4
94	1	0.0100	1
95	13	0.1300	2
96	45	0.4500	2
97	341	3.4100	13
98	62	0.6200	3
99	33	0.3300	1
100	72	0.7200	6
101	352	3.5200	10
102	19	0.1900	2
103	252	2.5200	5
104	225	2.2500	5
105	55	0.5500	5
106	32	0.3200	3
107	130	1.3000	5
108	27	0.2700	3
109	288	2.8800	8
110	183	1.8300	8
111	35	0.3500	1
112	102	1.0200	7
113	89	0.8900	5
114	143	1.4300	8
115	187	1.8700	8
116	111	1.1100	3
117	246	2.4600	9
118	371	3.7100	11
119	27	0.2700	2
120	58	0.5800	1
121	2	0.0200	2
122	74	0.7400	2
123	35	0.3500	1
124	34	0.3400	1
125	642	6.4200	13
126	109	1.0900	6
127	5	0.0500	1
128	117	1.1700	3
129	84	0.8400	4
130	112	1.1200	3
131	69	0.6900	3
132	17	0.1700	1
133	41	0.4100	4
134	7	0.0700	1
135	47	0.4700	2
136	194	1.9400	5
137	326	3.2600	12
138	7	0.0700	2
139	19	0.1900	2
140	93	0.9300	4
141	2	0.0200	1
142	27	0.2700	2
143	57	0.5700	2
144	158	1.5800	8
145	273	2.7300	6
146	41	0.4100	1
147	4	0.0400	1
148	129	1.2900	4
149	3	0.0300	1
150	71	0.7100	5
151	137	1.3700	5
152	168	1.6800	3
153	271	2.7100	9
154	17	0.1700	1
155	206	2.0600	3
156	170	1.7000	10
157	368	3.6800	9
158	41	0.4100	1
159	53	0.5300	3
160	31	0.3100	3
161	36	0.3600	6
162	169	1.6900	11
163	134	1.3400	4
164	86	0.8600	3
165	9	0.0900	1
166	17	0.1700	1
167	103	1.0300	7
168	110	1.1000	7
169	62	0.6200	3
170	135	1.3500	6
171	153	1.5300	4
172	215	2.1500	6
173	8	0.0800	1
174	196	1.9600	4
175	124	1.2400	4
176	40	0.4000	3
177	4	0.0400	1
178	6	0.0600	2
179	103	1.0300	7
180	256	2.5600	11
181	75	0.7500	1
182	160	1.6000	6
183	130	1.3000	4
184	250	2.5000	10
185	39	0.3900	2
186	3	0.0300	1
187	93	0.9300	3
188	27	0.2700	2
189	75	0.7500	6
190	21	0.2100	4
191	78	0.7800	2
192	31	0.3100	2
193	9	0.0900	1
194	39	0.3900	1
195	404	4.0400	9
196	18	0.1800	2
197	10	0.1000	3
198	209	2.0900	8
199	112	1.1200	5
200	54	0.5400	1
201	150	1.5000	5
202	125	1.2500	5
203	7	0.0700	1
204	28	0.2800	1
205	206	2.0600	8
206	79	0.7900	4
207	115	1.1500	6
208	107	1.0700	2
209	5	0.0500	1
210	25	0.2500	3
211	117	1.1700	6
212	270	2.7000	6
213	33	0.3300	3
214	5	0.0500	1
215	241	2.4100	10
216	530	5.3000	16
217	312	3.1200	10
218	38	0.3800	5
219	157	1.5700	5
220	11	0.1100	1
221	207	2.0700	6
222	295	2.9500	12
223	21	0.2100	1
224	11	0.1100	1
225	72	0.7200	7
226	188	1.8800	5
227	9	0.0900	1
228	50	0.5000	4
229	8	0.0800	1
230	12	0.1200	1
231	17	0.1700	2
232	113	1.1300	10
233	24	0.2400	1
234	582	5.8200	18
235	38	0.3800	5
236	31	0.3100	3
237	72	0.7200	2
238	176	1.7600	4
239	31	0.3100	1
240	30	0.3000	2
241	164	1.6400	5
242	197	1.9700	7
243	23	0.2300	2
244	15	0.1500	2
245	7	0.0700	2
246	109	1.0900	7
247	49	0.4900	2
248	83	0.8300	4
249	248	2.4800	10
250	16	0.1600	1
251	14	0.1400	2
252	100	1.0000	3
253	19	0.1900	2
254	109	1.0900	4
255	169	1.6900	7
256	29	0.2900	2
257	116	1.1600	5
258	374	3.7400	13
259	281	2.8100	14
260	57	0.5700	2
261	67	0.6700	8
262	26	0.2600	2
263	3	0.0300	1
264	332	3.3200	10
265	40	0.4000	3
266	26	0.2600	2
267	25	0.2500	3
268	32	0.3200	1
269	112	1.1200	6
270	36	0.3600	4
271	213	2.1300	8
272	76	0.7600	4
273	13	0.1300	1
274	133	1.3300	4
275	145	1.4500	6
276	130	1.3000	4
277	63	0.6300	2
278	550	5.5000	10
279	317	3.1700	7
280	6	0.0600	1
281	77	0.7700	4
282	46	0.4600	4
283	52	0.5200	2
284	37	0.3700	2
285	314	3.1400	7
286	37	0.3700	3
287	43	0.4300	1
288	190	1.9000	8
289	272	2.7200	11
290	10	0.1000	1
291	5	0.0500	1
292	122	1.2200	6
293	55	0.5500	2
294	2	0.0200	1
295	234	2.3400	15
296	186	1.8600	7
297	145	1.4500	7
298	39	0.3900	3
299	205	2.0500	8
300	179	1.7900	10
301	68	0.6800	4
302	8	0.0800	1
303	26	0.2600	2
304	183	1.8300	3
305	127	1.2700	5
306	169	1.6900	7
307	163	1.6300	10
308	219	2.1900	5
309	89	0.8900	7
310	33	0.3300	3
311	43	0.4300	1
312	19	0.1900	1
313	154	1.5400	1
314	24	0.2400	2
315	59	0.5900	4
316	3	0.0300	1
317	27	0.2700	1
318	68	0.6800	4
319	150	1.5000	6
320	197	1.9700	7
321	9	0.0900	1
322	40	0.4000	1
323	11	0.1100	1
324	158	1.5800	4
325	26	0.2600	2
326	98	0.9800	4
327	251	2.5100	10
328	157	1.5700	8
329	25	0.2500	3
330	153	1.5300	5
331	116	1.1600	5
332	264	2.6400	10
333	19	0.1900	3
334	86	0.8600	5
335	196	1.9600	12
336	111	1.1100	5
337	38	0.3800	2
338	45	0.4500	2
339	46	0.4600	2
340	228	2.2800	9
341	217	2.1700	9
342	29	0.2900	2
343	82	0.8200	4
344	100	1.0000	2
345	58	0.5800	2
346	97	0.9700	3
347	109	1.0900	7
348	57	0.5700	2
349	1	0.0100	1
350	90	0.9000	2
351	108	1.0800	3
352	8	0.0800	1
353	154	1.5400	12
354	258	2.5800	10
355	1	0.0100	1
356	272	2.7200	9
357	67	0.6700	3
358	41	0.4100	2
359	138	1.3800	3
360	18	0.1800	1
361	2	0.0200	1
362	34	0.3400	3
363	113	1.1300	4
364	4	0.0400	2
365	364	3.6400	9
366	112	1.1200	9
367	42	0.4200	6
368	28	0.2800	1
369	63	0.6300	3
370	179	1.7900	6
371	113	1.1300	4
372	71	0.7100	2
373	300	3.0000	12
374	157	1.5700	5
375	112	1.1200	6
376	41	0.4100	2
377	1	0.0100	1
378	88	0.8800	3
379	41	0.4100	2
380	4	0.0400	1
381	32	0.3200	2
382	59	0.5900	3
383	87	0.8700	2
384	175	1.7500	10
385	284	2.8400	9
386	349	3.4900	12
387	40	0.4000	2
388	60	0.6000	2
389	390	3.9000	11
390	130	1.3000	2
391	16	0.1600	4
392	114	1.1400	3
393	125	1.2500	5
394	104	1.0400	4
395	58	0.5800	1
396	82	0.8200	1
397	173	1.7300	5
398	34	0.3400	1
399	33	0.3300	1
400	1	0.0100	1
401	317	3.1700	14
402	59	0.5900	4
403	4	0.0400	1
404	138	1.3800	5
405	401	4.0100	7
406	55	0.5500	3
407	38	0.3800	5
408	74	0.7400	3
409	256	2.5600	6
410	104	1.0400	7
411	101	1.0100	2
412	160	1.6000	10
413	75	0.7500	1
414	71	0.7100	3
415	7	0.0700	1
416	169	1.6900	4
417	22	0.2200	1
418	31	0.3100	3
419	58	0.5800	2
420	25	0.2500	2
421	56	0.5600	1
422	240	2.4000	11
423	179	1.7900	10
424	34	0.3400	5
425	14	0.1400	1
426	109	1.0900	3
427	153	1.5300	8
428	126	1.2600	4
429	85	0.8500	3
430	91	0.9100	3
431	242	2.4200	4
432	54	0.5400	5
433	3	0.0300	1
434	43	0.4300	2
435	8	0.0800	3
436	75	0.7500	5
437	86	0.8600	4
438	28	0.2800	4
439	17	0.1700	3
440	39	0.3900	2
441	33	0.3300	3
442	76	0.7600	4
443	11	0.1100	1
444	191	1.9100	8
445	12	0.1200	1
446	16	0.1600	3
447	399	3.9900	5
448	80	0.8000	6
449	33	0.3300	1
450	63	0.6300	2
451	184	1.8400	7
452	471	4.7100	12
453	23	0.2300	2
454	96	0.9600	4
455	49	0.4900	2
456	24	0.2400	2
457	19	0.1900	1
458	81	0.8100	3
459	8	0.0800	1
460	49	0.4900	1
461	109	1.0900	6
462	99	0.9900	5
463	68	0.6800	2
464	133	1.3300	4
465	142	1.4200	6
466	109	1.0900	5
467	147	1.4700	5
468	6	0.0600	1
469	111	1.1100	5
470	250	2.5000	10
471	93	0.9300	5
472	188	1.8800	6
473	191	1.9100	5
474	24	0.2400	2
475	206	2.0600	7
476	40	0.4000	4
477	56	0.5600	4
478	186	1.8600	10
479	23	0.2300	3
480	36	0.3600	2
481	165	1.6500	7
482	40	0.4000	2
483	276	2.7600	9
484	13	0.1300	1
485	257	2.5700	10
486	81	0.8100	5
487	60	0.6000	2
488	394	3.9400	10
489	225	2.2500	5
490	484	4.8400	12
491	226	2.2600	5
492	129	1.2900	8
493	62	0.6200	3
494	172	1.7200	7
495	52	0.5200	1
496	58	0.5800	3
497	29	0.2900	3
498	216	2.1600	5
499	93	0.9300	7
500	144	1.4400	4
501	7	0.0700	1
502	46	0.4600	3
503	71	0.7100	1
504	281	2.8100	7
505	43	0.4300	1
506	308	3.0800	11
507	369	3.6900	13
508	37	0.3700	4
509	24	0.2400	2
510	122	1.2200	5
511	478	4.7800	10
512	108	1.0800	6
513	118	1.1800	4
514	4	0.0400	1
515	184	1.8400	8
516	173	1.7300	8
517	170	1.7000	9
518	99	0.9900	5
519	177	1.7700	7
520	12	0.1200	1
521	17	0.1700	2
522	2	0.0200	1
523	29	0.2900	2
524	16	0.1600	1
525	97	0.9700	3
526	48	0.4800	3
527	15	0.1500	1
528	38	0.3800	3
529	10	0.1000	1
530	183	1.8300	6
531	79	0.7900	8
532	37	0.3700	2
533	113	1.1300	4
534	38	0.3800	1
535	20	0.2000	2
536	175	1.7500	6
537	154	1.5400	5
538	29	0.2900	2
539	7	0.0700	1
540	131	1.3100	7
541	1	0.0100	1
542	31	0.3100	1
543	64	0.6400	3
544	16	0.1600	3
545	20	0.2000	2
546	31	0.3100	4
547	26	0.2600	1
548	114	1.1400	4
549	30	0.3000	3
550	15	0.1500	1
551	46	0.4600	1
552	9	0.0900	1
553	2	0.0200	2
554	58	0.5800	3
555	82	0.8200	6
556	257	2.5700	8
557	167	1.6700	4
558	7	0.0700	1
559	169	1.6900	5
560	37	0.3700	1
561	198	1.9800	7
562	76	0.7600	6
563	154	1.5400	5
564	39	0.3900	1
565	29	0.2900	1
566	28	0.2800	3
567	153	1.5300	7
568	26	0.2600	1
569	126	1.2600	6
570	61	0.6100	1
571	39	0.3900	4
572	414	4.1400	11
573	77	0.7700	5
574	8	0.0800	2
575	123	1.2300	5
576	23	0.2300	2
577	222	2.2200	14
578	112	1.1200	4
579	4	0.0400	1
580	176	1.7600	7
581	97	0.9700	2
582	160	1.6000	5
583	75	0.7500	3
584	98	0.9800	3
585	14	0.1400	2
586	5	0.0500	1
587	317	3.1700	10
588	14	0.1400	1
589	77	0.7700	8
590	242	2.4200	10
591	61	0.6100	6
592	152	1.5200	5
593	33	0.3300	1
594	1	0.0100	1
595	49	0.4900	1
596	27	0.2700	3
597	6	0.0600	1
598	166	1.6600	5
599	23	0.2300	1
600	89	0.8900	4
601	120	1.2000	3
602	140	1.4000	8
603	5	0.0500	2
604	53	0.5300	4
605	124	1.2400	7
606	119	1.1900	2
607	6	0.0600	1
608	66	0.6600	7
609	46	0.4600	2
610	83	0.8300	5
611	30	0.3000	3
612	406	4.0600	15
613	37	0.3700	3
614	80	0.8000	5
615	46	0.4600	2
616	210	2.1000	8
617	44	0.4400	5
618	81	0.8100	6
619	10	0.1000	1
620	91	0.9100	4
621	309	3.0900	14
622	32	0.3200	4
623	65	0.6500	3
624	36	0.3600	3
625	162	1.6200	6
626	53	0.5300	4
627	150	1.5000	4
628	107	1.0700	7
629	71	0.7100	5
630	17	0.1700	2
631	61	0.6100	4
632	46	0.4600	3
633	7	0.0700	2
634	226	2.2600	6
635	59	0.5900	2
636	121	1.2100	5
637	148	1.4800	9
638	32	0.3200	1
639	23	0.2300	1
640	99	0.9900	3
641	105	1.0500	6
642	6	0.0600	1
643	169	1.6900	7
644	40	0.4000	6
645	123	1.2300	6
646	52	0.5200	1
647	23	0.2300	2
648	195	1.9500	13
649	134	1.3400	8
650	60	0.6000	5
651	323	3.2300	17
652	86	0.8600	2
653	109	1.0900	8
654	119	1.1900	8
655	121	1.2100	6
656	276	2.7600	8
657	96	0.9600	5
658	80	0.8000	4
659	367	3.6700	11
660	3	0.0300	1
661	78	0.7800	1
662	107	1.0700	4
663	129	1.2900	3
664	10	0.1000	2
665	24	0.2400	2
666	21	0.2100	2
667	38	0.3800	3
668	241	2.4100	9
669	71	0.7100	4
670	127	1.2700	6
671	74	0.7400	5
672	142	1.4200	7
673	73	0.7300	3
674	103	1.0300	2
675	13	0.1300	3
676	7	0.0700	3
677	41	0.4100	4
678	85	0.8500	3
679	111	1.1100	4
680	114	1.1400	3
681	28	0.2800	1
682	15	0.1500	1
683	69	0.6900	3
684	15	0.1500	1
685	63	0.6300	4
686	106	1.0600	4
687	77	0.7700	4
688	316	3.1600	16
689	12	0.1200	1
690	43	0.4300	2
691	77	0.7700	4
692	90	0.9000	3
693	156	1.5600	6
694	98	0.9800	4
695	404	4.0400	8
696	79	0.7900	3
697	168	1.6800	6
698	27	0.2700	1
699	582	5.8200	13
700	63	0.6300	2
701	93	0.9300	7
702	66	0.6600	8
703	6	0.0600	3
704	95	0.9500	8
705	44	0.4400	2
706	48	0.4800	5
707	148	1.4800	4
708	60	0.6000	2
709	118	1.1800	6
710	157	1.5700	7
711	103	1.0300	3
712	66	0.6600	7
713	2	0.0200	1
714	42	0.4200	4
715	403	4.0300	14
716	5	0.0500	1
717	64	0.6400	3
718	202	2.0200	6
719	65	0.6500	3
720	54	0.5400	3
721	71	0.7100	5
722	53	0.5300	2
723	18	0.1800	1
724	30	0.3000	1
725	25	0.2500	3
726	114	1.1400	5
727	84	0.8400	2
728	157	1.5700	3
729	217	2.1700	11
730	215	2.1500	9
731	122	1.2200	4
732	17	0.1700	1
733	36	0.3600	1
734	53	0.5300	5
735	88	0.8800	4
736	297	2.9700	7
737	36	0.3600	1
738	63	0.6300	1
739	107	1.0700	3
740	36	0.3600	5
741	43	0.4300	3
742	274	2.7400	8
743	304	3.0400	10
744	27	0.2700	2
745	240	2.4000	6
746	220	2.2000	8
747	85	0.8500	6
748	145	1.4500	5
749	161	1.6100	8
750	145	1.4500	5
751	91	0.9100	2
752	48	0.4800	2
753	55	0.5500	4
754	90	0.9000	5
755	161	1.6100	4
756	157	1.5700	10
757	13	0.1300	1
758	119	1.1900	5
759	136	1.3600	3
760	48	0.4800	3
761	76	0.7600	2
762	32	0.3200	1
763	258	2.5800	13
764	6	0.0600	1
765	14	0.1400	1
766	84	0.8400	2
767	14	0.1400	1
768	175	1.7500	6
769	49	0.4900	4
770	125	1.2500	7
771	195	1.9500	4
772	59	0.5900	1
773	75	0.7500	7
774	48	0.4800	4
775	50	0.5000	4
776	21	0.2100	1
777	97	0.9700	3
778	239	2.3900	11
779	164	1.6400	8
780	77	0.7700	5
781	188	1.8800	4
782	109	1.0900	4
783	1	0.0100	1
784	90	0.9000	5
785	162	1.6200	4
786	206	2.0600	8
787	46	0.4600	3
788	9	0.0900	2
789	165	1.6500	7
790	49	0.4900	3
791	29	0.2900	2
792	26	0.2600	3
793	9	0.0900	2
794	73	0.7300	6
795	215	2.1500	4
796	34	0.3400	2
797	161	1.6100	6
798	5	0.0500	1
799	45	0.4500	3
800	28	0.2800	1
801	97	0.9700	4
802	109	1.0900	5
803	26	0.2600	2
804	131	1.3100	8
805	21	0.2100	3
806	74	0.7400	4
807	121	1.2100	1
808	97	0.9700	7
809	60	0.6000	3
810	13	0.1300	2
811	25	0.2500	1
812	277	2.7700	12
813	95	0.9500	6
814	3	0.0300	1
815	49	0.4900	1
816	85	0.8500	5
817	20	0.2000	2
818	80	0.8000	4
819	69	0.6900	3
820	7	0.0700	1
821	34	0.3400	4
822	50	0.5000	1
823	28	0.2800	3
824	159	1.5900	7
825	136	1.3600	8
826	45	0.4500	1
827	3	0.0300	1
828	31	0.3100	2
829	79	0.7900	2
830	127	1.2700	5
831	55	0.5500	2
832	68	0.6800	1
833	103	1.0300	2
834	11	0.1100	1
835	2	0.0200	1
836	175	1.7500	6
837	66	0.6600	3
838	111	1.1100	4
839	32	0.3200	2
840	43	0.4300	2
841	176	1.7600	7
842	33	0.3300	3
843	26	0.2600	2
844	55	0.5500	2
845	49	0.4900	3
846	174	1.7400	9
847	115	1.1500	6
848	46	0.4600	1
849	183	1.8300	4
850	233	2.3300	7
851	53	0.5300	3
852	117	1.1700	6
853	198	1.9800	6
854	55	0.5500	1
855	14	0.1400	2
856	337	3.3700	8
857	131	1.3100	7
858	57	0.5700	2
859	32	0.3200	2
860	12	0.1200	1
861	45	0.4500	3
862	29	0.2900	5
863	50	0.5000	2
864	8	0.0800	2
865	52	0.5200	4
866	34	0.3400	1
867	127	1.2700	4
868	163	1.6300	4
869	55	0.5500	2
870	111	1.1100	3
871	139	1.3900	5
872	65	0.6500	3
873	120	1.2000	5
874	6	0.0600	2
875	12	0.1200	1
876	93	0.9300	6
877	10	0.1000	1
878	72	0.7200	9
879	96	0.9600	10
880	83	0.8300	4
881	47	0.4700	2
882	11	0.1100	1
883	10	0.1000	1
884	6	0.0600	1
885	185	1.8500	5
886	27	0.2700	3
887	446	4.4600	12
888	107	1.0700	4
889	88	0.8800	4
890	117	1.1700	6
891	98	0.9800	3
892	587	5.8700	16
893	11	0.1100	1
894	95	0.9500	7
895	3	0.0300	1
896	4	0.0400	1
897	26	0.2600	2
898	17	0.1700	2
899	19	0.1900	1
900	66	0.6600	2
901	48	0.4800	4
902	339	3.3900	7
903	104	1.0400	10
904	894	8.9400	16
905	9	0.0900	3
906	121	1.2100	5
907	116	1.1600	5
908	116	1.1600	2
909	20	0.2000	2
910	232	2.3200	8
911	98	0.9800	5
912	23	0.2300	1
913	165	1.6500	7
914	108	1.0800	4
915	52	0.5200	2
916	71	0.7100	1
917	31	0.3100	2
918	9	0.0900	1
919	55	0.5500	4
920	229	2.2900	6
921	123	1.2300	4
922	113	1.1300	4
923	1	0.0100	1
924	114	1.1400	4
925	82	0.8200	5
926	86	0.8600	3
927	66	0.6600	5
928	39	0.3900	2
929	132	1.3200	7
930	149	1.4900	5
931	18	0.1800	2
932	181	1.8100	4
933	316	3.1600	5
934	18	0.1800	1
935	17	0.1700	2
936	240	2.4000	9
937	267	2.6700	10
938	22	0.2200	2
939	29	0.2900	2
940	172	1.7200	9
941	1	0.0100	1
942	57	0.5700	4
943	139	1.3900	3
944	228	2.2800	8
945	199	1.9900	8
946	15	0.1500	2
947	27	0.2700	1
948	35	0.3500	2
949	101	1.0100	5
950	55	0.5500	3
951	355	3.5500	10
952	46	0.4600	2
953	68	0.6800	2
954	73	0.7300	4
955	263	2.6300	6
956	252	2.5200	8
957	21	0.2100	2
958	43	0.4300	1
959	15	0.1500	1
960	180	1.8000	5
961	43	0.4300	2
962	17	0.1700	2
963	22	0.2200	1
964	136	1.3600	4
965	43	0.4300	2
966	13	0.1300	1
967	40	0.4000	2
968	203	2.0300	8
969	223	2.2300	9
970	62	0.6200	2
971	2	0.0200	1
972	263	2.6300	5
973	198	1.9800	7
974	360	3.6000	11
975	36	0.3600	1
976	46	0.4600	2
977	256	2.5600	8
978	52	0.5200	3
979	106	1.0600	2
980	14	0.1400	1
981	25	0.2500	1
982	26	0.2600	2
983	21	0.2100	1
984	54	0.5400	2
985	10	0.1000	1
986	16	0.1600	1
987	278	2.7800	8
988	159	1.5900	7
989	128	1.2800	3
990	12	0.1200	3
991	70	0.7000	2
992	13	0.1300	1
993	78	0.7800	1
994	36	0.3600	1
995	24	0.2400	2
996	96	0.9600	6
997	8	0.0800	1
998	15	0.1500	1
999	54	0.5400	3
# Simulation completed.
