# Creating system...
# System created with N=1000 particles

# Initial state:
# Susceptibles: 999, Infected: 1

# Starting simulation...
# Relz	Step	Time	sigma	R0
0	4	0.0400	1
1	13	0.1300	1
2	1	0.0100	1
3	17	0.1700	1
4	13	0.1300	2
5	4	0.0400	1
6	3	0.0300	1
7	23	0.2300	1
8	20	0.2000	2
9	20	0.2000	1
10	3	0.0300	1
11	16	0.1600	1
12	8	0.0800	2
13	4	0.0400	1
14	13	0.1300	1
15	12	0.1200	1
16	1	0.0100	1
17	4	0.0400	1
18	6	0.0600	1
19	1	0.0100	1
20	12	0.1200	1
21	10	0.1000	1
22	4	0.0400	1
23	3	0.0300	1
24	12	0.1200	1
25	1	0.0100	1
26	5	0.0500	1
27	12	0.1200	1
28	9	0.0900	1
29	32	0.3200	1
30	13	0.1300	2
31	3	0.0300	1
32	17	0.1700	1
33	14	0.1400	1
34	7	0.0700	1
35	38	0.3800	2
36	1	0.0100	1
37	22	0.2200	1
38	3	0.0300	1
39	25	0.2500	2
40	16	0.1600	1
41	8	0.0800	1
42	4	0.0400	1
43	8	0.0800	1
44	3	0.0300	1
45	6	0.0600	1
46	39	0.3900	1
47	3	0.0300	2
48	11	0.1100	3
49	15	0.1500	1
50	6	0.0600	1
51	11	0.1100	1
52	9	0.0900	1
53	12	0.1200	1
54	3	0.0300	1
55	8	0.0800	1
56	4	0.0400	1
57	13	0.1300	1
58	6	0.0600	1
59	23	0.2300	1
60	37	0.3700	1
61	11	0.1100	1
62	2	0.0200	1
63	8	0.0800	1
64	6	0.0600	1
65	11	0.1100	1
66	12	0.1200	1
67	2	0.0200	1
68	7	0.0700	1
69	9	0.0900	1
70	1	0.0100	1
71	5	0.0500	1
72	7	0.0700	1
73	10	0.1000	1
74	7	0.0700	1
75	3	0.0300	1
76	14	0.1400	1
77	3	0.0300	1
78	29	0.2900	1
79	9	0.0900	2
80	7	0.0700	1
81	2	0.0200	1
82	5	0.0500	1
83	1	0.0100	1
84	5	0.0500	1
85	12	0.1200	1
86	7	0.0700	1
87	4	0.0400	1
88	2	0.0200	1
89	6	0.0600	1
90	2	0.0200	1
91	3	0.0300	1
92	32	0.3200	2
93	1	0.0100	1
94	18	0.1800	1
95	7	0.0700	1
96	2	0.0200	1
97	2	0.0200	1
98	5	0.0500	1
99	2	0.0200	1
100	15	0.1500	3
101	2	0.0200	1
102	16	0.1600	2
103	1	0.0100	1
104	21	0.2100	1
105	3	0.0300	1
106	2	0.0200	1
107	1	0.0100	1
108	5	0.0500	1
109	5	0.0500	1
110	18	0.1800	1
111	19	0.1900	1
112	16	0.1600	2
113	1	0.0100	1
114	22	0.2200	1
115	2	0.0200	1
116	1	0.0100	1
117	26	0.2600	1
118	8	0.0800	1
119	24	0.2400	2
120	3	0.0300	1
121	1	0.0100	1
122	3	0.0300	1
123	15	0.1500	1
124	11	0.1100	1
125	1	0.0100	1
126	1	0.0100	1
127	13	0.1300	1
128	2	0.0200	1
129	8	0.0800	1
130	33	0.3300	1
131	1	0.0100	1
132	1	0.0100	1
133	3	0.0300	1
134	14	0.1400	1
135	1	0.0100	1
136	2	0.0200	1
137	4	0.0400	1
138	9	0.0900	1
139	1	0.0100	1
140	1	0.0100	1
141	9	0.0900	1
142	6	0.0600	1
143	1	0.0100	1
144	12	0.1200	1
145	6	0.0600	1
146	29	0.2900	2
147	6	0.0600	1
148	5	0.0500	1
149	6	0.0600	1
150	13	0.1300	1
151	13	0.1300	1
152	25	0.2500	1
153	16	0.1600	1
154	82	0.8200	2
155	26	0.2600	1
156	6	0.0600	1
157	1	0.0100	1
158	31	0.3100	1
159	5	0.0500	1
160	19	0.1900	1
161	16	0.1600	2
162	7	0.0700	1
163	17	0.1700	2
164	19	0.1900	1
165	3	0.0300	1
166	15	0.1500	1
167	11	0.1100	1
168	5	0.0500	1
169	2	0.0200	1
170	21	0.2100	2
171	48	0.4800	3
172	9	0.0900	1
173	2	0.0200	1
174	2	0.0200	1
175	11	0.1100	1
176	16	0.1600	1
177	14	0.1400	1
178	3	0.0300	1
179	12	0.1200	1
180	6	0.0600	1
181	2	0.0200	1
182	32	0.3200	2
183	4	0.0400	1
184	2	0.0200	1
185	17	0.1700	1
186	12	0.1200	1
187	5	0.0500	1
188	11	0.1100	1
189	1	0.0100	1
190	7	0.0700	1
191	1	0.0100	1
192	13	0.1300	1
193	41	0.4100	2
194	3	0.0300	1
195	4	0.0400	1
196	14	0.1400	1
197	13	0.1300	1
198	11	0.1100	1
199	1	0.0100	1
200	9	0.0900	1
201	1	0.0100	1
202	8	0.0800	1
203	4	0.0400	1
204	2	0.0200	1
205	12	0.1200	1
206	4	0.0400	1
207	4	0.0400	1
208	5	0.0500	1
209	1	0.0100	1
210	5	0.0500	1
211	9	0.0900	1
212	9	0.0900	1
213	4	0.0400	1
214	1	0.0100	1
215	5	0.0500	1
216	20	0.2000	1
217	6	0.0600	1
218	18	0.1800	2
219	11	0.1100	1
220	21	0.2100	1
221	2	0.0200	1
222	14	0.1400	1
223	31	0.3100	1
224	16	0.1600	1
225	30	0.3000	1
226	7	0.0700	1
227	8	0.0800	1
228	13	0.1300	2
229	11	0.1100	1
230	21	0.2100	1
231	11	0.1100	1
232	3	0.0300	1
233	16	0.1600	1
234	1	0.0100	1
235	4	0.0400	1
236	1	0.0100	1
237	15	0.1500	1
238	19	0.1900	1
239	16	0.1600	2
240	18	0.1800	1
241	2	0.0200	1
242	3	0.0300	2
243	2	0.0200	1
244	8	0.0800	1
245	21	0.2100	1
246	5	0.0500	1
247	1	0.0100	1
248	6	0.0600	1
249	20	0.2000	1
250	6	0.0600	1
251	12	0.1200	1
252	7	0.0700	1
253	6	0.0600	1
254	6	0.0600	1
255	11	0.1100	2
256	4	0.0400	1
257	7	0.0700	1
258	4	0.0400	1
259	21	0.2100	1
260	39	0.3900	3
261	1	0.0100	1
262	31	0.3100	1
263	7	0.0700	1
264	25	0.2500	2
265	17	0.1700	1
266	2	0.0200	1
267	1	0.0100	1
268	33	0.3300	1
269	8	0.0800	2
270	16	0.1600	1
271	7	0.0700	1
272	1	0.0100	1
273	7	0.0700	1
274	5	0.0500	1
275	1	0.0100	1
276	4	0.0400	1
277	8	0.0800	1
278	14	0.1400	1
279	9	0.0900	1
280	2	0.0200	1
281	25	0.2500	2
282	4	0.0400	2
283	41	0.4100	1
284	25	0.2500	2
285	11	0.1100	1
286	6	0.0600	1
287	6	0.0600	1
288	27	0.2700	1
289	5	0.0500	1
290	3	0.0300	1
291	5	0.0500	1
292	17	0.1700	2
293	6	0.0600	1
294	13	0.1300	1
295	2	0.0200	1
296	1	0.0100	1
297	10	0.1000	1
298	1	0.0100	1
299	12	0.1200	1
300	8	0.0800	1
301	13	0.1300	1
302	7	0.0700	1
303	2	0.0200	1
304	10	0.1000	1
305	9	0.0900	1
306	28	0.2800	2
307	14	0.1400	1
308	3	0.0300	1
309	4	0.0400	1
310	5	0.0500	1
311	15	0.1500	1
312	4	0.0400	1
313	7	0.0700	1
314	9	0.0900	1
315	1	0.0100	1
316	4	0.0400	1
317	22	0.2200	2
318	4	0.0400	2
319	1	0.0100	1
320	17	0.1700	1
321	6	0.0600	1
322	6	0.0600	1
323	42	0.4200	2
324	38	0.3800	4
325	2	0.0200	1
326	3	0.0300	1
327	20	0.2000	1
328	5	0.0500	1
329	2	0.0200	1
330	10	0.1000	1
331	18	0.1800	1
332	14	0.1400	1
333	5	0.0500	1
334	8	0.0800	1
335	10	0.1000	2
336	15	0.1500	1
337	6	0.0600	1
338	21	0.2100	2
339	6	0.0600	1
340	1	0.0100	1
341	6	0.0600	1
342	2	0.0200	1
343	1	0.0100	1
344	3	0.0300	1
345	2	0.0200	1
346	15	0.1500	1
347	11	0.1100	1
348	4	0.0400	1
349	11	0.1100	1
350	23	0.2300	1
351	2	0.0200	1
352	9	0.0900	1
353	2	0.0200	1
354	23	0.2300	1
355	4	0.0400	1
356	8	0.0800	1
357	8	0.0800	2
358	1	0.0100	1
359	3	0.0300	1
360	11	0.1100	1
361	7	0.0700	1
362	13	0.1300	1
363	9	0.0900	1
364	13	0.1300	1
365	14	0.1400	1
366	19	0.1900	1
367	10	0.1000	1
368	10	0.1000	1
369	22	0.2200	2
370	4	0.0400	1
371	25	0.2500	1
372	15	0.1500	1
373	10	0.1000	3
374	33	0.3300	1
375	3	0.0300	1
376	5	0.0500	1
377	2	0.0200	1
378	6	0.0600	1
379	4	0.0400	1
380	11	0.1100	1
381	3	0.0300	1
382	16	0.1600	1
383	9	0.0900	1
384	2	0.0200	1
385	6	0.0600	1
386	13	0.1300	1
387	6	0.0600	1
388	1	0.0100	1
389	12	0.1200	2
390	4	0.0400	1
391	7	0.0700	1
392	1	0.0100	1
393	5	0.0500	1
394	18	0.1800	1
395	10	0.1000	1
396	6	0.0600	1
397	3	0.0300	1
398	1	0.0100	1
399	3	0.0300	1
400	16	0.1600	1
401	1	0.0100	1
402	9	0.0900	1
403	7	0.0700	1
404	13	0.1300	1
405	5	0.0500	1
406	5	0.0500	1
407	1	0.0100	1
408	16	0.1600	1
409	9	0.0900	2
410	11	0.1100	1
411	5	0.0500	1
412	7	0.0700	1
413	11	0.1100	1
414	7	0.0700	1
415	12	0.1200	1
416	35	0.3500	1
417	27	0.2700	2
418	5	0.0500	1
419	18	0.1800	1
420	17	0.1700	1
421	15	0.1500	1
422	2	0.0200	1
423	4	0.0400	1
424	9	0.0900	1
425	7	0.0700	1
426	1	0.0100	1
427	31	0.3100	1
428	8	0.0800	1
429	5	0.0500	1
430	12	0.1200	1
431	41	0.4100	2
432	13	0.1300	2
433	10	0.1000	2
434	1	0.0100	1
435	4	0.0400	1
436	3	0.0300	1
437	5	0.0500	1
438	1	0.0100	1
439	3	0.0300	1
440	2	0.0200	1
441	23	0.2300	1
442	1	0.0100	1
443	34	0.3400	2
444	21	0.2100	1
445	4	0.0400	1
446	6	0.0600	1
447	10	0.1000	1
448	2	0.0200	1
449	5	0.0500	1
450	9	0.0900	1
451	15	0.1500	1
452	4	0.0400	1
453	3	0.0300	1
454	3	0.0300	1
455	2	0.0200	1
456	20	0.2000	1
457	22	0.2200	2
458	8	0.0800	1
459	6	0.0600	1
460	9	0.0900	1
461	9	0.0900	1
462	6	0.0600	1
463	35	0.3500	1
464	7	0.0700	1
465	1	0.0100	1
466	37	0.3700	1
467	6	0.0600	1
468	10	0.1000	1
469	1	0.0100	1
470	7	0.0700	1
471	11	0.1100	1
472	8	0.0800	1
473	4	0.0400	1
474	1	0.0100	1
475	3	0.0300	1
476	3	0.0300	1
477	4	0.0400	1
478	3	0.0300	1
479	11	0.1100	1
480	3	0.0300	1
481	3	0.0300	1
482	5	0.0500	1
483	8	0.0800	1
484	13	0.1300	1
485	3	0.0300	1
486	3	0.0300	1
487	1	0.0100	1
488	1	0.0100	1
489	1	0.0100	1
490	2	0.0200	1
491	4	0.0400	1
492	26	0.2600	1
493	26	0.2600	1
494	33	0.3300	1
495	4	0.0400	1
496	3	0.0300	1
497	2	0.0200	1
498	3	0.0300	1
499	9	0.0900	2
500	10	0.1000	1
501	30	0.3000	1
502	14	0.1400	1
503	2	0.0200	1
504	11	0.1100	1
505	6	0.0600	1
506	4	0.0400	1
507	4	0.0400	1
508	7	0.0700	1
509	5	0.0500	1
510	2	0.0200	1
511	3	0.0300	1
512	4	0.0400	1
513	2	0.0200	1
514	5	0.0500	1
515	15	0.1500	1
516	9	0.0900	1
517	11	0.1100	1
518	19	0.1900	1
519	11	0.1100	1
520	11	0.1100	1
521	5	0.0500	1
522	1	0.0100	1
523	3	0.0300	2
524	27	0.2700	3
525	7	0.0700	1
526	3	0.0300	1
527	4	0.0400	1
528	9	0.0900	1
529	2	0.0200	1
530	4	0.0400	1
531	15	0.1500	1
532	6	0.0600	1
533	26	0.2600	2
534	4	0.0400	1
535	13	0.1300	1
536	9	0.0900	1
537	2	0.0200	1
538	9	0.0900	1
539	16	0.1600	2
540	5	0.0500	1
541	12	0.1200	1
542	4	0.0400	2
543	19	0.1900	2
544	4	0.0400	1
545	17	0.1700	1
546	21	0.2100	1
547	4	0.0400	1
548	51	0.5100	3
549	1	0.0100	1
550	3	0.0300	1
551	9	0.0900	1
552	1	0.0100	1
553	6	0.0600	1
554	1	0.0100	1
555	12	0.1200	2
556	21	0.2100	2
557	6	0.0600	1
558	16	0.1600	1
559	4	0.0400	1
560	35	0.3500	1
561	2	0.0200	1
562	7	0.0700	1
563	3	0.0300	1
564	23	0.2300	3
565	1	0.0100	1
566	7	0.0700	1
567	50	0.5000	2
568	5	0.0500	1
569	24	0.2400	1
570	23	0.2300	2
571	4	0.0400	1
572	47	0.4700	1
573	12	0.1200	2
574	13	0.1300	1
575	4	0.0400	1
576	1	0.0100	1
577	20	0.2000	1
578	17	0.1700	1
579	18	0.1800	1
580	37	0.3700	1
581	18	0.1800	1
582	6	0.0600	1
583	12	0.1200	1
584	9	0.0900	1
585	4	0.0400	1
586	5	0.0500	1
587	9	0.0900	1
588	8	0.0800	1
589	18	0.1800	1
590	1	0.0100	1
591	8	0.0800	1
592	2	0.0200	1
593	13	0.1300	1
594	13	0.1300	1
595	3	0.0300	1
596	20	0.2000	1
597	7	0.0700	1
598	16	0.1600	1
599	1	0.0100	1
600	10	0.1000	1
601	25	0.2500	1
602	14	0.1400	2
603	5	0.0500	1
604	7	0.0700	1
605	7	0.0700	1
606	1	0.0100	1
607	11	0.1100	1
608	11	0.1100	1
609	4	0.0400	1
610	13	0.1300	2
611	11	0.1100	1
612	22	0.2200	1
613	5	0.0500	1
614	12	0.1200	1
615	20	0.2000	1
616	1	0.0100	1
617	27	0.2700	2
618	6	0.0600	1
619	18	0.1800	1
620	13	0.1300	1
621	4	0.0400	1
622	4	0.0400	1
623	3	0.0300	1
624	27	0.2700	1
625	15	0.1500	1
626	5	0.0500	1
627	27	0.2700	2
628	7	0.0700	1
629	21	0.2100	1
630	1	0.0100	1
631	14	0.1400	1
632	9	0.0900	1
633	7	0.0700	1
634	18	0.1800	1
635	4	0.0400	1
636	17	0.1700	1
637	5	0.0500	1
638	5	0.0500	1
639	26	0.2600	2
640	2	0.0200	1
641	18	0.1800	1
642	1	0.0100	1
643	6	0.0600	1
644	5	0.0500	1
645	1	0.0100	1
646	3	0.0300	1
647	13	0.1300	1
648	5	0.0500	1
649	3	0.0300	1
650	1	0.0100	1
651	3	0.0300	1
652	7	0.0700	1
653	2	0.0200	1
654	9	0.0900	1
655	15	0.1500	1
656	14	0.1400	1
657	1	0.0100	1
658	10	0.1000	1
659	1	0.0100	1
660	19	0.1900	1
661	7	0.0700	1
662	5	0.0500	1
663	5	0.0500	1
664	4	0.0400	1
665	7	0.0700	1
666	5	0.0500	1
667	3	0.0300	1
668	21	0.2100	2
669	17	0.1700	2
670	26	0.2600	1
671	10	0.1000	1
672	18	0.1800	1
673	6	0.0600	1
674	2	0.0200	1
675	2	0.0200	1
676	2	0.0200	1
677	33	0.3300	1
678	19	0.1900	2
679	4	0.0400	1
680	2	0.0200	1
681	6	0.0600	1
682	18	0.1800	1
683	3	0.0300	1
684	2	0.0200	1
685	3	0.0300	1
686	5	0.0500	1
687	15	0.1500	1
688	5	0.0500	1
689	22	0.2200	3
690	6	0.0600	1
691	7	0.0700	1
692	1	0.0100	1
693	25	0.2500	1
694	17	0.1700	1
695	9	0.0900	2
696	2	0.0200	2
697	5	0.0500	1
698	19	0.1900	1
699	17	0.1700	1
700	5	0.0500	1
701	6	0.0600	1
702	5	0.0500	1
703	17	0.1700	1
704	17	0.1700	1
705	24	0.2400	1
706	8	0.0800	1
707	2	0.0200	1
708	11	0.1100	1
709	4	0.0400	1
710	1	0.0100	1
711	25	0.2500	1
712	2	0.0200	1
713	6	0.0600	1
714	23	0.2300	2
715	9	0.0900	1
716	15	0.1500	1
717	6	0.0600	1
718	5	0.0500	1
719	19	0.1900	1
720	1	0.0100	1
721	14	0.1400	1
722	4	0.0400	1
723	24	0.2400	1
724	12	0.1200	1
725	7	0.0700	1
726	11	0.1100	1
727	3	0.0300	1
728	18	0.1800	1
729	7	0.0700	1
730	6	0.0600	1
731	5	0.0500	1
732	10	0.1000	1
733	37	0.3700	2
734	10	0.1000	3
735	2	0.0200	1
736	56	0.5600	3
737	4	0.0400	1
738	1	0.0100	1
739	8	0.0800	1
740	1	0.0100	1
741	19	0.1900	1
742	15	0.1500	3
743	4	0.0400	1
744	5	0.0500	1
745	7	0.0700	1
746	9	0.0900	1
747	5	0.0500	1
748	23	0.2300	1
749	1	0.0100	1
750	10	0.1000	1
751	2	0.0200	1
752	6	0.0600	1
753	13	0.1300	1
754	24	0.2400	2
755	2	0.0200	1
756	3	0.0300	1
757	35	0.3500	2
758	2	0.0200	1
759	1	0.0100	1
760	11	0.1100	1
761	14	0.1400	1
762	1	0.0100	1
763	19	0.1900	1
764	1	0.0100	1
765	11	0.1100	1
766	9	0.0900	1
767	1	0.0100	1
768	13	0.1300	1
769	19	0.1900	1
770	1	0.0100	1
771	5	0.0500	1
772	14	0.1400	1
773	1	0.0100	1
774	7	0.0700	1
775	19	0.1900	1
776	7	0.0700	1
777	15	0.1500	1
778	26	0.2600	1
779	5	0.0500	1
780	16	0.1600	1
781	7	0.0700	1
782	6	0.0600	1
783	5	0.0500	1
784	21	0.2100	2
785	19	0.1900	1
786	5	0.0500	1
787	2	0.0200	1
788	2	0.0200	1
789	5	0.0500	1
790	8	0.0800	1
791	3	0.0300	1
792	14	0.1400	1
793	2	0.0200	1
794	2	0.0200	1
795	6	0.0600	1
796	6	0.0600	2
797	1	0.0100	1
798	20	0.2000	1
799	11	0.1100	1
800	10	0.1000	1
801	3	0.0300	1
802	16	0.1600	1
803	9	0.0900	1
804	13	0.1300	1
805	9	0.0900	1
806	1	0.0100	1
807	1	0.0100	1
808	2	0.0200	1
809	29	0.2900	1
810	7	0.0700	1
811	44	0.4400	1
812	1	0.0100	1
813	8	0.0800	2
814	8	0.0800	1
815	10	0.1000	1
816	15	0.1500	1
817	39	0.3900	1
818	29	0.2900	2
819	1	0.0100	1
820	9	0.0900	1
821	12	0.1200	1
822	7	0.0700	1
823	5	0.0500	1
824	2	0.0200	1
825	3	0.0300	1
826	1	0.0100	1
827	9	0.0900	1
828	1	0.0100	1
829	1	0.0100	1
830	2	0.0200	1
831	13	0.1300	1
832	3	0.0300	1
833	1	0.0100	1
834	9	0.0900	1
835	56	0.5600	1
836	2	0.0200	1
837	4	0.0400	1
838	6	0.0600	1
839	8	0.0800	1
840	18	0.1800	1
841	8	0.0800	1
842	23	0.2300	2
843	4	0.0400	1
844	26	0.2600	1
845	8	0.0800	1
846	2	0.0200	1
847	7	0.0700	1
848	1	0.0100	1
849	3	0.0300	1
850	1	0.0100	1
851	6	0.0600	1
852	16	0.1600	1
853	22	0.2200	2
854	6	0.0600	1
855	3	0.0300	1
856	4	0.0400	1
857	7	0.0700	2
858	4	0.0400	1
859	8	0.0800	1
860	7	0.0700	1
861	37	0.3700	2
862	2	0.0200	1
863	3	0.0300	1
864	3	0.0300	1
865	2	0.0200	1
866	17	0.1700	1
867	8	0.0800	1
868	9	0.0900	1
869	6	0.0600	1
870	6	0.0600	1
871	2	0.0200	1
872	4	0.0400	1
873	4	0.0400	1
874	6	0.0600	1
875	4	0.0400	1
876	1	0.0100	1
877	22	0.2200	2
878	3	0.0300	1
879	2	0.0200	1
880	31	0.3100	2
881	17	0.1700	1
882	1	0.0100	1
883	12	0.1200	2
884	4	0.0400	1
885	12	0.1200	2
886	28	0.2800	1
887	13	0.1300	2
888	22	0.2200	1
889	8	0.0800	1
890	9	0.0900	1
891	2	0.0200	1
892	1	0.0100	1
893	1	0.0100	1
894	7	0.0700	1
895	1	0.0100	1
896	3	0.0300	1
897	11	0.1100	1
898	11	0.1100	1
899	2	0.0200	2
900	6	0.0600	1
901	24	0.2400	1
902	18	0.1800	1
903	8	0.0800	1
904	15	0.1500	1
905	2	0.0200	1
906	14	0.1400	1
907	2	0.0200	1
908	1	0.0100	1
909	12	0.1200	1
910	9	0.0900	1
911	11	0.1100	1
912	10	0.1000	1
913	6	0.0600	1
914	7	0.0700	1
915	5	0.0500	1
916	2	0.0200	2
917	3	0.0300	1
918	7	0.0700	1
919	7	0.0700	1
920	1	0.0100	1
921	19	0.1900	1
922	6	0.0600	1
923	16	0.1600	1
924	10	0.1000	1
925	3	0.0300	1
926	7	0.0700	2
927	25	0.2500	1
928	4	0.0400	1
929	19	0.1900	1
930	9	0.0900	1
931	8	0.0800	1
932	12	0.1200	1
933	14	0.1400	1
934	9	0.0900	2
935	19	0.1900	2
936	5	0.0500	1
937	8	0.0800	1
938	2	0.0200	1
939	44	0.4400	1
940	3	0.0300	1
941	10	0.1000	1
942	10	0.1000	3
943	8	0.0800	1
944	2	0.0200	1
945	1	0.0100	1
946	1	0.0100	1
947	11	0.1100	1
948	1	0.0100	1
949	23	0.2300	3
950	3	0.0300	2
951	1	0.0100	1
952	1	0.0100	1
953	7	0.0700	1
954	15	0.1500	1
955	2	0.0200	1
956	5	0.0500	1
957	19	0.1900	3
958	1	0.0100	1
959	29	0.2900	3
960	18	0.1800	1
961	1	0.0100	1
962	2	0.0200	1
963	7	0.0700	1
964	2	0.0200	1
965	5	0.0500	1
966	15	0.1500	1
967	3	0.0300	1
968	7	0.0700	1
969	18	0.1800	1
970	2	0.0200	1
971	15	0.1500	1
972	4	0.0400	1
973	3	0.0300	1
974	6	0.0600	1
975	2	0.0200	1
976	10	0.1000	2
977	14	0.1400	1
978	9	0.0900	1
979	17	0.1700	1
980	2	0.0200	1
981	9	0.0900	1
982	2	0.0200	1
983	4	0.0400	1
984	2	0.0200	1
985	11	0.1100	1
986	9	0.0900	1
987	15	0.1500	2
988	13	0.1300	1
989	13	0.1300	1
990	3	0.0300	1
991	1	0.0100	1
992	1	0.0100	1
993	16	0.1600	1
994	3	0.0300	1
995	6	0.0600	1
996	14	0.1400	1
997	1	0.0100	1
998	14	0.1400	1
999	26	0.2600	1
# Simulation completed.
