# Creating system...
# System created with N=1000 particles

# Initial state:
# Susceptibles: 999, Infected: 1

# Starting simulation...
# Relz	Step	Time	sigma	R0
0	57	0.5700	3
1	131	1.3100	10
2	344	3.4400	15
3	46	0.4600	5
4	46	0.4600	2
5	440	4.4000	15
6	53	0.5300	5
7	59	0.5900	1
8	29	0.2900	1
9	148	1.4800	3
10	178	1.7800	6
11	29	0.2900	2
12	146	1.4600	7
13	70	0.7000	3
14	32	0.3200	1
15	201	2.0100	9
16	114	1.1400	7
17	205	2.0500	9
18	640	6.4000	29
19	154	1.5400	11
20	629	6.2900	26
21	177	1.7700	7
22	147	1.4700	6
23	178	1.7800	10
24	69	0.6900	4
25	28	0.2800	2
26	306	3.0600	14
27	72	0.7200	4
28	13	0.1300	2
29	343	3.4300	16
30	92	0.9200	4
31	9	0.0900	1
32	113	1.1300	6
33	29	0.2900	2
34	190	1.9000	10
35	689	6.8900	27
36	127	1.2700	5
37	41	0.4100	2
38	64	0.6400	3
39	143	1.4300	8
40	61	0.6100	3
41	66	0.6600	6
42	46	0.4600	3
43	172	1.7200	11
44	180	1.8000	11
45	122	1.2200	10
46	104	1.0400	9
47	256	2.5600	10
48	8	0.0800	2
49	548	5.4800	24
50	27	0.2700	2
51	141	1.4100	8
52	297	2.9700	20
53	87	0.8700	5
54	333	3.3300	12
55	38	0.3800	6
56	12	0.1200	1
57	191	1.9100	8
58	132	1.3200	7
59	112	1.1200	6
60	163	1.6300	7
61	225	2.2500	7
62	178	1.7800	10
63	22	0.2200	2
64	1	0.0100	1
65	145	1.4500	7
66	28	0.2800	4
67	51	0.5100	3
68	226	2.2600	8
69	26	0.2600	6
70	76	0.7600	2
71	101	1.0100	2
72	4	0.0400	1
73	64	0.6400	2
74	160	1.6000	5
75	148	1.4800	5
76	501	5.0100	25
77	254	2.5400	11
78	43	0.4300	1
79	184	1.8400	11
80	159	1.5900	8
81	12	0.1200	1
82	188	1.8800	11
83	37	0.3700	2
84	249	2.4900	13
85	32	0.3200	2
86	82	0.8200	1
87	88	0.8800	5
88	197	1.9700	12
89	253	2.5300	7
90	33	0.3300	2
91	5	0.0500	1
92	14	0.1400	2
93	178	1.7800	2
94	387	3.8700	20
95	140	1.4000	6
96	403	4.0300	22
97	365	3.6500	12
98	569	5.6900	19
99	13	0.1300	2
100	55	0.5500	2
101	47	0.4700	2
102	60	0.6000	4
103	382	3.8200	20
104	271	2.7100	11
105	56	0.5600	5
106	96	0.9600	5
107	25	0.2500	1
108	143	1.4300	5
109	55	0.5500	3
110	126	1.2600	6
111	32	0.3200	2
112	64	0.6400	2
113	48	0.4800	1
114	147	1.4700	7
115	181	1.8100	7
116	77	0.7700	3
117	209	2.0900	13
118	272	2.7200	10
119	90	0.9000	2
120	16	0.1600	1
121	66	0.6600	2
122	193	1.9300	17
123	2	0.0200	1
124	195	1.9500	5
125	167	1.6700	8
126	22	0.2200	2
127	1	0.0100	1
128	260	2.6000	9
129	38	0.3800	3
130	54	0.5400	4
131	18	0.1800	2
132	191	1.9100	5
133	125	1.2500	7
134	22	0.2200	2
135	86	0.8600	3
136	101	1.0100	6
137	361	3.6100	13
138	43	0.4300	1
139	65	0.6500	5
140	636	6.3600	20
141	912	9.1200	28
142	70	0.7000	3
143	30	0.3000	3
144	38	0.3800	2
145	140	1.4000	4
146	204	2.0400	7
147	12	0.1200	2
148	48	0.4800	3
149	38	0.3800	1
150	183	1.8300	6
151	59	0.5900	3
152	54	0.5400	4
153	424	4.2400	17
154	189	1.8900	14
155	7	0.0700	1
156	64	0.6400	3
157	43	0.4300	3
158	279	2.7900	11
159	276	2.7600	5
160	44	0.4400	2
161	56	0.5600	4
162	320	3.2000	12
163	498	4.9800	21
164	113	1.1300	8
165	670	6.7000	26
166	68	0.6800	4
167	168	1.6800	4
168	91	0.9100	7
169	238	2.3800	14
170	14	0.1400	1
171	44	0.4400	1
172	89	0.8900	3
173	47	0.4700	5
174	17	0.1700	2
175	155	1.5500	7
176	159	1.5900	7
177	28	0.2800	1
178	69	0.6900	4
179	29	0.2900	1
180	83	0.8300	4
181	303	3.0300	13
182	428	4.2800	22
183	3	0.0300	1
184	42	0.4200	4
185	122	1.2200	5
186	15	0.1500	1
187	128	1.2800	4
188	102	1.0200	5
189	25	0.2500	2
190	324	3.2400	14
191	371	3.7100	19
192	2	0.0200	1
193	148	1.4800	12
194	304	3.0400	23
195	87	0.8700	4
196	117	1.1700	6
197	345	3.4500	12
198	401	4.0100	11
199	210	2.1000	7
200	27	0.2700	1
201	7	0.0700	1
202	65	0.6500	3
203	156	1.5600	4
204	171	1.7100	8
205	58	0.5800	2
206	43	0.4300	1
207	136	1.3600	6
208	65	0.6500	1
209	177	1.7700	8
210	7	0.0700	3
211	16	0.1600	2
212	106	1.0600	7
213	1	0.0100	1
214	79	0.7900	1
215	297	2.9700	8
216	96	0.9600	6
217	79	0.7900	4
218	80	0.8000	7
219	70	0.7000	5
220	607	6.0700	25
221	373	3.7300	17
222	63	0.6300	2
223	37	0.3700	4
224	29	0.2900	2
225	96	0.9600	1
226	71	0.7100	3
227	153	1.5300	6
228	63	0.6300	4
229	148	1.4800	5
230	305	3.0500	15
231	167	1.6700	8
232	129	1.2900	6
233	73	0.7300	4
234	79	0.7900	3
235	292	2.9200	7
236	56	0.5600	5
237	69	0.6900	5
238	335	3.3500	13
239	73	0.7300	4
240	314	3.1400	8
241	58	0.5800	1
242	161	1.6100	8
243	274	2.7400	13
244	12	0.1200	3
245	29	0.2900	1
246	452	4.5200	18
247	74	0.7400	9
248	97	0.9700	6
249	477	4.7700	31
250	44	0.4400	2
251	78	0.7800	5
252	192	1.9200	5
253	144	1.4400	7
254	35	0.3500	3
255	298	2.9800	23
256	111	1.1100	5
257	4	0.0400	1
258	124	1.2400	2
259	332	3.3200	9
260	69	0.6900	5
261	133	1.3300	5
262	205	2.0500	7
263	74	0.7400	3
264	340	3.4000	8
265	417	4.1700	15
266	147	1.4700	9
267	2	0.0200	1
268	234	2.3400	7
269	412	4.1200	15
270	178	1.7800	6
271	319	3.1900	16
272	223	2.2300	8
273	40	0.4000	3
274	214	2.1400	13
275	204	2.0400	10
276	28	0.2800	2
277	136	1.3600	7
278	132	1.3200	6
279	91	0.9100	4
280	285	2.8500	18
281	133	1.3300	6
282	133	1.3300	10
283	292	2.9200	8
284	78	0.7800	2
285	279	2.7900	7
286	43	0.4300	5
287	80	0.8000	6
288	663	6.6300	28
289	32	0.3200	3
290	9	0.0900	1
291	176	1.7600	10
292	15	0.1500	4
293	506	5.0600	20
294	782	7.8200	28
295	191	1.9100	10
296	168	1.6800	6
297	23	0.2300	3
298	43	0.4300	4
299	11	0.1100	1
300	149	1.4900	8
301	119	1.1900	6
302	178	1.7800	7
303	30	0.3000	4
304	99	0.9900	5
305	90	0.9000	3
306	60	0.6000	4
307	17	0.1700	3
308	113	1.1300	5
309	148	1.4800	4
310	160	1.6000	6
311	72	0.7200	3
312	31	0.3100	2
313	139	1.3900	4
314	155	1.5500	8
315	38	0.3800	3
316	46	0.4600	2
317	37	0.3700	1
318	277	2.7700	15
319	740	7.4000	38
320	12	0.1200	3
321	57	0.5700	2
322	664	6.6400	23
323	228	2.2800	20
324	3	0.0300	1
325	72	0.7200	3
326	345	3.4500	16
327	96	0.9600	8
328	77	0.7700	3
329	19	0.1900	1
330	718	7.1800	27
331	122	1.2200	5
332	743	7.4300	32
333	14	0.1400	1
334	748	7.4800	31
335	85	0.8500	5
336	5	0.0500	1
337	37	0.3700	4
338	249	2.4900	21
339	18	0.1800	1
340	263	2.6300	15
341	183	1.8300	5
342	48	0.4800	4
343	159	1.5900	3
344	178	1.7800	6
345	453	4.5300	19
346	146	1.4600	9
347	50	0.5000	4
348	449	4.4900	27
349	189	1.8900	8
350	29	0.2900	4
351	2	0.0200	1
352	484	4.8400	19
353	297	2.9700	8
354	4	0.0400	1
355	27	0.2700	2
356	7	0.0700	1
357	741	7.4100	34
358	307	3.0700	13
359	202	2.0200	10
360	251	2.5100	9
361	36	0.3600	1
362	651	6.5100	31
363	97	0.9700	9
364	78	0.7800	3
365	10	0.1000	1
366	92	0.9200	7
367	515	5.1500	23
368	620	6.2000	30
369	7	0.0700	1
370	361	3.6100	16
371	2	0.0200	1
372	96	0.9600	3
373	177	1.7700	8
374	35	0.3500	2
375	309	3.0900	13
376	144	1.4400	6
377	54	0.5400	3
378	196	1.9600	13
379	71	0.7100	4
380	420	4.2000	17
381	469	4.6900	24
382	108	1.0800	3
383	248	2.4800	14
384	30	0.3000	2
385	29	0.2900	1
386	239	2.3900	10
387	538	5.3800	19
388	27	0.2700	3
389	469	4.6900	23
390	215	2.1500	11
391	355	3.5500	18
392	85	0.8500	4
393	45	0.4500	3
394	151	1.5100	10
395	78	0.7800	3
396	12	0.1200	1
397	17	0.1700	2
398	10	0.1000	1
399	46	0.4600	2
400	312	3.1200	14
401	36	0.3600	2
402	89	0.8900	5
403	9	0.0900	1
404	244	2.4400	6
405	168	1.6800	6
406	488	4.8800	15
407	372	3.7200	19
408	158	1.5800	7
409	353	3.5300	10
410	143	1.4300	9
411	215	2.1500	10
412	612	6.1200	24
413	9	0.0900	2
414	189	1.8900	8
415	208	2.0800	7
416	48	0.4800	1
417	623	6.2300	24
418	374	3.7400	10
419	213	2.1300	8
420	423	4.2300	22
421	217	2.1700	7
422	26	0.2600	1
423	91	0.9100	5
424	204	2.0400	12
425	32	0.3200	4
426	10	0.1000	1
427	18	0.1800	1
428	240	2.4000	6
429	227	2.2700	9
430	350	3.5000	16
431	42	0.4200	3
432	31	0.3100	3
433	38	0.3800	1
434	242	2.4200	13
435	437	4.3700	16
436	677	6.7700	24
437	63	0.6300	3
438	270	2.7000	6
439	172	1.7200	8
440	163	1.6300	12
441	378	3.7800	13
442	72	0.7200	5
443	18	0.1800	3
444	58	0.5800	1
445	83	0.8300	4
446	905	9.0500	47
447	3	0.0300	1
448	303	3.0300	17
449	40	0.4000	1
450	109	1.0900	4
451	23	0.2300	4
452	220	2.2000	16
453	305	3.0500	11
454	318	3.1800	11
455	807	8.0700	32
456	29	0.2900	1
457	161	1.6100	9
458	56	0.5600	4
459	366	3.6600	19
460	211	2.1100	14
461	167	1.6700	10
462	103	1.0300	5
463	319	3.1900	17
464	843	8.4300	32
465	143	1.4300	8
466	146	1.4600	8
467	107	1.0700	10
468	218	2.1800	10
469	36	0.3600	3
470	161	1.6100	8
471	48	0.4800	4
472	476	4.7600	19
473	147	1.4700	8
474	79	0.7900	5
475	143	1.4300	7
476	154	1.5400	12
477	197	1.9700	10
478	140	1.4000	7
479	212	2.1200	10
480	186	1.8600	6
481	16	0.1600	1
482	180	1.8000	13
483	125	1.2500	7
484	178	1.7800	5
485	353	3.5300	18
486	93	0.9300	3
487	57	0.5700	2
488	138	1.3800	5
489	13	0.1300	1
490	5	0.0500	1
491	5	0.0500	1
492	4	0.0400	1
493	173	1.7300	8
494	273	2.7300	17
495	38	0.3800	2
496	45	0.4500	5
497	102	1.0200	6
498	96	0.9600	4
499	308	3.0800	11
500	560	5.6000	17
501	8	0.0800	1
502	30	0.3000	3
503	20	0.2000	3
504	59	0.5900	4
505	154	1.5400	10
506	10	0.1000	1
507	32	0.3200	5
508	446	4.4600	20
509	112	1.1200	6
510	63	0.6300	2
511	706	7.0600	37
512	37	0.3700	3
513	570	5.7000	28
514	4	0.0400	1
515	100	1.0000	3
516	45	0.4500	2
517	192	1.9200	14
518	67	0.6700	4
519	523	5.2300	20
520	47	0.4700	3
521	207	2.0700	8
522	11	0.1100	1
523	46	0.4600	4
524	36	0.3600	1
525	55	0.5500	3
526	270	2.7000	7
527	288	2.8800	12
528	207	2.0700	6
529	98	0.9800	7
530	17	0.1700	2
531	47	0.4700	2
532	51	0.5100	2
533	235	2.3500	15
534	47	0.4700	2
535	8	0.0800	1
536	80	0.8000	3
537	540	5.4000	21
538	385	3.8500	12
539	582	5.8200	20
540	161	1.6100	14
541	187	1.8700	8
542	321	3.2100	14
543	124	1.2400	6
544	76	0.7600	2
545	199	1.9900	6
546	146	1.4600	7
547	527	5.2700	28
548	234	2.3400	8
549	160	1.6000	7
550	30	0.3000	4
551	321	3.2100	15
552	78	0.7800	2
553	30	0.3000	2
554	355	3.5500	13
555	21	0.2100	1
556	37	0.3700	4
557	265	2.6500	11
558	521	5.2100	22
559	290	2.9000	13
560	118	1.1800	9
561	44	0.4400	4
562	216	2.1600	7
563	776	7.7600	37
564	86	0.8600	6
565	48	0.4800	4
566	73	0.7300	5
567	143	1.4300	11
568	57	0.5700	5
569	342	3.4200	16
570	86	0.8600	6
571	52	0.5200	6
572	53	0.5300	4
573	136	1.3600	6
574	148	1.4800	3
575	40	0.4000	2
576	481	4.8100	21
577	283	2.8300	17
578	7	0.0700	1
579	2	0.0200	1
580	90	0.9000	3
581	113	1.1300	6
582	5	0.0500	1
583	423	4.2300	19
584	215	2.1500	18
585	11	0.1100	1
586	203	2.0300	15
587	139	1.3900	8
588	67	0.6700	6
589	10	0.1000	2
590	39	0.3900	2
591	33	0.3300	3
592	169	1.6900	12
593	472	4.7200	21
594	62	0.6200	3
595	197	1.9700	5
596	30	0.3000	6
597	17	0.1700	4
598	31	0.3100	2
599	113	1.1300	8
600	264	2.6400	13
601	72	0.7200	3
602	240	2.4000	9
603	416	4.1600	20
604	22	0.2200	1
605	157	1.5700	6
606	554	5.5400	28
607	109	1.0900	6
608	88	0.8800	6
609	3	0.0300	1
610	56	0.5600	4
611	322	3.2200	12
612	183	1.8300	12
613	265	2.6500	10
614	253	2.5300	10
615	22	0.2200	2
616	222	2.2200	9
617	49	0.4900	4
618	356	3.5600	14
619	7	0.0700	1
620	2	0.0200	1
621	46	0.4600	2
622	12	0.1200	1
623	7	0.0700	1
624	155	1.5500	11
625	144	1.4400	1
626	215	2.1500	8
627	87	0.8700	3
628	51	0.5100	4
629	173	1.7300	9
630	144	1.4400	7
631	370	3.7000	18
632	153	1.5300	3
633	178	1.7800	11
634	87	0.8700	7
635	34	0.3400	2
636	80	0.8000	6
637	166	1.6600	7
638	21	0.2100	3
639	491	4.9100	24
640	284	2.8400	16
641	334	3.3400	18
642	4	0.0400	1
643	16	0.1600	1
644	186	1.8600	10
645	15	0.1500	2
646	28	0.2800	3
647	11	0.1100	1
648	41	0.4100	3
649	217	2.1700	4
650	141	1.4100	5
651	33	0.3300	2
652	316	3.1600	11
653	120	1.2000	6
654	279	2.7900	15
655	28	0.2800	2
656	38	0.3800	3
657	40	0.4000	4
658	199	1.9900	10
659	56	0.5600	4
660	72	0.7200	2
661	323	3.2300	9
662	17	0.1700	2
663	324	3.2400	15
664	265	2.6500	14
665	439	4.3900	20
666	307	3.0700	12
667	604	6.0400	23
668	22	0.2200	2
669	6	0.0600	2
670	83	0.8300	1
671	143	1.4300	9
672	166	1.6600	7
673	6	0.0600	1
674	4	0.0400	1
675	65	0.6500	5
676	467	4.6700	26
677	71	0.7100	2
678	298	2.9800	12
679	76	0.7600	5
680	267	2.6700	16
681	99	0.9900	7
682	236	2.3600	9
683	201	2.0100	6
684	27	0.2700	1
685	51	0.5100	1
686	94	0.9400	6
687	297	2.9700	14
688	8	0.0800	1
689	70	0.7000	4
690	30	0.3000	5
691	488	4.8800	37
692	126	1.2600	5
693	31	0.3100	3
694	231	2.3100	12
695	96	0.9600	3
696	277	2.7700	11
697	105	1.0500	8
698	348	3.4800	16
699	84	0.8400	3
700	280	2.8000	10
701	62	0.6200	4
702	70	0.7000	3
703	109	1.0900	5
704	30	0.3000	1
705	45	0.4500	3
706	48	0.4800	5
707	7	0.0700	1
708	259	2.5900	10
709	246	2.4600	14
710	272	2.7200	8
711	54	0.5400	3
712	174	1.7400	9
713	115	1.1500	6
714	270	2.7000	12
715	129	1.2900	10
716	54	0.5400	3
717	197	1.9700	7
718	44	0.4400	1
719	51	0.5100	3
720	8	0.0800	1
721	106	1.0600	10
722	598	5.9800	21
723	141	1.4100	9
724	102	1.0200	12
725	147	1.4700	2
726	24	0.2400	2
727	273	2.7300	14
728	71	0.7100	6
729	49	0.4900	4
730	13	0.1300	1
731	418	4.1800	26
732	55	0.5500	3
733	32	0.3200	2
734	53	0.5300	3
735	338	3.3800	12
736	33	0.3300	1
737	458	4.5800	15
738	116	1.1600	5
739	4	0.0400	1
740	180	1.8000	7
741	268	2.6800	13
742	294	2.9400	10
743	50	0.5000	2
744	32	0.3200	1
745	72	0.7200	2
746	1168	11.6800	55
747	147	1.4700	6
748	169	1.6900	8
749	354	3.5400	17
750	40	0.4000	3
751	159	1.5900	6
752	63	0.6300	5
753	43	0.4300	3
754	97	0.9700	4
755	27	0.2700	1
756	64	0.6400	7
757	126	1.2600	10
758	208	2.0800	10
759	120	1.2000	3
760	115	1.1500	5
761	155	1.5500	7
762	75	0.7500	4
763	87	0.8700	5
764	23	0.2300	2
765	22	0.2200	1
766	258	2.5800	8
767	378	3.7800	14
768	84	0.8400	5
769	184	1.8400	8
770	217	2.1700	10
771	329	3.2900	16
772	3	0.0300	1
773	5	0.0500	1
774	171	1.7100	8
775	70	0.7000	3
776	533	5.3300	17
777	298	2.9800	14
778	72	0.7200	4
779	139	1.3900	7
780	74	0.7400	6
781	31	0.3100	2
782	359	3.5900	10
783	33	0.3300	1
784	150	1.5000	9
785	46	0.4600	3
786	102	1.0200	2
787	150	1.5000	7
788	67	0.6700	4
789	136	1.3600	9
790	434	4.3400	20
791	463	4.6300	19
792	282	2.8200	20
793	512	5.1200	16
794	91	0.9100	5
795	13	0.1300	1
796	481	4.8100	20
797	26	0.2600	2
798	475	4.7500	14
799	331	3.3100	14
800	148	1.4800	5
801	227	2.2700	7
802	108	1.0800	7
803	56	0.5600	5
804	56	0.5600	2
805	13	0.1300	1
806	135	1.3500	10
807	123	1.2300	3
808	23	0.2300	1
809	14	0.1400	2
810	178	1.7800	6
811	38	0.3800	4
812	691	6.9100	23
813	219	2.1900	15
814	36	0.3600	2
815	35	0.3500	3
816	8	0.0800	2
817	96	0.9600	8
818	180	1.8000	12
819	135	1.3500	5
820	67	0.6700	3
821	24	0.2400	3
822	51	0.5100	4
823	130	1.3000	7
824	11	0.1100	2
825	68	0.6800	3
826	41	0.4100	4
827	63	0.6300	5
828	11	0.1100	1
829	144	1.4400	7
830	353	3.5300	14
831	180	1.8000	8
832	162	1.6200	8
833	260	2.6000	11
834	122	1.2200	3
835	75	0.7500	3
836	68	0.6800	5
837	32	0.3200	1
838	287	2.8700	18
839	74	0.7400	6
840	127	1.2700	7
841	49	0.4900	1
842	129	1.2900	4
843	32	0.3200	2
844	84	0.8400	4
845	682	6.8200	28
846	174	1.7400	7
847	530	5.3000	13
848	59	0.5900	4
849	28	0.2800	3
850	364	3.6400	17
851	56	0.5600	3
852	40	0.4000	3
853	176	1.7600	5
854	171	1.7100	7
855	343	3.4300	22
856	92	0.9200	2
857	121	1.2100	6
858	505	5.0500	22
859	126	1.2600	8
860	339	3.3900	11
861	71	0.7100	3
862	34	0.3400	3
863	55	0.5500	4
864	1	0.0100	1
865	23	0.2300	2
866	124	1.2400	10
867	69	0.6900	4
868	6	0.0600	1
869	9	0.0900	1
870	64	0.6400	4
871	131	1.3100	7
872	39	0.3900	1
873	237	2.3700	12
874	399	3.9900	19
875	12	0.1200	3
876	56	0.5600	2
877	162	1.6200	7
878	5	0.0500	1
879	518	5.1800	18
880	118	1.1800	8
881	126	1.2600	12
882	47	0.4700	3
883	40	0.4000	4
884	276	2.7600	11
885	956	9.5600	45
886	176	1.7600	8
887	306	3.0600	8
888	162	1.6200	8
889	87	0.8700	8
890	27	0.2700	2
891	6	0.0600	1
892	17	0.1700	1
893	61	0.6100	3
894	257	2.5700	8
895	222	2.2200	10
896	297	2.9700	21
897	149	1.4900	6
898	123	1.2300	10
899	456	4.5600	21
900	77	0.7700	4
901	87	0.8700	5
902	664	6.6400	23
903	242	2.4200	10
904	318	3.1800	11
905	2	0.0200	1
906	85	0.8500	7
907	87	0.8700	4
908	576	5.7600	29
909	145	1.4500	8
910	138	1.3800	8
911	111	1.1100	4
912	10	0.1000	1
913	9	0.0900	1
914	60	0.6000	1
915	58	0.5800	3
916	146	1.4600	3
917	47	0.4700	2
918	140	1.4000	7
919	119	1.1900	4
920	466	4.6600	15
921	233	2.3300	17
922	235	2.3500	11
923	346	3.4600	13
924	294	2.9400	7
925	123	1.2300	4
926	114	1.1400	7
927	542	5.4200	29
928	58	0.5800	4
929	68	0.6800	7
930	25	0.2500	2
931	1121	11.2100	36
932	184	1.8400	4
933	365	3.6500	15
934	20	0.2000	1
935	138	1.3800	9
936	41	0.4100	2
937	142	1.4200	4
938	21	0.2100	1
939	6	0.0600	1
940	6	0.0600	1
941	54	0.5400	1
942	194	1.9400	6
943	448	4.4800	14
944	158	1.5800	5
945	163	1.6300	6
946	47	0.4700	2
947	60	0.6000	5
948	116	1.1600	6
949	291	2.9100	12
950	201	2.0100	15
951	103	1.0300	5
952	318	3.1800	15
953	47	0.4700	5
954	100	1.0000	2
955	188	1.8800	8
956	100	1.0000	7
957	176	1.7600	8
958	11	0.1100	1
959	55	0.5500	6
960	22	0.2200	4
961	215	2.1500	9
962	174	1.7400	9
963	46	0.4600	5
964	99	0.9900	6
965	137	1.3700	7
966	3	0.0300	1
967	24	0.2400	1
968	45	0.4500	3
969	124	1.2400	8
970	62	0.6200	5
971	17	0.1700	1
972	185	1.8500	14
973	40	0.4000	1
974	109	1.0900	5
975	779	7.7900	33
976	99	0.9900	7
977	456	4.5600	21
978	26	0.2600	3
979	127	1.2700	3
980	58	0.5800	4
981	4	0.0400	1
982	369	3.6900	13
983	89	0.8900	2
984	174	1.7400	7
985	29	0.2900	2
986	100	1.0000	6
987	114	1.1400	3
988	8	0.0800	1
989	4	0.0400	1
990	164	1.6400	13
991	107	1.0700	7
992	940	9.4000	41
993	43	0.4300	2
994	28	0.2800	2
995	452	4.5200	20
996	702	7.0200	22
997	107	1.0700	5
998	115	1.1500	5
999	123	1.2300	4
# Simulation completed.
