# Creating system...
# System created with N=1000 particles

# Initial state:
# Susceptibles: 999, Infected: 1

# Starting simulation...
# Relz	Step	Time	sigma	R0
0	55	0.5500	3
1	41	0.4100	2
2	1056	10.5600	39
3	59	0.5900	7
4	631	6.3100	18
5	237	2.3700	9
6	744	7.4400	25
7	37	0.3700	1
8	998	9.9800	41
9	864	8.6400	45
10	253	2.5300	13
11	374	3.7400	9
12	6	0.0600	1
13	824	8.2400	33
14	629	6.2900	22
15	851	8.5100	28
16	686	6.8600	27
17	11	0.1100	2
18	978	9.7800	48
19	119	1.1900	7
20	879	8.7900	41
21	67	0.6700	4
22	162	1.6200	7
23	804	8.0400	25
24	456	4.5600	16
25	42	0.4200	2
26	83	0.8300	4
27	601	6.0100	32
28	528	5.2800	20
29	926	9.2600	30
30	1676	16.7600	65
31	278	2.7800	18
32	734	7.3400	35
33	9	0.0900	1
34	305	3.0500	8
35	10	0.1000	2
36	606	6.0600	23
37	618	6.1800	32
38	1251	12.5100	51
39	202	2.0200	7
40	517	5.1700	21
41	33	0.3300	2
42	152	1.5200	9
43	299	2.9900	6
44	92	0.9200	4
45	1402	14.0200	65
46	548	5.4800	21
47	135	1.3500	6
48	87	0.8700	6
49	1266	12.6600	54
50	207	2.0700	13
51	1741	17.4100	61
52	246	2.4600	15
53	362	3.6200	16
54	525	5.2500	18
55	87	0.8700	5
56	187	1.8700	11
57	282	2.8200	15
58	100	1.0000	5
59	257	2.5700	15
60	327	3.2700	16
61	288	2.8800	11
62	73	0.7300	5
63	861	8.6100	29
64	274	2.7400	9
65	12	0.1200	1
66	111	1.1100	7
67	80	0.8000	3
68	413	4.1300	13
69	142	1.4200	4
70	226	2.2600	12
71	109	1.0900	4
72	126	1.2600	7
73	329	3.2900	10
74	539	5.3900	22
75	94	0.9400	4
76	32	0.3200	3
77	582	5.8200	24
78	270	2.7000	18
79	8	0.0800	1
80	48	0.4800	5
81	176	1.7600	7
82	677	6.7700	26
83	75	0.7500	4
84	115	1.1500	7
85	98	0.9800	5
86	230	2.3000	12
87	437	4.3700	16
88	149	1.4900	9
89	450	4.5000	19
90	217	2.1700	7
91	822	8.2200	40
92	5	0.0500	1
93	269	2.6900	15
94	426	4.2600	13
95	198	1.9800	11
96	426	4.2600	17
97	412	4.1200	16
98	542	5.4200	25
99	306	3.0600	9
100	21	0.2100	2
101	1268	12.6800	36
102	47	0.4700	1
103	223	2.2300	14
104	36	0.3600	3
105	506	5.0600	18
106	143	1.4300	10
107	156	1.5600	5
108	49	0.4900	1
109	573	5.7300	27
110	164	1.6400	8
111	249	2.4900	9
112	383	3.8300	19
113	62	0.6200	3
114	20	0.2000	1
115	81	0.8100	4
116	626	6.2600	27
117	62	0.6200	4
118	83	0.8300	3
119	360	3.6000	17
120	246	2.4600	12
121	241	2.4100	6
122	34	0.3400	4
123	536	5.3600	13
124	545	5.4500	17
125	28	0.2800	1
126	349	3.4900	16
127	404	4.0400	16
128	70	0.7000	6
129	1347	13.4700	54
130	459	4.5900	20
131	107	1.0700	3
132	586	5.8600	27
133	94	0.9400	2
134	962	9.6200	45
135	54	0.5400	5
136	58	0.5800	2
137	282	2.8200	12
138	400	4.0000	15
139	81	0.8100	6
140	282	2.8200	9
141	236	2.3600	13
142	178	1.7800	11
143	304	3.0400	11
144	334	3.3400	12
145	43	0.4300	3
146	526	5.2600	24
147	12	0.1200	2
148	284	2.8400	10
149	266	2.6600	6
150	425	4.2500	12
151	59	0.5900	9
152	67	0.6700	5
153	103	1.0300	5
154	320	3.2000	14
155	1070	10.7000	45
156	375	3.7500	19
157	21	0.2100	1
158	170	1.7000	3
159	307	3.0700	15
160	59	0.5900	4
161	733	7.3300	34
162	152	1.5200	9
163	179	1.7900	8
164	480	4.8000	19
165	60	0.6000	3
166	101	1.0100	5
167	328	3.2800	13
168	235	2.3500	12
169	170	1.7000	5
170	629	6.2900	31
171	122	1.2200	12
172	526	5.2600	23
173	123	1.2300	9
174	453	4.5300	24
175	97	0.9700	6
176	1437	14.3700	50
177	62	0.6200	2
178	113	1.1300	10
179	357	3.5700	14
180	184	1.8400	9
181	589	5.8900	24
182	24	0.2400	1
183	984	9.8400	30
184	171	1.7100	13
185	35	0.3500	1
186	1030	10.3000	32
187	127	1.2700	10
188	389	3.8900	19
189	19	0.1900	5
190	365	3.6500	18
191	24	0.2400	1
192	441	4.4100	12
193	967	9.6700	40
194	893	8.9300	41
195	72	0.7200	6
196	864	8.6400	38
197	271	2.7100	8
198	85	0.8500	9
199	88	0.8800	3
200	575	5.7500	13
201	422	4.2200	20
202	276	2.7600	9
203	638	6.3800	20
204	301	3.0100	6
205	60	0.6000	4
206	19	0.1900	1
207	270	2.7000	12
208	351	3.5100	13
209	98	0.9800	9
210	92	0.9200	3
211	166	1.6600	9
212	75	0.7500	4
213	803	8.0300	37
214	1324	13.2400	52
215	458	4.5800	23
216	361	3.6100	12
217	664	6.6400	26
218	359	3.5900	20
219	91	0.9100	4
220	649	6.4900	25
221	267	2.6700	13
222	458	4.5800	19
223	460	4.6000	15
224	886	8.8600	28
225	78	0.7800	5
226	401	4.0100	17
227	446	4.4600	21
228	262	2.6200	11
229	341	3.4100	13
230	967	9.6700	48
231	70	0.7000	5
232	64	0.6400	1
233	38	0.3800	2
234	179	1.7900	7
235	201	2.0100	11
236	506	5.0600	22
237	71	0.7100	3
238	566	5.6600	24
239	1323	13.2300	55
240	181	1.8100	11
241	97	0.9700	1
242	667	6.6700	34
243	288	2.8800	13
244	276	2.7600	12
245	47	0.4700	3
246	561	5.6100	17
247	299	2.9900	14
248	469	4.6900	22
249	198	1.9800	6
250	57	0.5700	5
251	299	2.9900	14
252	392	3.9200	14
253	168	1.6800	12
254	183	1.8300	8
255	810	8.1000	28
256	493	4.9300	28
257	189	1.8900	11
258	917	9.1700	37
259	5	0.0500	1
260	1075	10.7500	42
261	382	3.8200	18
262	105	1.0500	8
263	292	2.9200	13
264	297	2.9700	12
265	720	7.2000	25
266	325	3.2500	11
267	278	2.7800	9
268	430	4.3000	16
269	607	6.0700	18
270	162	1.6200	12
271	277	2.7700	13
272	55	0.5500	3
273	338	3.3800	13
274	42	0.4200	2
275	605	6.0500	28
276	674	6.7400	25
277	537	5.3700	23
278	322	3.2200	10
279	705	7.0500	29
280	280	2.8000	14
281	201	2.0100	11
282	587	5.8700	26
283	74	0.7400	10
284	374	3.7400	20
285	195	1.9500	7
286	83	0.8300	4
287	78	0.7800	6
288	44	0.4400	6
289	168	1.6800	7
290	94	0.9400	6
291	82	0.8200	3
292	453	4.5300	17
293	159	1.5900	11
294	1055	10.5500	29
295	528	5.2800	22
296	387	3.8700	16
297	117	1.1700	4
298	875	8.7500	44
299	46	0.4600	1
300	155	1.5500	7
301	19	0.1900	1
302	266	2.6600	10
303	75	0.7500	7
304	216	2.1600	8
305	166	1.6600	8
306	1225	12.2500	48
307	306	3.0600	16
308	889	8.8900	32
309	778	7.7800	39
310	60	0.6000	4
311	95	0.9500	1
312	10	0.1000	1
313	152	1.5200	9
314	285	2.8500	10
315	176	1.7600	6
316	196	1.9600	7
317	535	5.3500	14
318	28	0.2800	2
319	134	1.3400	8
320	1161	11.6100	39
321	46	0.4600	2
322	11	0.1100	2
323	66	0.6600	2
324	23	0.2300	2
325	161	1.6100	5
326	92	0.9200	1
327	37	0.3700	1
328	606	6.0600	20
329	123	1.2300	5
330	10	0.1000	3
331	476	4.7600	23
332	60	0.6000	2
333	1048	10.4800	44
334	662	6.6200	35
335	408	4.0800	16
336	279	2.7900	12
337	225	2.2500	9
338	954	9.5400	30
339	540	5.4000	21
340	216	2.1600	8
341	226	2.2600	12
342	84	0.8400	5
343	451	4.5100	15
344	19	0.1900	1
345	112	1.1200	5
346	285	2.8500	8
347	372	3.7200	13
348	148	1.4800	6
349	413	4.1300	22
350	163	1.6300	7
351	507	5.0700	13
352	282	2.8200	15
353	11	0.1100	1
354	72	0.7200	3
355	381	3.8100	12
356	80	0.8000	4
357	206	2.0600	10
358	493	4.9300	22
359	535	5.3500	27
360	425	4.2500	15
361	176	1.7600	10
362	122	1.2200	8
363	22	0.2200	1
364	589	5.8900	19
365	655	6.5500	33
366	477	4.7700	19
367	56	0.5600	1
368	666	6.6600	29
369	766	7.6600	29
370	750	7.5000	21
371	712	7.1200	31
372	386	3.8600	15
373	65	0.6500	7
374	194	1.9400	6
375	14	0.1400	2
376	272	2.7200	9
377	207	2.0700	8
378	222	2.2200	11
379	48	0.4800	4
380	80	0.8000	7
381	492	4.9200	18
382	392	3.9200	18
383	851	8.5100	40
384	705	7.0500	18
385	20	0.2000	2
386	71	0.7100	3
387	17	0.1700	1
388	987	9.8700	36
389	159	1.5900	9
390	684	6.8400	30
391	307	3.0700	13
392	28	0.2800	2
393	138	1.3800	10
394	172	1.7200	8
395	28	0.2800	2
396	45	0.4500	4
397	461	4.6100	25
398	135	1.3500	4
399	578	5.7800	26
400	16	0.1600	2
401	68	0.6800	1
402	166	1.6600	3
403	681	6.8100	28
404	309	3.0900	9
405	43	0.4300	3
406	519	5.1900	24
407	391	3.9100	16
408	213	2.1300	9
409	1793	17.9300	81
410	99	0.9900	3
411	486	4.8600	23
412	61	0.6100	2
413	187	1.8700	9
414	134	1.3400	8
415	51	0.5100	5
416	581	5.8100	27
417	220	2.2000	10
418	50	0.5000	4
419	186	1.8600	9
420	1557	15.5700	58
421	254	2.5400	18
422	169	1.6900	14
423	618	6.1800	23
424	46	0.4600	3
425	242	2.4200	10
426	69	0.6900	3
427	165	1.6500	8
428	66	0.6600	4
429	203	2.0300	8
430	5	0.0500	1
431	89	0.8900	3
432	174	1.7400	5
433	707	7.0700	22
434	438	4.3800	11
435	639	6.3900	20
436	277	2.7700	12
437	716	7.1600	23
438	745	7.4500	31
439	1083	10.8300	33
440	762	7.6200	34
441	489	4.8900	15
442	9	0.0900	2
443	469	4.6900	21
444	666	6.6600	33
445	1	0.0100	1
446	788	7.8800	33
447	379	3.7900	19
448	525	5.2500	32
449	212	2.1200	7
450	225	2.2500	5
451	1093	10.9300	46
452	811	8.1100	30
453	769	7.6900	23
454	18	0.1800	2
455	149	1.4900	6
456	105	1.0500	10
457	245	2.4500	7
458	351	3.5100	15
459	64	0.6400	4
460	236	2.3600	12
461	425	4.2500	17
462	124	1.2400	7
463	1046	10.4600	44
464	2247	22.4700	82
465	8	0.0800	1
466	53	0.5300	1
467	124	1.2400	8
468	442	4.4200	17
469	352	3.5200	20
470	749	7.4900	30
471	1471	14.7100	58
472	113	1.1300	8
473	157	1.5700	9
474	1537	15.3700	57
475	872	8.7200	38
476	44	0.4400	2
477	645	6.4500	26
478	153	1.5300	6
479	290	2.9000	13
480	32	0.3200	2
481	2328	23.2800	86
482	431	4.3100	15
483	138	1.3800	11
484	529	5.2900	19
485	171	1.7100	6
486	84	0.8400	3
487	39	0.3900	2
488	108	1.0800	7
489	287	2.8700	9
490	125	1.2500	5
491	173	1.7300	5
492	411	4.1100	10
493	177	1.7700	7
494	562	5.6200	15
495	48	0.4800	2
496	919	9.1900	41
497	2	0.0200	1
498	500	5.0000	16
499	285	2.8500	9
500	306	3.0600	9
501	250	2.5000	13
502	434	4.3400	13
503	98	0.9800	4
504	464	4.6400	14
505	1331	13.3100	46
506	14	0.1400	2
507	848	8.4800	38
508	421	4.2100	18
509	707	7.0700	23
510	455	4.5500	21
511	2	0.0200	2
512	995	9.9500	36
513	450	4.5000	20
514	69	0.6900	6
515	879	8.7900	36
516	506	5.0600	24
517	248	2.4800	16
518	106	1.0600	4
519	283	2.8300	6
520	166	1.6600	8
521	156	1.5600	6
522	187	1.8700	5
523	242	2.4200	16
524	643	6.4300	23
525	15	0.1500	1
526	132	1.3200	4
527	157	1.5700	10
528	458	4.5800	19
529	106	1.0600	3
530	43	0.4300	3
531	138	1.3800	8
532	714	7.1400	37
533	29	0.2900	1
534	51	0.5100	5
535	50	0.5000	1
536	25	0.2500	4
537	6	0.0600	2
538	155	1.5500	6
539	220	2.2000	5
540	657	6.5700	22
541	292	2.9200	13
542	46	0.4600	3
543	308	3.0800	12
544	513	5.1300	18
545	5	0.0500	1
546	143	1.4300	10
547	231	2.3100	12
548	280	2.8000	11
549	22	0.2200	2
550	424	4.2400	19
551	159	1.5900	7
552	162	1.6200	6
553	878	8.7800	46
554	89	0.8900	5
555	576	5.7600	23
556	274	2.7400	15
557	1412	14.1200	60
558	1693	16.9300	68
559	33	0.3300	2
560	78	0.7800	7
561	27	0.2700	3
562	1653	16.5300	54
563	243	2.4300	10
564	203	2.0300	9
565	24	0.2400	3
566	468	4.6800	16
567	502	5.0200	17
568	39	0.3900	8
569	70	0.7000	1
570	419	4.1900	23
571	408	4.0800	12
572	178	1.7800	6
573	21	0.2100	2
574	56	0.5600	7
575	876	8.7600	49
576	3	0.0300	1
577	774	7.7400	31
578	26	0.2600	3
579	141	1.4100	10
580	349	3.4900	22
581	43	0.4300	1
582	695	6.9500	32
583	343	3.4300	18
584	65	0.6500	2
585	986	9.8600	38
586	414	4.1400	18
587	470	4.7000	20
588	17	0.1700	1
589	16	0.1600	2
590	67	0.6700	3
591	916	9.1600	39
592	255	2.5500	12
593	300	3.0000	16
594	312	3.1200	8
595	268	2.6800	10
596	224	2.2400	12
597	66	0.6600	4
598	204	2.0400	12
599	142	1.4200	6
600	37	0.3700	2
601	760	7.6000	34
602	1332	13.3200	50
603	98	0.9800	5
604	222	2.2200	10
605	628	6.2800	24
606	1022	10.2200	36
607	72	0.7200	4
608	38	0.3800	2
609	142	1.4200	5
610	34	0.3400	3
611	619	6.1900	20
612	60	0.6000	4
613	238	2.3800	15
614	105	1.0500	5
615	77	0.7700	1
616	485	4.8500	25
617	226	2.2600	12
618	164	1.6400	10
619	1192	11.9200	48
620	197	1.9700	5
621	292	2.9200	11
622	721	7.2100	27
623	347	3.4700	12
624	118	1.1800	9
625	309	3.0900	13
626	170	1.7000	9
627	62	0.6200	3
628	31	0.3100	2
629	174	1.7400	7
630	183	1.8300	8
631	321	3.2100	12
632	128	1.2800	6
633	813	8.1300	26
634	266	2.6600	12
635	276	2.7600	14
636	445	4.4500	15
637	154	1.5400	7
638	543	5.4300	21
639	105	1.0500	2
640	540	5.4000	22
641	191	1.9100	12
642	36	0.3600	1
643	351	3.5100	13
644	30	0.3000	1
645	329	3.2900	10
646	685	6.8500	27
647	345	3.4500	13
648	287	2.8700	14
649	141	1.4100	7
650	43	0.4300	2
651	110	1.1000	4
652	227	2.2700	17
653	159	1.5900	7
654	234	2.3400	12
655	71	0.7100	4
656	742	7.4200	28
657	122	1.2200	3
658	92	0.9200	7
659	247	2.4700	8
660	85	0.8500	4
661	666	6.6600	26
662	526	5.2600	17
663	631	6.3100	31
664	651	6.5100	20
665	383	3.8300	13
666	352	3.5200	13
667	806	8.0600	34
668	608	6.0800	19
669	126	1.2600	7
670	35	0.3500	3
671	363	3.6300	17
672	1011	10.1100	33
673	103	1.0300	6
674	175	1.7500	9
675	356	3.5600	13
676	234	2.3400	9
677	353	3.5300	12
678	217	2.1700	10
679	5	0.0500	1
680	522	5.2200	17
681	293	2.9300	13
682	1213	12.1300	49
683	1329	13.2900	49
684	36	0.3600	2
685	156	1.5600	8
686	218	2.1800	12
687	284	2.8400	6
688	397	3.9700	21
689	31	0.3100	1
690	778	7.7800	40
691	521	5.2100	25
692	485	4.8500	18
693	67	0.6700	3
694	103	1.0300	3
695	83	0.8300	2
696	257	2.5700	11
697	166	1.6600	8
698	515	5.1500	21
699	102	1.0200	6
700	88	0.8800	7
701	104	1.0400	6
702	64	0.6400	4
703	247	2.4700	6
704	101	1.0100	5
705	767	7.6700	39
706	157	1.5700	13
707	430	4.3000	13
708	187	1.8700	15
709	325	3.2500	16
710	280	2.8000	10
711	28	0.2800	2
712	645	6.4500	27
713	100	1.0000	7
714	141	1.4100	6
715	109	1.0900	9
716	137	1.3700	4
717	120	1.2000	3
718	520	5.2000	21
719	624	6.2400	22
720	606	6.0600	32
721	127	1.2700	5
722	147	1.4700	12
723	312	3.1200	19
724	768	7.6800	37
725	145	1.4500	12
726	161	1.6100	6
727	723	7.2300	37
728	328	3.2800	11
729	715	7.1500	30
730	137	1.3700	5
731	16	0.1600	3
732	93	0.9300	4
733	336	3.3600	13
734	82	0.8200	2
735	1106	11.0600	41
736	9	0.0900	1
737	310	3.1000	13
738	58	0.5800	1
739	352	3.5200	18
740	489	4.8900	20
741	234	2.3400	16
742	328	3.2800	12
743	663	6.6300	21
744	112	1.1200	6
745	314	3.1400	17
746	16	0.1600	1
747	402	4.0200	16
748	279	2.7900	17
749	6	0.0600	1
750	606	6.0600	33
751	49	0.4900	7
752	251	2.5100	11
753	7	0.0700	3
754	296	2.9600	10
755	226	2.2600	9
756	37	0.3700	2
757	736	7.3600	34
758	140	1.4000	5
759	153	1.5300	6
760	249	2.4900	8
761	343	3.4300	18
762	263	2.6300	8
763	189	1.8900	12
764	233	2.3300	15
765	108	1.0800	6
766	240	2.4000	11
767	301	3.0100	8
768	50	0.5000	2
769	717	7.1700	30
770	1452	14.5200	74
771	1181	11.8100	51
772	1386	13.8600	55
773	21	0.2100	1
774	663	6.6300	19
775	177	1.7700	7
776	600	6.0000	32
777	3	0.0300	2
778	281	2.8100	14
779	17	0.1700	1
780	501	5.0100	21
781	1200	12.0000	62
782	292	2.9200	14
783	222	2.2200	11
784	8	0.0800	1
785	11	0.1100	1
786	236	2.3600	10
787	20	0.2000	2
788	210	2.1000	9
789	1521	15.2100	64
790	633	6.3300	20
791	414	4.1400	17
792	97	0.9700	7
793	49	0.4900	2
794	256	2.5600	11
795	940	9.4000	40
796	266	2.6600	14
797	243	2.4300	7
798	81	0.8100	4
799	205	2.0500	12
800	205	2.0500	12
801	219	2.1900	6
802	669	6.6900	21
803	7	0.0700	3
804	4	0.0400	1
805	328	3.2800	14
806	39	0.3900	1
807	328	3.2800	17
808	291	2.9100	8
809	843	8.4300	33
810	82	0.8200	2
811	491	4.9100	13
812	226	2.2600	8
813	652	6.5200	30
814	35	0.3500	2
815	370	3.7000	16
816	205	2.0500	12
817	905	9.0500	34
818	1157	11.5700	48
819	758	7.5800	34
820	105	1.0500	4
821	10	0.1000	1
822	324	3.2400	13
823	191	1.9100	8
824	54	0.5400	3
825	1064	10.6400	46
826	1230	12.3000	51
827	909	9.0900	27
828	379	3.7900	11
829	82	0.8200	3
830	545	5.4500	33
831	224	2.2400	14
832	529	5.2900	15
833	157	1.5700	10
834	556	5.5600	16
835	946	9.4600	37
836	192	1.9200	10
837	1191	11.9100	46
838	988	9.8800	52
839	469	4.6900	17
840	543	5.4300	28
841	578	5.7800	28
842	94	0.9400	5
843	406	4.0600	25
844	52	0.5200	4
845	617	6.1700	28
846	235	2.3500	5
847	760	7.6000	18
848	8	0.0800	1
849	749	7.4900	22
850	51	0.5100	1
851	3	0.0300	1
852	1098	10.9800	51
853	51	0.5100	2
854	332	3.3200	19
855	162	1.6200	4
856	249	2.4900	10
857	8	0.0800	2
858	68	0.6800	2
859	169	1.6900	11
860	494	4.9400	22
861	2	0.0200	1
862	554	5.5400	18
863	109	1.0900	6
864	816	8.1600	25
865	435	4.3500	16
866	36	0.3600	3
867	9	0.0900	1
868	145	1.4500	7
869	455	4.5500	23
870	167	1.6700	8
871	215	2.1500	14
872	162	1.6200	7
873	373	3.7300	14
874	445	4.4500	16
875	222	2.2200	7
876	98	0.9800	7
877	48	0.4800	2
878	434	4.3400	20
879	193	1.9300	9
880	354	3.5400	13
881	214	2.1400	13
882	491	4.9100	12
883	118	1.1800	7
884	24	0.2400	1
885	957	9.5700	36
886	95	0.9500	5
887	4	0.0400	1
888	144	1.4400	7
889	170	1.7000	8
890	12	0.1200	1
891	224	2.2400	7
892	40	0.4000	4
893	370	3.7000	14
894	712	7.1200	24
895	888	8.8800	34
896	374	3.7400	14
897	455	4.5500	17
898	135	1.3500	6
899	348	3.4800	18
900	321	3.2100	12
901	85	0.8500	3
902	442	4.4200	18
903	112	1.1200	3
904	164	1.6400	9
905	233	2.3300	6
906	427	4.2700	18
907	109	1.0900	9
908	101	1.0100	4
909	1182	11.8200	44
910	216	2.1600	8
911	133	1.3300	4
912	246	2.4600	8
913	47	0.4700	4
914	128	1.2800	6
915	156	1.5600	8
916	836	8.3600	40
917	787	7.8700	24
918	514	5.1400	23
919	8	0.0800	2
920	358	3.5800	10
921	135	1.3500	2
922	263	2.6300	16
923	51	0.5100	3
924	36	0.3600	6
925	124	1.2400	7
926	492	4.9200	20
927	1691	16.9100	64
928	329	3.2900	22
929	81	0.8100	4
930	333	3.3300	14
931	441	4.4100	12
932	3	0.0300	1
933	12	0.1200	1
934	146	1.4600	4
935	278	2.7800	9
936	258	2.5800	9
937	137	1.3700	10
938	628	6.2800	25
939	658	6.5800	22
940	96	0.9600	8
941	233	2.3300	9
942	609	6.0900	30
943	376	3.7600	15
944	571	5.7100	21
945	102	1.0200	2
946	156	1.5600	8
947	299	2.9900	16
948	143	1.4300	10
949	186	1.8600	9
950	780	7.8000	33
951	373	3.7300	16
952	858	8.5800	29
953	153	1.5300	3
954	133	1.3300	8
955	236	2.3600	10
956	1044	10.4400	40
957	102	1.0200	4
958	443	4.4300	23
959	17	0.1700	2
960	66	0.6600	5
961	871	8.7100	36
962	295	2.9500	11
963	955	9.5500	36
964	382	3.8200	16
965	97	0.9700	3
966	237	2.3700	13
967	572	5.7200	29
968	156	1.5600	9
969	443	4.4300	10
970	936	9.3600	37
971	1197	11.9700	41
972	3	0.0300	1
973	771	7.7100	37
974	508	5.0800	23
975	851	8.5100	34
976	300	3.0000	11
977	226	2.2600	9
978	28	0.2800	1
979	34	0.3400	3
980	156	1.5600	14
981	214	2.1400	10
982	345	3.4500	16
983	28	0.2800	3
984	305	3.0500	10
985	233	2.3300	11
986	76	0.7600	1
987	934	9.3400	40
988	240	2.4000	14
989	235	2.3500	12
990	522	5.2200	21
991	654	6.5400	30
992	289	2.8900	13
993	85	0.8500	3
994	738	7.3800	33
995	661	6.6100	21
996	69	0.6900	4
997	107	1.0700	5
998	512	5.1200	23
999	355	3.5500	13
# Simulation completed.
