# Creating system...
# System created with N=1000 particles

# Initial state:
# Susceptibles: 999, Infected: 1

# Starting simulation...
# Relz	Step	Time	sigma	R0
0	110	1.1000	8
1	65	0.6500	3
2	150	1.5000	9
3	188	1.8800	12
4	5	0.0500	1
5	199	1.9900	13
6	69	0.6900	9
7	44	0.4400	2
8	134	1.3400	6
9	158	1.5800	10
10	129	1.2900	13
11	127	1.2700	12
12	90	0.9000	6
13	127	1.2700	12
14	40	0.4000	7
15	16	0.1600	2
16	169	1.6900	16
17	54	0.5400	4
18	54	0.5400	6
19	33	0.3300	6
20	23	0.2300	3
21	82	0.8200	6
22	7	0.0700	1
23	102	1.0200	13
24	228	2.2800	13
25	53	0.5300	4
26	19	0.1900	1
27	115	1.1500	9
28	238	2.3800	14
29	63	0.6300	7
30	46	0.4600	2
31	127	1.2700	8
32	2	0.0200	1
33	29	0.2900	5
34	480	4.8000	18
35	226	2.2600	12
36	101	1.0100	9
37	110	1.1000	6
38	40	0.4000	3
39	165	1.6500	11
40	195	1.9500	14
41	18	0.1800	3
42	17	0.1700	1
43	74	0.7400	5
44	93	0.9300	9
45	3	0.0300	1
46	76	0.7600	6
47	13	0.1300	1
48	128	1.2800	10
49	2	0.0200	1
50	158	1.5800	14
51	71	0.7100	5
52	111	1.1100	7
53	31	0.3100	3
54	181	1.8100	12
55	26	0.2600	1
56	102	1.0200	5
57	123	1.2300	13
58	228	2.2800	20
59	136	1.3600	9
60	374	3.7400	17
61	209	2.0900	10
62	95	0.9500	8
63	24	0.2400	7
64	98	0.9800	4
65	34	0.3400	3
66	65	0.6500	7
67	17	0.1700	3
68	74	0.7400	4
69	240	2.4000	15
70	104	1.0400	10
71	91	0.9100	11
72	101	1.0100	8
73	95	0.9500	7
74	29	0.2900	4
75	46	0.4600	3
76	131	1.3100	12
77	5	0.0500	2
78	92	0.9200	5
79	157	1.5700	8
80	245	2.4500	11
81	251	2.5100	14
82	153	1.5300	11
83	32	0.3200	4
84	137	1.3700	3
85	144	1.4400	7
86	40	0.4000	7
87	47	0.4700	6
88	130	1.3000	15
89	77	0.7700	7
90	78	0.7800	8
91	225	2.2500	11
92	348	3.4800	17
93	119	1.1900	8
94	347	3.4700	15
95	462	4.6200	17
96	223	2.2300	13
97	264	2.6400	23
98	27	0.2700	7
99	312	3.1200	19
100	158	1.5800	9
101	31	0.3100	3
102	71	0.7100	3
103	240	2.4000	19
104	23	0.2300	3
105	10	0.1000	3
106	84	0.8400	6
107	55	0.5500	9
108	1	0.0100	1
109	192	1.9200	15
110	285	2.8500	11
111	341	3.4100	17
112	1	0.0100	1
113	53	0.5300	5
114	5	0.0500	1
115	8	0.0800	1
116	18	0.1800	1
117	30	0.3000	5
118	99	0.9900	9
119	11	0.1100	2
120	4	0.0400	1
121	110	1.1000	7
122	54	0.5400	3
123	89	0.8900	7
124	71	0.7100	7
125	36	0.3600	2
126	28	0.2800	6
127	43	0.4300	5
128	80	0.8000	7
129	107	1.0700	7
130	274	2.7400	14
131	49	0.4900	4
132	46	0.4600	4
133	68	0.6800	3
134	73	0.7300	8
135	1	0.0100	1
136	162	1.6200	20
137	3	0.0300	1
138	246	2.4600	13
139	284	2.8400	13
140	223	2.2300	6
141	452	4.5200	23
142	6	0.0600	3
143	9	0.0900	1
144	74	0.7400	10
145	53	0.5300	7
146	33	0.3300	3
147	114	1.1400	10
148	226	2.2600	15
149	39	0.3900	3
150	150	1.5000	10
151	496	4.9600	22
152	346	3.4600	18
153	42	0.4200	4
154	184	1.8400	7
155	14	0.1400	3
156	286	2.8600	9
157	7	0.0700	1
158	139	1.3900	15
159	160	1.6000	13
160	106	1.0600	10
161	56	0.5600	4
162	145	1.4500	13
163	117	1.1700	13
164	103	1.0300	7
165	486	4.8600	18
166	37	0.3700	1
167	68	0.6800	4
168	130	1.3000	9
169	22	0.2200	3
170	46	0.4600	4
171	25	0.2500	9
172	20	0.2000	2
173	270	2.7000	12
174	23	0.2300	2
175	441	4.4100	22
176	182	1.8200	10
177	38	0.3800	6
178	72	0.7200	11
179	68	0.6800	9
180	410	4.1000	19
181	11	0.1100	1
182	97	0.9700	12
183	122	1.2200	13
184	27	0.2700	2
185	12	0.1200	1
186	318	3.1800	15
187	2	0.0200	1
188	62	0.6200	2
189	120	1.2000	9
190	6	0.0600	1
191	69	0.6900	4
192	35	0.3500	2
193	73	0.7300	5
194	224	2.2400	12
195	29	0.2900	3
196	35	0.3500	3
197	66	0.6600	8
198	49	0.4900	6
199	84	0.8400	2
200	30	0.3000	3
201	47	0.4700	7
202	125	1.2500	10
203	14	0.1400	2
204	34	0.3400	2
205	176	1.7600	16
206	14	0.1400	1
207	53	0.5300	4
208	25	0.2500	4
209	624	6.2400	30
210	80	0.8000	10
211	266	2.6600	10
212	562	5.6200	26
213	243	2.4300	8
214	3	0.0300	4
215	34	0.3400	2
216	6	0.0600	4
217	82	0.8200	4
218	60	0.6000	6
219	94	0.9400	10
220	143	1.4300	8
221	200	2.0000	7
222	68	0.6800	6
223	12	0.1200	4
224	142	1.4200	9
225	15	0.1500	2
226	48	0.4800	7
227	49	0.4900	3
228	77	0.7700	6
229	78	0.7800	8
230	11	0.1100	1
231	42	0.4200	1
232	45	0.4500	5
233	40	0.4000	7
234	74	0.7400	9
235	203	2.0300	13
236	4	0.0400	1
237	195	1.9500	13
238	54	0.5400	6
239	374	3.7400	14
240	127	1.2700	8
241	145	1.4500	5
242	84	0.8400	10
243	64	0.6400	6
244	261	2.6100	12
245	165	1.6500	9
246	12	0.1200	2
247	31	0.3100	1
248	225	2.2500	18
249	147	1.4700	11
250	122	1.2200	8
251	89	0.8900	8
252	121	1.2100	3
253	181	1.8100	15
254	47	0.4700	5
255	67	0.6700	6
256	1	0.0100	1
257	41	0.4100	3
258	21	0.2100	2
259	339	3.3900	21
260	128	1.2800	9
261	25	0.2500	3
262	177	1.7700	8
263	100	1.0000	5
264	122	1.2200	11
265	315	3.1500	19
266	5	0.0500	1
267	278	2.7800	16
268	164	1.6400	11
269	24	0.2400	2
270	165	1.6500	15
271	22	0.2200	3
272	34	0.3400	4
273	38	0.3800	1
274	8	0.0800	2
275	101	1.0100	12
276	306	3.0600	18
277	8	0.0800	3
278	27	0.2700	3
279	294	2.9400	16
280	70	0.7000	7
281	72	0.7200	5
282	66	0.6600	5
283	26	0.2600	3
284	120	1.2000	10
285	363	3.6300	19
286	47	0.4700	5
287	79	0.7900	5
288	557	5.5700	28
289	182	1.8200	15
290	10	0.1000	3
291	14	0.1400	3
292	173	1.7300	11
293	127	1.2700	9
294	25	0.2500	3
295	32	0.3200	3
296	283	2.8300	13
297	131	1.3100	4
298	41	0.4100	1
299	7	0.0700	1
300	272	2.7200	11
301	34	0.3400	4
302	57	0.5700	2
303	83	0.8300	11
304	195	1.9500	13
305	122	1.2200	10
306	135	1.3500	6
307	23	0.2300	4
308	1	0.0100	1
309	188	1.8800	7
310	90	0.9000	12
311	64	0.6400	6
312	409	4.0900	20
313	346	3.4600	17
314	10	0.1000	3
315	12	0.1200	1
316	176	1.7600	9
317	30	0.3000	3
318	639	6.3900	24
319	597	5.9700	24
320	86	0.8600	4
321	73	0.7300	6
322	38	0.3800	8
323	58	0.5800	3
324	211	2.1100	12
325	26	0.2600	5
326	689	6.8900	36
327	148	1.4800	7
328	285	2.8500	13
329	610	6.1000	23
330	431	4.3100	25
331	248	2.4800	20
332	48	0.4800	3
333	158	1.5800	6
334	396	3.9600	24
335	151	1.5100	11
336	88	0.8800	7
337	44	0.4400	9
338	109	1.0900	7
339	15	0.1500	2
340	23	0.2300	2
341	2	0.0200	1
342	25	0.2500	3
343	91	0.9100	5
344	4	0.0400	1
345	20	0.2000	3
346	236	2.3600	11
347	224	2.2400	14
348	103	1.0300	7
349	111	1.1100	11
350	303	3.0300	16
351	47	0.4700	4
352	19	0.1900	3
353	142	1.4200	8
354	407	4.0700	23
355	74	0.7400	7
356	96	0.9600	6
357	310	3.1000	19
358	29	0.2900	6
359	1	0.0100	1
360	23	0.2300	2
361	97	0.9700	9
362	70	0.7000	7
363	1	0.0100	1
364	94	0.9400	5
365	128	1.2800	13
366	102	1.0200	7
367	70	0.7000	9
368	175	1.7500	7
369	163	1.6300	13
370	17	0.1700	1
371	166	1.6600	5
372	487	4.8700	24
373	44	0.4400	5
374	255	2.5500	14
375	28	0.2800	4
376	124	1.2400	10
377	70	0.7000	6
378	100	1.0000	13
379	113	1.1300	9
380	623	6.2300	25
381	152	1.5200	17
382	56	0.5600	8
383	72	0.7200	6
384	156	1.5600	11
385	16	0.1600	1
386	681	6.8100	28
387	40	0.4000	4
388	25	0.2500	2
389	106	1.0600	7
390	52	0.5200	3
391	150	1.5000	17
392	391	3.9100	16
393	9	0.0900	2
394	225	2.2500	15
395	19	0.1900	5
396	97	0.9700	9
397	3	0.0300	1
398	74	0.7400	6
399	31	0.3100	3
400	469	4.6900	20
401	221	2.2100	16
402	52	0.5200	5
403	140	1.4000	8
404	12	0.1200	1
405	834	8.3400	24
406	400	4.0000	18
407	11	0.1100	1
408	16	0.1600	3
409	180	1.8000	7
410	126	1.2600	6
411	204	2.0400	14
412	5	0.0500	1
413	192	1.9200	11
414	68	0.6800	7
415	104	1.0400	3
416	24	0.2400	3
417	15	0.1500	4
418	89	0.8900	6
419	46	0.4600	5
420	136	1.3600	3
421	186	1.8600	11
422	143	1.4300	16
423	183	1.8300	10
424	15	0.1500	4
425	404	4.0400	14
426	657	6.5700	19
427	61	0.6100	5
428	202	2.0200	16
429	7	0.0700	2
430	128	1.2800	5
431	133	1.3300	12
432	32	0.3200	3
433	48	0.4800	1
434	369	3.6900	19
435	88	0.8800	10
436	484	4.8400	21
437	148	1.4800	13
438	65	0.6500	3
439	391	3.9100	15
440	45	0.4500	5
441	187	1.8700	12
442	56	0.5600	3
443	295	2.9500	10
444	49	0.4900	4
445	63	0.6300	8
446	57	0.5700	4
447	8	0.0800	2
448	88	0.8800	7
449	55	0.5500	2
450	94	0.9400	8
451	380	3.8000	20
452	39	0.3900	2
453	103	1.0300	8
454	112	1.1200	5
455	305	3.0500	11
456	121	1.2100	9
457	301	3.0100	25
458	103	1.0300	9
459	89	0.8900	5
460	213	2.1300	16
461	134	1.3400	10
462	18	0.1800	4
463	22	0.2200	3
464	101	1.0100	6
465	322	3.2200	12
466	69	0.6900	4
467	236	2.3600	18
468	66	0.6600	3
469	15	0.1500	3
470	107	1.0700	14
471	156	1.5600	6
472	1048	10.4800	37
473	542	5.4200	28
474	20	0.2000	2
475	3	0.0300	1
476	2	0.0200	1
477	13	0.1300	1
478	402	4.0200	11
479	119	1.1900	10
480	196	1.9600	7
481	90	0.9000	6
482	147	1.4700	10
483	24	0.2400	2
484	195	1.9500	7
485	25	0.2500	3
486	41	0.4100	4
487	4	0.0400	1
488	3	0.0300	1
489	14	0.1400	3
490	75	0.7500	6
491	102	1.0200	9
492	258	2.5800	16
493	130	1.3000	10
494	250	2.5000	18
495	134	1.3400	9
496	93	0.9300	5
497	272	2.7200	14
498	13	0.1300	2
499	62	0.6200	7
500	527	5.2700	29
501	213	2.1300	15
502	48	0.4800	7
503	64	0.6400	10
504	56	0.5600	4
505	3	0.0300	2
506	14	0.1400	2
507	234	2.3400	9
508	106	1.0600	9
509	126	1.2600	11
510	47	0.4700	2
511	70	0.7000	9
512	15	0.1500	2
513	55	0.5500	7
514	141	1.4100	6
515	213	2.1300	13
516	66	0.6600	6
517	137	1.3700	10
518	196	1.9600	12
519	609	6.0900	19
520	53	0.5300	5
521	204	2.0400	14
522	38	0.3800	5
523	307	3.0700	18
524	40	0.4000	4
525	124	1.2400	13
526	405	4.0500	29
527	148	1.4800	14
528	47	0.4700	7
529	256	2.5600	25
530	19	0.1900	1
531	12	0.1200	2
532	102	1.0200	8
533	229	2.2900	20
534	132	1.3200	11
535	532	5.3200	22
536	60	0.6000	7
537	91	0.9100	3
538	93	0.9300	6
539	146	1.4600	10
540	49	0.4900	3
541	132	1.3200	15
542	155	1.5500	6
543	64	0.6400	1
544	123	1.2300	9
545	88	0.8800	7
546	59	0.5900	2
547	383	3.8300	14
548	327	3.2700	20
549	377	3.7700	26
550	36	0.3600	3
551	182	1.8200	9
552	133	1.3300	7
553	29	0.2900	4
554	16	0.1600	5
555	284	2.8400	19
556	20	0.2000	4
557	48	0.4800	4
558	198	1.9800	12
559	94	0.9400	4
560	42	0.4200	7
561	35	0.3500	3
562	16	0.1600	1
563	183	1.8300	10
564	6	0.0600	1
565	107	1.0700	7
566	52	0.5200	5
567	32	0.3200	3
568	276	2.7600	16
569	1	0.0100	1
570	182	1.8200	11
571	5	0.0500	1
572	179	1.7900	17
573	132	1.3200	9
574	17	0.1700	2
575	203	2.0300	11
576	126	1.2600	15
577	495	4.9500	20
578	51	0.5100	4
579	56	0.5600	5
580	86	0.8600	8
581	12	0.1200	1
582	277	2.7700	14
583	8	0.0800	1
584	385	3.8500	24
585	2	0.0200	1
586	34	0.3400	5
587	382	3.8200	26
588	47	0.4700	1
589	95	0.9500	7
590	32	0.3200	2
591	89	0.8900	5
592	49	0.4900	4
593	318	3.1800	16
594	123	1.2300	6
595	186	1.8600	17
596	136	1.3600	11
597	202	2.0200	16
598	139	1.3900	11
599	191	1.9100	10
600	73	0.7300	6
601	124	1.2400	13
602	433	4.3300	30
603	44	0.4400	3
604	223	2.2300	17
605	68	0.6800	7
606	11	0.1100	4
607	3	0.0300	1
608	178	1.7800	15
609	174	1.7400	14
610	12	0.1200	3
611	27	0.2700	5
612	19	0.1900	3
613	87	0.8700	5
614	320	3.2000	16
615	347	3.4700	21
616	79	0.7900	7
617	228	2.2800	14
618	84	0.8400	7
619	149	1.4900	14
620	23	0.2300	4
621	66	0.6600	5
622	14	0.1400	4
623	53	0.5300	2
624	16	0.1600	2
625	27	0.2700	5
626	15	0.1500	2
627	78	0.7800	5
628	34	0.3400	3
629	15	0.1500	3
630	52	0.5200	5
631	9	0.0900	1
632	105	1.0500	8
633	96	0.9600	5
634	13	0.1300	2
635	15	0.1500	1
636	416	4.1600	17
637	52	0.5200	6
638	34	0.3400	4
639	266	2.6600	15
640	51	0.5100	4
641	128	1.2800	7
642	80	0.8000	12
643	117	1.1700	13
644	10	0.1000	2
645	4	0.0400	2
646	214	2.1400	14
647	22	0.2200	5
648	32	0.3200	3
649	2	0.0200	2
650	2	0.0200	1
651	257	2.5700	12
652	84	0.8400	10
653	114	1.1400	9
654	33	0.3300	6
655	143	1.4300	11
656	58	0.5800	6
657	352	3.5200	21
658	55	0.5500	5
659	143	1.4300	12
660	251	2.5100	10
661	29	0.2900	2
662	32	0.3200	4
663	195	1.9500	14
664	154	1.5400	11
665	34	0.3400	3
666	52	0.5200	6
667	6	0.0600	3
668	162	1.6200	9
669	194	1.9400	5
670	257	2.5700	12
671	3	0.0300	1
672	36	0.3600	5
673	121	1.2100	7
674	11	0.1100	1
675	204	2.0400	16
676	11	0.1100	5
677	8	0.0800	4
678	16	0.1600	1
679	13	0.1300	2
680	8	0.0800	2
681	266	2.6600	11
682	151	1.5100	4
683	3	0.0300	1
684	17	0.1700	1
685	221	2.2100	9
686	48	0.4800	5
687	223	2.2300	15
688	125	1.2500	14
689	185	1.8500	15
690	50	0.5000	4
691	641	6.4100	23
692	65	0.6500	3
693	66	0.6600	7
694	157	1.5700	9
695	127	1.2700	5
696	48	0.4800	4
697	63	0.6300	4
698	23	0.2300	2
699	79	0.7900	4
700	102	1.0200	4
701	25	0.2500	3
702	110	1.1000	9
703	125	1.2500	11
704	59	0.5900	6
705	6	0.0600	1
706	516	5.1600	21
707	67	0.6700	3
708	82	0.8200	7
709	212	2.1200	12
710	117	1.1700	8
711	117	1.1700	8
712	32	0.3200	8
713	81	0.8100	6
714	108	1.0800	9
715	34	0.3400	2
716	6	0.0600	3
717	17	0.1700	1
718	76	0.7600	7
719	15	0.1500	2
720	39	0.3900	3
721	57	0.5700	5
722	36	0.3600	6
723	161	1.6100	9
724	485	4.8500	14
725	67	0.6700	6
726	10	0.1000	2
727	33	0.3300	3
728	42	0.4200	5
729	41	0.4100	6
730	52	0.5200	9
731	2	0.0200	1
732	434	4.3400	24
733	20	0.2000	2
734	56	0.5600	7
735	6	0.0600	1
736	111	1.1100	8
737	51	0.5100	7
738	41	0.4100	2
739	4	0.0400	2
740	254	2.5400	14
741	168	1.6800	9
742	38	0.3800	5
743	27	0.2700	3
744	92	0.9200	6
745	229	2.2900	20
746	289	2.8900	11
747	111	1.1100	7
748	18	0.1800	3
749	373	3.7300	14
750	20	0.2000	2
751	41	0.4100	3
752	87	0.8700	5
753	130	1.3000	11
754	35	0.3500	1
755	32	0.3200	2
756	98	0.9800	11
757	118	1.1800	11
758	94	0.9400	9
759	12	0.1200	1
760	37	0.3700	5
761	150	1.5000	7
762	104	1.0400	9
763	128	1.2800	9
764	16	0.1600	2
765	11	0.1100	1
766	150	1.5000	20
767	151	1.5100	10
768	272	2.7200	15
769	67	0.6700	4
770	48	0.4800	4
771	42	0.4200	6
772	19	0.1900	3
773	155	1.5500	11
774	50	0.5000	3
775	36	0.3600	3
776	260	2.6000	24
777	148	1.4800	11
778	219	2.1900	12
779	8	0.0800	1
780	14	0.1400	1
781	142	1.4200	14
782	35	0.3500	5
783	315	3.1500	18
784	69	0.6900	5
785	181	1.8100	16
786	157	1.5700	10
787	595	5.9500	21
788	91	0.9100	8
789	43	0.4300	2
790	23	0.2300	1
791	20	0.2000	1
792	150	1.5000	8
793	164	1.6400	6
794	463	4.6300	17
795	155	1.5500	7
796	43	0.4300	3
797	109	1.0900	7
798	148	1.4800	9
799	73	0.7300	5
800	22	0.2200	1
801	34	0.3400	2
802	18	0.1800	1
803	64	0.6400	7
804	341	3.4100	19
805	175	1.7500	10
806	108	1.0800	9
807	502	5.0200	24
808	86	0.8600	3
809	9	0.0900	1
810	240	2.4000	20
811	26	0.2600	2
812	404	4.0400	18
813	218	2.1800	19
814	12	0.1200	2
815	26	0.2600	4
816	175	1.7500	8
817	94	0.9400	4
818	72	0.7200	8
819	101	1.0100	6
820	33	0.3300	2
821	493	4.9300	27
822	138	1.3800	12
823	94	0.9400	7
824	35	0.3500	3
825	147	1.4700	11
826	354	3.5400	14
827	127	1.2700	11
828	30	0.3000	2
829	66	0.6600	7
830	77	0.7700	7
831	264	2.6400	9
832	228	2.2800	14
833	75	0.7500	8
834	30	0.3000	2
835	69	0.6900	4
836	75	0.7500	8
837	51	0.5100	5
838	105	1.0500	8
839	40	0.4000	2
840	103	1.0300	11
841	154	1.5400	9
842	28	0.2800	3
843	76	0.7600	7
844	73	0.7300	6
845	11	0.1100	3
846	376	3.7600	12
847	130	1.3000	10
848	43	0.4300	4
849	39	0.3900	6
850	1	0.0100	1
851	107	1.0700	11
852	60	0.6000	5
853	133	1.3300	11
854	122	1.2200	9
855	125	1.2500	11
856	76	0.7600	9
857	30	0.3000	2
858	19	0.1900	4
859	217	2.1700	19
860	11	0.1100	1
861	487	4.8700	26
862	678	6.7800	22
863	208	2.0800	18
864	1	0.0100	1
865	16	0.1600	1
866	52	0.5200	7
867	38	0.3800	3
868	7	0.0700	2
869	216	2.1600	11
870	106	1.0600	8
871	264	2.6400	15
872	46	0.4600	3
873	65	0.6500	3
874	90	0.9000	6
875	227	2.2700	12
876	78	0.7800	6
877	90	0.9000	6
878	153	1.5300	16
879	138	1.3800	9
880	102	1.0200	4
881	70	0.7000	8
882	622	6.2200	25
883	108	1.0800	6
884	276	2.7600	19
885	3	0.0300	2
886	11	0.1100	2
887	120	1.2000	7
888	82	0.8200	4
889	111	1.1100	8
890	31	0.3100	5
891	93	0.9300	10
892	41	0.4100	8
893	59	0.5900	6
894	66	0.6600	6
895	56	0.5600	9
896	149	1.4900	6
897	76	0.7600	5
898	113	1.1300	7
899	15	0.1500	3
900	28	0.2800	3
901	139	1.3900	12
902	3	0.0300	2
903	251	2.5100	14
904	568	5.6800	21
905	142	1.4200	5
906	76	0.7600	6
907	9	0.0900	2
908	106	1.0600	5
909	172	1.7200	9
910	280	2.8000	18
911	83	0.8300	4
912	88	0.8800	8
913	1	0.0100	1
914	193	1.9300	13
915	326	3.2600	13
916	179	1.7900	9
917	347	3.4700	14
918	176	1.7600	12
919	211	2.1100	9
920	87	0.8700	8
921	215	2.1500	9
922	272	2.7200	13
923	22	0.2200	4
924	125	1.2500	9
925	147	1.4700	11
926	86	0.8600	10
927	21	0.2100	2
928	345	3.4500	15
929	12	0.1200	2
930	5	0.0500	1
931	211	2.1100	19
932	145	1.4500	12
933	318	3.1800	20
934	8	0.0800	1
935	159	1.5900	7
936	74	0.7400	8
937	122	1.2200	8
938	98	0.9800	7
939	112	1.1200	7
940	148	1.4800	8
941	220	2.2000	18
942	71	0.7100	4
943	152	1.5200	15
944	134	1.3400	10
945	119	1.1900	3
946	4	0.0400	1
947	101	1.0100	12
948	23	0.2300	2
949	44	0.4400	6
950	153	1.5300	12
951	350	3.5000	16
952	157	1.5700	11
953	87	0.8700	9
954	180	1.8000	9
955	140	1.4000	8
956	43	0.4300	3
957	60	0.6000	7
958	81	0.8100	2
959	431	4.3100	18
960	28	0.2800	3
961	99	0.9900	8
962	27	0.2700	2
963	40	0.4000	7
964	47	0.4700	5
965	115	1.1500	11
966	73	0.7300	7
967	32	0.3200	3
968	56	0.5600	4
969	119	1.1900	6
970	26	0.2600	3
971	85	0.8500	8
972	101	1.0100	10
973	40	0.4000	5
974	87	0.8700	8
975	99	0.9900	8
976	10	0.1000	1
977	22	0.2200	3
978	19	0.1900	2
979	85	0.8500	4
980	197	1.9700	14
981	341	3.4100	23
982	64	0.6400	8
983	48	0.4800	4
984	125	1.2500	7
985	43	0.4300	6
986	143	1.4300	10
987	26	0.2600	2
988	50	0.5000	6
989	64	0.6400	7
990	172	1.7200	11
991	56	0.5600	7
992	37	0.3700	3
993	296	2.9600	12
994	269	2.6900	18
995	35	0.3500	4
996	110	1.1000	12
997	55	0.5500	6
998	103	1.0300	10
999	66	0.6600	6
# Simulation completed.
