# Creating system...
# System created with N=1000 particles

# Initial state:
# Susceptibles: 999, Infected: 1

# Starting simulation...
# Relz	Step	Time	sigma	R0
0	7	0.0700	1
1	89	0.8900	4
2	376	3.7600	22
3	219	2.1900	9
4	591	5.9100	23
5	175	1.7500	6
6	368	3.6800	10
7	413	4.1300	15
8	442	4.4200	21
9	388	3.8800	21
10	209	2.0900	8
11	674	6.7400	31
12	191	1.9100	14
13	792	7.9200	35
14	36	0.3600	4
15	165	1.6500	9
16	251	2.5100	9
17	213	2.1300	13
18	45	0.4500	5
19	511	5.1100	22
20	517	5.1700	21
21	283	2.8300	8
22	378	3.7800	12
23	196	1.9600	10
24	626	6.2600	17
25	215	2.1500	12
26	490	4.9000	22
27	150	1.5000	10
28	208	2.0800	8
29	844	8.4400	39
30	3	0.0300	1
31	107	1.0700	5
32	258	2.5800	8
33	28	0.2800	2
34	902	9.0200	21
35	246	2.4600	8
36	168	1.6800	13
37	1517	15.1700	47
38	94	0.9400	1
39	231	2.3100	8
40	242	2.4200	6
41	754	7.5400	25
42	236	2.3600	7
43	574	5.7400	20
44	1138	11.3800	50
45	41	0.4100	4
46	246	2.4600	18
47	67	0.6700	2
48	309	3.0900	11
49	395	3.9500	17
50	1742	17.4200	59
51	48	0.4800	4
52	972	9.7200	33
53	132	1.3200	3
54	161	1.6100	7
55	33	0.3300	3
56	439	4.3900	14
57	28	0.2800	1
58	276	2.7600	10
59	1184	11.8400	35
60	385	3.8500	18
61	385	3.8500	14
62	282	2.8200	14
63	44	0.4400	1
64	186	1.8600	9
65	114	1.1400	7
66	562	5.6200	22
67	1180	11.8000	47
68	523	5.2300	29
69	260	2.6000	9
70	605	6.0500	24
71	188	1.8800	8
72	141	1.4100	7
73	218	2.1800	11
74	1232	12.3200	43
75	248	2.4800	8
76	63	0.6300	2
77	332	3.3200	8
78	365	3.6500	17
79	142	1.4200	8
80	121	1.2100	5
81	59	0.5900	2
82	169	1.6900	4
83	815	8.1500	34
84	127	1.2700	4
85	256	2.5600	11
86	1206	12.0600	50
87	514	5.1400	24
88	217	2.1700	8
89	186	1.8600	10
90	182	1.8200	14
91	142	1.4200	6
92	12	0.1200	1
93	205	2.0500	7
94	1383	13.8300	37
95	258	2.5800	9
96	652	6.5200	19
97	182	1.8200	5
98	409	4.0900	18
99	124	1.2400	5
100	2299	22.9900	73
101	278	2.7800	16
102	141	1.4100	5
103	631	6.3100	18
104	368	3.6800	20
105	101	1.0100	6
106	828	8.2800	29
107	1158	11.5800	46
108	627	6.2700	24
109	141	1.4100	6
110	388	3.8800	7
111	184	1.8400	5
112	64	0.6400	2
113	1099	10.9900	35
114	29	0.2900	4
115	190	1.9000	4
116	950	9.5000	27
117	472	4.7200	21
118	104	1.0400	2
119	141	1.4100	7
120	181	1.8100	7
121	351	3.5100	17
122	119	1.1900	6
123	593	5.9300	16
124	255	2.5500	10
125	106	1.0600	6
126	1112	11.1200	35
127	208	2.0800	8
128	493	4.9300	16
129	706	7.0600	25
130	471	4.7100	24
131	152	1.5200	5
132	844	8.4400	28
133	573	5.7300	20
134	26	0.2600	2
135	52	0.5200	3
136	553	5.5300	13
137	82	0.8200	6
138	65	0.6500	2
139	277	2.7700	11
140	56	0.5600	4
141	26	0.2600	4
142	78	0.7800	4
143	684	6.8400	32
144	521	5.2100	20
145	60	0.6000	3
146	183	1.8300	9
147	209	2.0900	7
148	12	0.1200	1
149	141	1.4100	5
150	218	2.1800	11
151	141	1.4100	4
152	363	3.6300	13
153	237	2.3700	12
154	709	7.0900	18
155	219	2.1900	4
156	640	6.4000	26
157	88	0.8800	5
158	181	1.8100	6
159	578	5.7800	25
160	156	1.5600	11
161	373	3.7300	18
162	178	1.7800	4
163	44	0.4400	6
164	166	1.6600	8
165	94	0.9400	5
166	909	9.0900	40
167	491	4.9100	19
168	1100	11.0000	44
169	722	7.2200	21
170	96	0.9600	6
171	684	6.8400	28
172	245	2.4500	8
173	1190	11.9000	44
174	196	1.9600	13
175	1113	11.1300	42
176	137	1.3700	4
177	861	8.6100	25
178	514	5.1400	27
179	168	1.6800	8
180	20	0.2000	1
181	229	2.2900	8
182	373	3.7300	13
183	652	6.5200	7
184	488	4.8800	20
185	41	0.4100	3
186	30	0.3000	2
187	345	3.4500	19
188	14	0.1400	2
189	761	7.6100	22
190	312	3.1200	16
191	280	2.8000	8
192	248	2.4800	15
193	610	6.1000	22
194	173	1.7300	5
195	210	2.1000	10
196	39	0.3900	1
197	629	6.2900	23
198	216	2.1600	5
199	83	0.8300	5
200	130	1.3000	7
201	66	0.6600	4
202	695	6.9500	34
203	523	5.2300	14
204	359	3.5900	13
205	362	3.6200	14
206	633	6.3300	24
207	146	1.4600	7
208	44	0.4400	2
209	44	0.4400	2
210	252	2.5200	10
211	88	0.8800	4
212	113	1.1300	3
213	633	6.3300	29
214	770	7.7000	29
215	280	2.8000	16
216	891	8.9100	38
217	152	1.5200	9
218	338	3.3800	12
219	400	4.0000	15
220	123	1.2300	5
221	529	5.2900	21
222	357	3.5700	13
223	441	4.4100	19
224	390	3.9000	15
225	14	0.1400	1
226	171	1.7100	6
227	681	6.8100	17
228	51	0.5100	2
229	20	0.2000	2
230	40	0.4000	1
231	113	1.1300	7
232	853	8.5300	33
233	40	0.4000	2
234	301	3.0100	14
235	536	5.3600	22
236	365	3.6500	16
237	62	0.6200	2
238	58	0.5800	3
239	368	3.6800	18
240	1268	12.6800	32
241	368	3.6800	15
242	635	6.3500	22
243	59	0.5900	3
244	388	3.8800	12
245	23	0.2300	1
246	237	2.3700	8
247	1313	13.1300	36
248	269	2.6900	8
249	191	1.9100	8
250	116	1.1600	6
251	507	5.0700	24
252	1329	13.2900	40
253	215	2.1500	10
254	26	0.2600	1
255	278	2.7800	12
256	159	1.5900	8
257	93	0.9300	3
258	304	3.0400	15
259	299	2.9900	13
260	705	7.0500	28
261	642	6.4200	24
262	181	1.8100	9
263	502	5.0200	21
264	294	2.9400	11
265	790	7.9000	42
266	628	6.2800	21
267	912	9.1200	29
268	241	2.4100	10
269	222	2.2200	15
270	549	5.4900	17
271	47	0.4700	2
272	1257	12.5700	42
273	286	2.8600	16
274	199	1.9900	8
275	50	0.5000	2
276	117	1.1700	5
277	1502	15.0200	42
278	58	0.5800	2
279	287	2.8700	12
280	677	6.7700	28
281	78	0.7800	9
282	121	1.2100	3
283	899	8.9900	35
284	461	4.6100	14
285	392	3.9200	18
286	117	1.1700	5
287	774	7.7400	35
288	910	9.1000	37
289	20	0.2000	2
290	82	0.8200	4
291	187	1.8700	11
292	676	6.7600	22
293	492	4.9200	24
294	382	3.8200	20
295	90	0.9000	4
296	29	0.2900	2
297	167	1.6700	10
298	180	1.8000	8
299	16	0.1600	2
300	206	2.0600	13
301	223	2.2300	11
302	639	6.3900	20
303	90	0.9000	4
304	34	0.3400	2
305	772	7.7200	20
306	81	0.8100	9
307	173	1.7300	8
308	336	3.3600	12
309	960	9.6000	35
310	59	0.5900	2
311	19	0.1900	2
312	647	6.4700	29
313	41	0.4100	3
314	1052	10.5200	34
315	15	0.1500	1
316	336	3.3600	16
317	172	1.7200	9
318	584	5.8400	25
319	179	1.7900	5
320	792	7.9200	25
321	147	1.4700	9
322	803	8.0300	29
323	12	0.1200	1
324	336	3.3600	11
325	39	0.3900	4
326	445	4.4500	17
327	894	8.9400	39
328	140	1.4000	9
329	470	4.7000	19
330	510	5.1000	20
331	84	0.8400	4
332	16	0.1600	2
333	107	1.0700	7
334	498	4.9800	22
335	128	1.2800	9
336	305	3.0500	7
337	144	1.4400	6
338	104	1.0400	5
339	43	0.4300	1
340	586	5.8600	29
341	130	1.3000	3
342	305	3.0500	13
343	221	2.2100	11
344	13	0.1300	1
345	12	0.1200	2
346	2	0.0200	1
347	440	4.4000	17
348	1155	11.5500	31
349	286	2.8600	10
350	597	5.9700	22
351	212	2.1200	12
352	10	0.1000	1
353	226	2.2600	9
354	385	3.8500	10
355	42	0.4200	1
356	442	4.4200	15
357	77	0.7700	4
358	56	0.5600	6
359	819	8.1900	27
360	156	1.5600	5
361	556	5.5600	26
362	627	6.2700	28
363	83	0.8300	4
364	154	1.5400	3
365	614	6.1400	19
366	580	5.8000	27
367	825	8.2500	34
368	441	4.4100	18
369	600	6.0000	31
370	886	8.8600	33
371	195	1.9500	7
372	102	1.0200	6
373	320	3.2000	11
374	51	0.5100	2
375	370	3.7000	23
376	62	0.6200	5
377	473	4.7300	12
378	138	1.3800	5
379	206	2.0600	8
380	205	2.0500	14
381	190	1.9000	5
382	865	8.6500	25
383	98	0.9800	4
384	257	2.5700	8
385	314	3.1400	20
386	1110	11.1000	39
387	580	5.8000	28
388	421	4.2100	16
389	115	1.1500	2
390	559	5.5900	26
391	150	1.5000	7
392	32	0.3200	4
393	663	6.6300	24
394	145	1.4500	9
395	215	2.1500	9
396	1436	14.3600	49
397	392	3.9200	18
398	1095	10.9500	54
399	210	2.1000	12
400	497	4.9700	22
401	129	1.2900	3
402	126	1.2600	5
403	618	6.1800	28
404	241	2.4100	13
405	172	1.7200	8
406	412	4.1200	14
407	252	2.5200	6
408	459	4.5900	20
409	19	0.1900	2
410	559	5.5900	17
411	439	4.3900	19
412	87	0.8700	10
413	78	0.7800	1
414	245	2.4500	9
415	4	0.0400	1
416	17	0.1700	2
417	45	0.4500	1
418	40	0.4000	1
419	11	0.1100	2
420	237	2.3700	7
421	1593	15.9300	53
422	229	2.2900	6
423	268	2.6800	7
424	59	0.5900	2
425	280	2.8000	10
426	136	1.3600	6
427	220	2.2000	7
428	266	2.6600	7
429	31	0.3100	1
430	172	1.7200	8
431	410	4.1000	12
432	68	0.6800	3
433	493	4.9300	19
434	504	5.0400	25
435	403	4.0300	15
436	169	1.6900	8
437	2953	29.5300	91
438	92	0.9200	8
439	450	4.5000	17
440	4	0.0400	1
441	320	3.2000	11
442	2	0.0200	1
443	375	3.7500	21
444	644	6.4400	22
445	557	5.5700	32
446	585	5.8500	26
447	197	1.9700	6
448	288	2.8800	11
449	1040	10.4000	34
450	535	5.3500	12
451	112	1.1200	7
452	400	4.0000	17
453	529	5.2900	23
454	1583	15.8300	50
455	92	0.9200	3
456	371	3.7100	13
457	682	6.8200	22
458	969	9.6900	27
459	560	5.6000	19
460	284	2.8400	9
461	112	1.1200	5
462	821	8.2100	38
463	171	1.7100	7
464	252	2.5200	4
465	374	3.7400	19
466	824	8.2400	25
467	535	5.3500	22
468	408	4.0800	12
469	1512	15.1200	49
470	598	5.9800	14
471	143	1.4300	9
472	69	0.6900	8
473	764	7.6400	33
474	234	2.3400	6
475	130	1.3000	9
476	205	2.0500	8
477	21	0.2100	1
478	184	1.8400	9
479	13	0.1300	3
480	128	1.2800	6
481	270	2.7000	5
482	184	1.8400	11
483	973	9.7300	33
484	145	1.4500	3
485	175	1.7500	10
486	167	1.6700	8
487	202	2.0200	12
488	45	0.4500	4
489	339	3.3900	11
490	10	0.1000	2
491	100	1.0000	3
492	138	1.3800	6
493	617	6.1700	33
494	511	5.1100	19
495	80	0.8000	5
496	187	1.8700	7
497	765	7.6500	27
498	838	8.3800	34
499	190	1.9000	10
500	119	1.1900	5
501	328	3.2800	8
502	68	0.6800	7
503	168	1.6800	9
504	369	3.6900	12
505	600	6.0000	23
506	739	7.3900	33
507	1190	11.9000	47
508	257	2.5700	18
509	30	0.3000	1
510	325	3.2500	9
511	36	0.3600	3
512	38	0.3800	3
513	456	4.5600	22
514	285	2.8500	11
515	39	0.3900	2
516	97	0.9700	6
517	227	2.2700	6
518	134	1.3400	4
519	79	0.7900	2
520	357	3.5700	21
521	314	3.1400	15
522	528	5.2800	21
523	88	0.8800	4
524	49	0.4900	1
525	448	4.4800	15
526	227	2.2700	14
527	396	3.9600	14
528	402	4.0200	17
529	88	0.8800	6
530	292	2.9200	6
531	215	2.1500	9
532	333	3.3300	13
533	64	0.6400	6
534	94	0.9400	2
535	524	5.2400	18
536	156	1.5600	10
537	416	4.1600	11
538	5	0.0500	1
539	100	1.0000	2
540	196	1.9600	8
541	33	0.3300	4
542	684	6.8400	30
543	264	2.6400	9
544	212	2.1200	9
545	84	0.8400	5
546	51	0.5100	2
547	505	5.0500	21
548	722	7.2200	26
549	147	1.4700	10
550	320	3.2000	10
551	329	3.2900	14
552	33	0.3300	2
553	212	2.1200	10
554	307	3.0700	14
555	1066	10.6600	30
556	1029	10.2900	37
557	1038	10.3800	35
558	70	0.7000	2
559	503	5.0300	14
560	121	1.2100	7
561	279	2.7900	11
562	504	5.0400	17
563	156	1.5600	10
564	20	0.2000	1
565	313	3.1300	16
566	70	0.7000	3
567	315	3.1500	11
568	336	3.3600	11
569	1186	11.8600	39
570	190	1.9000	6
571	579	5.7900	20
572	260	2.6000	5
573	385	3.8500	14
574	78	0.7800	4
575	91	0.9100	5
576	469	4.6900	14
577	258	2.5800	9
578	90	0.9000	5
579	71	0.7100	5
580	146	1.4600	4
581	58	0.5800	7
582	262	2.6200	16
583	393	3.9300	11
584	1167	11.6700	34
585	127	1.2700	4
586	242	2.4200	12
587	167	1.6700	7
588	21	0.2100	1
589	371	3.7100	12
590	27	0.2700	3
591	166	1.6600	9
592	1134	11.3400	44
593	443	4.4300	19
594	179	1.7900	7
595	298	2.9800	6
596	18	0.1800	1
597	303	3.0300	11
598	396	3.9600	16
599	149	1.4900	3
600	48	0.4800	3
601	126	1.2600	9
602	40	0.4000	1
603	2	0.0200	1
604	640	6.4000	25
605	183	1.8300	5
606	234	2.3400	9
607	617	6.1700	35
608	900	9.0000	23
609	793	7.9300	33
610	1082	10.8200	32
611	217	2.1700	8
612	453	4.5300	12
613	310	3.1000	11
614	227	2.2700	5
615	895	8.9500	34
616	176	1.7600	7
617	516	5.1600	24
618	38	0.3800	3
619	243	2.4300	7
620	404	4.0400	16
621	153	1.5300	5
622	674	6.7400	27
623	82	0.8200	6
624	117	1.1700	7
625	377	3.7700	18
626	124	1.2400	6
627	202	2.0200	10
628	322	3.2200	11
629	215	2.1500	9
630	60	0.6000	4
631	576	5.7600	19
632	121	1.2100	2
633	31	0.3100	5
634	700	7.0000	24
635	569	5.6900	14
636	951	9.5100	37
637	282	2.8200	7
638	96	0.9600	10
639	695	6.9500	27
640	1043	10.4300	32
641	784	7.8400	30
642	68	0.6800	1
643	5	0.0500	1
644	302	3.0200	12
645	140	1.4000	3
646	269	2.6900	15
647	274	2.7400	13
648	239	2.3900	6
649	419	4.1900	18
650	359	3.5900	8
651	658	6.5800	20
652	36	0.3600	3
653	433	4.3300	23
654	15	0.1500	1
655	726	7.2600	28
656	193	1.9300	12
657	145	1.4500	5
658	492	4.9200	20
659	505	5.0500	24
660	296	2.9600	12
661	841	8.4100	36
662	285	2.8500	12
663	270	2.7000	12
664	272	2.7200	15
665	164	1.6400	8
666	1900	19.0000	50
667	764	7.6400	24
668	39	0.3900	1
669	256	2.5600	8
670	975	9.7500	30
671	322	3.2200	17
672	268	2.6800	17
673	67	0.6700	3
674	338	3.3800	9
675	983	9.8300	29
676	295	2.9500	12
677	10	0.1000	1
678	158	1.5800	6
679	567	5.6700	26
680	1308	13.0800	53
681	108	1.0800	6
682	600	6.0000	22
683	348	3.4800	11
684	61	0.6100	6
685	224	2.2400	11
686	109	1.0900	11
687	387	3.8700	14
688	902	9.0200	34
689	1125	11.2500	39
690	593	5.9300	23
691	480	4.8000	16
692	109	1.0900	4
693	473	4.7300	13
694	84	0.8400	5
695	975	9.7500	32
696	42	0.4200	3
697	38	0.3800	2
698	55	0.5500	1
699	1711	17.1100	56
700	47	0.4700	2
701	316	3.1600	15
702	787	7.8700	25
703	338	3.3800	14
704	43	0.4300	2
705	8	0.0800	2
706	56	0.5600	3
707	105	1.0500	2
708	500	5.0000	28
709	252	2.5200	7
710	1375	13.7500	49
711	264	2.6400	13
712	269	2.6900	13
713	412	4.1200	18
714	1187	11.8700	43
715	118	1.1800	5
716	147	1.4700	10
717	261	2.6100	10
718	52	0.5200	3
719	29	0.2900	1
720	55	0.5500	2
721	35	0.3500	1
722	217	2.1700	10
723	416	4.1600	17
724	16	0.1600	2
725	47	0.4700	3
726	1026	10.2600	33
727	285	2.8500	18
728	178	1.7800	15
729	338	3.3800	14
730	43	0.4300	2
731	68	0.6800	3
732	131	1.3100	4
733	184	1.8400	12
734	117	1.1700	1
735	374	3.7400	11
736	711	7.1100	34
737	25	0.2500	1
738	287	2.8700	5
739	301	3.0100	14
740	506	5.0600	23
741	279	2.7900	12
742	835	8.3500	32
743	457	4.5700	20
744	107	1.0700	2
745	127	1.2700	4
746	1954	19.5400	51
747	257	2.5700	11
748	195	1.9500	4
749	130	1.3000	7
750	422	4.2200	11
751	1066	10.6600	35
752	266	2.6600	7
753	13	0.1300	3
754	93	0.9300	6
755	712	7.1200	28
756	499	4.9900	21
757	873	8.7300	27
758	131	1.3100	2
759	124	1.2400	2
760	116	1.1600	6
761	212	2.1200	12
762	478	4.7800	25
763	722	7.2200	29
764	269	2.6900	10
765	168	1.6800	4
766	44	0.4400	1
767	210	2.1000	16
768	164	1.6400	8
769	36	0.3600	4
770	546	5.4600	25
771	255	2.5500	14
772	114	1.1400	5
773	86	0.8600	3
774	248	2.4800	7
775	248	2.4800	10
776	6	0.0600	1
777	825	8.2500	24
778	724	7.2400	18
779	424	4.2400	16
780	24	0.2400	3
781	831	8.3100	26
782	655	6.5500	26
783	191	1.9100	11
784	201	2.0100	15
785	288	2.8800	9
786	202	2.0200	14
787	119	1.1900	7
788	1009	10.0900	33
789	172	1.7200	8
790	275	2.7500	5
791	222	2.2200	8
792	723	7.2300	37
793	101	1.0100	4
794	442	4.4200	24
795	105	1.0500	3
796	15	0.1500	1
797	13	0.1300	1
798	518	5.1800	27
799	116	1.1600	6
800	769	7.6900	24
801	139	1.3900	6
802	238	2.3800	16
803	256	2.5600	15
804	419	4.1900	16
805	656	6.5600	27
806	612	6.1200	40
807	1052	10.5200	34
808	466	4.6600	21
809	26	0.2600	2
810	216	2.1600	9
811	645	6.4500	30
812	64	0.6400	4
813	31	0.3100	5
814	22	0.2200	5
815	170	1.7000	3
816	360	3.6000	19
817	309	3.0900	20
818	142	1.4200	6
819	259	2.5900	12
820	123	1.2300	5
821	440	4.4000	21
822	213	2.1300	9
823	32	0.3200	1
824	473	4.7300	21
825	4	0.0400	1
826	134	1.3400	6
827	288	2.8800	8
828	31	0.3100	1
829	119	1.1900	6
830	283	2.8300	7
831	413	4.1300	14
832	456	4.5600	26
833	152	1.5200	8
834	659	6.5900	26
835	229	2.2900	9
836	264	2.6400	5
837	272	2.7200	7
838	466	4.6600	15
839	32	0.3200	4
840	204	2.0400	8
841	381	3.8100	11
842	124	1.2400	7
843	62	0.6200	4
844	199	1.9900	5
845	818	8.1800	29
846	11	0.1100	2
847	128	1.2800	9
848	85	0.8500	4
849	261	2.6100	15
850	1098	10.9800	32
851	454	4.5400	8
852	43	0.4300	3
853	332	3.3200	7
854	81	0.8100	2
855	322	3.2200	17
856	59	0.5900	2
857	90	0.9000	3
858	599	5.9900	19
859	174	1.7400	9
860	100	1.0000	5
861	233	2.3300	6
862	506	5.0600	18
863	412	4.1200	14
864	73	0.7300	4
865	469	4.6900	14
866	1350	13.5000	35
867	111	1.1100	6
868	260	2.6000	11
869	87	0.8700	6
870	269	2.6900	20
871	442	4.4200	17
872	54	0.5400	4
873	153	1.5300	4
874	322	3.2200	12
875	112	1.1200	5
876	179	1.7900	12
877	262	2.6200	12
878	289	2.8900	6
879	54	0.5400	6
880	415	4.1500	14
881	265	2.6500	11
882	200	2.0000	9
883	340	3.4000	12
884	234	2.3400	7
885	414	4.1400	15
886	428	4.2800	24
887	15	0.1500	2
888	357	3.5700	10
889	874	8.7400	41
890	339	3.3900	11
891	13	0.1300	1
892	733	7.3300	23
893	157	1.5700	7
894	32	0.3200	2
895	562	5.6200	19
896	1858	18.5800	56
897	2140	21.4000	62
898	208	2.0800	8
899	1472	14.7200	55
900	75	0.7500	5
901	157	1.5700	9
902	817	8.1700	17
903	471	4.7100	17
904	124	1.2400	7
905	163	1.6300	6
906	326	3.2600	13
907	23	0.2300	1
908	372	3.7200	15
909	113	1.1300	6
910	315	3.1500	12
911	238	2.3800	8
912	233	2.3300	12
913	101	1.0100	4
914	195	1.9500	9
915	708	7.0800	34
916	9	0.0900	1
917	354	3.5400	11
918	793	7.9300	36
919	267	2.6700	10
920	109	1.0900	8
921	358	3.5800	17
922	1103	11.0300	40
923	10	0.1000	1
924	530	5.3000	23
925	621	6.2100	27
926	1128	11.2800	33
927	22	0.2200	2
928	145	1.4500	9
929	957	9.5700	36
930	965	9.6500	30
931	321	3.2100	13
932	800	8.0000	32
933	325	3.2500	10
934	229	2.2900	12
935	76	0.7600	3
936	487	4.8700	25
937	78	0.7800	5
938	50	0.5000	4
939	36	0.3600	4
940	124	1.2400	4
941	673	6.7300	27
942	743	7.4300	27
943	10	0.1000	1
944	198	1.9800	7
945	287	2.8700	14
946	558	5.5800	31
947	244	2.4400	11
948	794	7.9400	23
949	176	1.7600	4
950	268	2.6800	11
951	15	0.1500	1
952	114	1.1400	3
953	2127	21.2700	67
954	570	5.7000	18
955	64	0.6400	3
956	229	2.2900	12
957	75	0.7500	2
958	469	4.6900	17
959	165	1.6500	9
960	289	2.8900	11
961	128	1.2800	7
962	28	0.2800	2
963	50	0.5000	5
964	541	5.4100	21
965	902	9.0200	30
966	260	2.6000	8
967	247	2.4700	9
968	35	0.3500	2
969	70	0.7000	5
970	175	1.7500	10
971	720	7.2000	28
972	409	4.0900	11
973	55	0.5500	2
974	207	2.0700	9
975	338	3.3800	18
976	731	7.3100	27
977	499	4.9900	24
978	98	0.9800	8
979	15	0.1500	1
980	530	5.3000	24
981	222	2.2200	7
982	759	7.5900	20
983	122	1.2200	8
984	785	7.8500	33
985	85	0.8500	5
986	128	1.2800	4
987	870	8.7000	27
988	85	0.8500	6
989	249	2.4900	11
990	942	9.4200	28
991	304	3.0400	7
992	98	0.9800	6
993	117	1.1700	7
994	176	1.7600	10
995	180	1.8000	11
996	505	5.0500	19
997	375	3.7500	14
998	325	3.2500	12
999	149	1.4900	5
# Simulation completed.
