# Creating system...
# System created with N=1000 particles

# Initial state:
# Susceptibles: 999, Infected: 1

# Starting simulation...
# Relz	Step	Time	sigma	R0
0	95	0.9500	2
1	82	0.8200	3
2	130	1.3000	4
3	223	2.2300	4
4	22	0.2200	1
5	37	0.3700	2
6	5	0.0500	1
7	12	0.1200	1
8	33	0.3300	2
9	48	0.4800	3
10	95	0.9500	2
11	68	0.6800	2
12	343	3.4300	5
13	131	1.3100	3
14	193	1.9300	3
15	36	0.3600	1
16	290	2.9000	1
17	57	0.5700	2
18	253	2.5300	4
19	68	0.6800	4
20	279	2.7900	4
21	308	3.0800	3
22	321	3.2100	6
23	309	3.0900	2
24	145	1.4500	3
25	98	0.9800	3
26	145	1.4500	3
27	87	0.8700	2
28	65	0.6500	4
29	224	2.2400	4
30	7	0.0700	1
31	75	0.7500	1
32	112	1.1200	1
33	31	0.3100	2
34	173	1.7300	4
35	10	0.1000	1
36	71	0.7100	2
37	74	0.7400	1
38	7	0.0700	1
39	9	0.0900	1
40	57	0.5700	2
41	280	2.8000	6
42	85	0.8500	3
43	96	0.9600	2
44	163	1.6300	3
45	90	0.9000	1
46	76	0.7600	1
47	179	1.7900	4
48	8	0.0800	1
49	56	0.5600	3
50	14	0.1400	2
51	81	0.8100	2
52	75	0.7500	2
53	79	0.7900	2
54	88	0.8800	3
55	390	3.9000	3
56	1	0.0100	1
57	188	1.8800	6
58	193	1.9300	3
59	51	0.5100	2
60	282	2.8200	8
61	370	3.7000	3
62	105	1.0500	2
63	25	0.2500	1
64	30	0.3000	2
65	52	0.5200	1
66	21	0.2100	3
67	8	0.0800	1
68	33	0.3300	1
69	42	0.4200	2
70	18	0.1800	1
71	214	2.1400	2
72	342	3.4200	3
73	167	1.6700	2
74	162	1.6200	5
75	31	0.3100	1
76	32	0.3200	1
77	149	1.4900	1
78	7	0.0700	1
79	62	0.6200	2
80	22	0.2200	1
81	76	0.7600	1
82	97	0.9700	2
83	42	0.4200	1
84	6	0.0600	1
85	184	1.8400	2
86	15	0.1500	1
87	9	0.0900	1
88	10	0.1000	1
89	544	5.4400	4
90	96	0.9600	5
91	168	1.6800	5
92	13	0.1300	1
93	33	0.3300	1
94	83	0.8300	3
95	136	1.3600	2
96	83	0.8300	2
97	72	0.7200	1
98	45	0.4500	2
99	218	2.1800	3
100	181	1.8100	4
101	38	0.3800	1
102	31	0.3100	2
103	47	0.4700	1
104	18	0.1800	1
105	97	0.9700	1
106	204	2.0400	4
107	39	0.3900	2
108	48	0.4800	3
109	141	1.4100	6
110	478	4.7800	7
111	77	0.7700	5
112	272	2.7200	3
113	84	0.8400	3
114	34	0.3400	1
115	25	0.2500	1
116	98	0.9800	3
117	15	0.1500	1
118	49	0.4900	1
119	8	0.0800	1
120	173	1.7300	2
121	152	1.5200	4
122	56	0.5600	3
123	197	1.9700	3
124	197	1.9700	4
125	280	2.8000	3
126	33	0.3300	3
127	58	0.5800	1
128	30	0.3000	1
129	219	2.1900	3
130	328	3.2800	4
131	309	3.0900	3
132	146	1.4600	2
133	148	1.4800	4
134	57	0.5700	1
135	90	0.9000	2
136	61	0.6100	1
137	71	0.7100	1
138	131	1.3100	2
139	189	1.8900	1
140	142	1.4200	2
141	64	0.6400	3
142	127	1.2700	2
143	39	0.3900	1
144	71	0.7100	3
145	221	2.2100	5
146	36	0.3600	1
147	101	1.0100	2
148	54	0.5400	2
149	320	3.2000	6
150	65	0.6500	2
151	418	4.1800	5
152	260	2.6000	6
153	119	1.1900	2
154	166	1.6600	3
155	73	0.7300	2
156	1	0.0100	1
157	119	1.1900	2
158	119	1.1900	2
159	3	0.0300	1
160	119	1.1900	2
161	77	0.7700	2
162	91	0.9100	1
163	81	0.8100	1
164	134	1.3400	2
165	99	0.9900	1
166	84	0.8400	2
167	298	2.9800	1
168	46	0.4600	2
169	149	1.4900	3
170	43	0.4300	1
171	23	0.2300	2
172	89	0.8900	2
173	17	0.1700	3
174	39	0.3900	2
175	181	1.8100	2
176	73	0.7300	3
177	48	0.4800	1
178	58	0.5800	1
179	593	5.9300	5
180	45	0.4500	1
181	165	1.6500	3
182	411	4.1100	7
183	26	0.2600	1
184	157	1.5700	3
185	228	2.2800	4
186	111	1.1100	4
187	12	0.1200	1
188	398	3.9800	2
189	202	2.0200	1
190	367	3.6700	1
191	107	1.0700	1
192	122	1.2200	3
193	143	1.4300	4
194	169	1.6900	3
195	11	0.1100	1
196	2	0.0200	1
197	634	6.3400	10
198	41	0.4100	2
199	6	0.0600	1
200	327	3.2700	3
201	118	1.1800	3
202	1	0.0100	1
203	28	0.2800	2
204	157	1.5700	3
205	76	0.7600	3
206	159	1.5900	3
207	200	2.0000	5
208	105	1.0500	2
209	16	0.1600	1
210	35	0.3500	1
211	22	0.2200	1
212	151	1.5100	1
213	94	0.9400	1
214	235	2.3500	7
215	21	0.2100	1
216	39	0.3900	1
217	188	1.8800	1
218	123	1.2300	2
219	154	1.5400	4
220	86	0.8600	1
221	94	0.9400	2
222	176	1.7600	4
223	7	0.0700	1
224	172	1.7200	3
225	62	0.6200	1
226	457	4.5700	4
227	18	0.1800	1
228	47	0.4700	2
229	100	1.0000	2
230	83	0.8300	3
231	150	1.5000	2
232	49	0.4900	1
233	216	2.1600	4
234	21	0.2100	2
235	43	0.4300	1
236	210	2.1000	3
237	122	1.2200	2
238	22	0.2200	1
239	105	1.0500	3
240	147	1.4700	2
241	162	1.6200	5
242	142	1.4200	8
243	50	0.5000	1
244	36	0.3600	2
245	40	0.4000	2
246	146	1.4600	3
247	570	5.7000	5
248	85	0.8500	3
249	15	0.1500	2
250	34	0.3400	1
251	9	0.0900	1
252	28	0.2800	2
253	226	2.2600	2
254	177	1.7700	6
255	39	0.3900	1
256	151	1.5100	2
257	54	0.5400	1
258	291	2.9100	5
259	118	1.1800	3
260	220	2.2000	3
261	38	0.3800	2
262	101	1.0100	2
263	2	0.0200	1
264	312	3.1200	5
265	84	0.8400	2
266	104	1.0400	1
267	53	0.5300	1
268	115	1.1500	4
269	382	3.8200	6
270	89	0.8900	1
271	23	0.2300	1
272	28	0.2800	2
273	196	1.9600	4
274	181	1.8100	3
275	87	0.8700	3
276	8	0.0800	1
277	58	0.5800	3
278	520	5.2000	5
279	91	0.9100	1
280	298	2.9800	4
281	318	3.1800	3
282	126	1.2600	2
283	140	1.4000	3
284	2	0.0200	1
285	191	1.9100	3
286	430	4.3000	7
287	345	3.4500	3
288	21	0.2100	1
289	34	0.3400	1
290	35	0.3500	3
291	349	3.4900	4
292	65	0.6500	2
293	21	0.2100	1
294	95	0.9500	1
295	252	2.5200	1
296	148	1.4800	2
297	225	2.2500	4
298	138	1.3800	3
299	20	0.2000	1
300	80	0.8000	3
301	23	0.2300	1
302	85	0.8500	4
303	31	0.3100	1
304	40	0.4000	1
305	97	0.9700	1
306	160	1.6000	2
307	121	1.2100	4
308	16	0.1600	1
309	245	2.4500	4
310	95	0.9500	1
311	2	0.0200	1
312	123	1.2300	1
313	269	2.6900	3
314	7	0.0700	1
315	130	1.3000	3
316	87	0.8700	1
317	175	1.7500	2
318	244	2.4400	4
319	71	0.7100	1
320	5	0.0500	1
321	32	0.3200	1
322	232	2.3200	3
323	131	1.3100	4
324	33	0.3300	1
325	22	0.2200	2
326	56	0.5600	2
327	115	1.1500	4
328	5	0.0500	1
329	37	0.3700	1
330	111	1.1100	1
331	5	0.0500	1
332	42	0.4200	2
333	17	0.1700	1
334	36	0.3600	2
335	89	0.8900	3
336	8	0.0800	1
337	1	0.0100	1
338	27	0.2700	1
339	135	1.3500	2
340	214	2.1400	2
341	71	0.7100	1
342	69	0.6900	2
343	474	4.7400	6
344	220	2.2000	4
345	97	0.9700	1
346	109	1.0900	2
347	348	3.4800	3
348	113	1.1300	2
349	59	0.5900	3
350	55	0.5500	1
351	277	2.7700	7
352	56	0.5600	2
353	61	0.6100	2
354	98	0.9800	4
355	336	3.3600	3
356	27	0.2700	1
357	38	0.3800	1
358	193	1.9300	3
359	92	0.9200	3
360	184	1.8400	2
361	40	0.4000	1
362	98	0.9800	2
363	239	2.3900	2
364	7	0.0700	1
365	270	2.7000	3
366	67	0.6700	1
367	35	0.3500	1
368	123	1.2300	1
369	135	1.3500	1
370	154	1.5400	3
371	52	0.5200	1
372	44	0.4400	2
373	40	0.4000	3
374	2	0.0200	1
375	267	2.6700	3
376	83	0.8300	4
377	50	0.5000	1
378	10	0.1000	1
379	70	0.7000	2
380	376	3.7600	3
381	63	0.6300	4
382	96	0.9600	2
383	240	2.4000	3
384	66	0.6600	1
385	27	0.2700	2
386	10	0.1000	1
387	11	0.1100	1
388	71	0.7100	1
389	162	1.6200	2
390	31	0.3100	2
391	93	0.9300	1
392	213	2.1300	7
393	84	0.8400	2
394	35	0.3500	2
395	46	0.4600	2
396	107	1.0700	2
397	89	0.8900	2
398	77	0.7700	2
399	31	0.3100	1
400	165	1.6500	1
401	83	0.8300	1
402	224	2.2400	1
403	115	1.1500	5
404	127	1.2700	2
405	277	2.7700	7
406	26	0.2600	2
407	67	0.6700	3
408	230	2.3000	3
409	81	0.8100	3
410	5	0.0500	1
411	81	0.8100	2
412	29	0.2900	1
413	344	3.4400	8
414	68	0.6800	3
415	125	1.2500	1
416	12	0.1200	2
417	150	1.5000	2
418	36	0.3600	2
419	19	0.1900	1
420	254	2.5400	2
421	268	2.6800	6
422	387	3.8700	3
423	122	1.2200	2
424	85	0.8500	2
425	166	1.6600	4
426	63	0.6300	2
427	72	0.7200	2
428	24	0.2400	1
429	42	0.4200	1
430	117	1.1700	1
431	3	0.0300	1
432	517	5.1700	5
433	100	1.0000	1
434	389	3.8900	1
435	96	0.9600	3
436	99	0.9900	1
437	90	0.9000	1
438	164	1.6400	4
439	28	0.2800	3
440	13	0.1300	1
441	540	5.4000	3
442	2	0.0200	1
443	83	0.8300	4
444	53	0.5300	1
445	54	0.5400	2
446	130	1.3000	2
447	460	4.6000	5
448	211	2.1100	7
449	58	0.5800	2
450	303	3.0300	4
451	148	1.4800	2
452	26	0.2600	1
453	110	1.1000	2
454	14	0.1400	1
455	118	1.1800	3
456	267	2.6700	7
457	33	0.3300	1
458	25	0.2500	1
459	87	0.8700	1
460	38	0.3800	1
461	8	0.0800	1
462	43	0.4300	2
463	478	4.7800	4
464	4	0.0400	1
465	363	3.6300	5
466	557	5.5700	4
467	315	3.1500	7
468	9	0.0900	2
469	269	2.6900	1
470	115	1.1500	2
471	108	1.0800	2
472	21	0.2100	1
473	25	0.2500	1
474	127	1.2700	1
475	252	2.5200	4
476	266	2.6600	4
477	59	0.5900	2
478	46	0.4600	1
479	9	0.0900	1
480	18	0.1800	1
481	209	2.0900	1
482	137	1.3700	1
483	56	0.5600	2
484	66	0.6600	3
485	2	0.0200	1
486	162	1.6200	2
487	39	0.3900	2
488	34	0.3400	2
489	31	0.3100	1
490	17	0.1700	2
491	53	0.5300	1
492	105	1.0500	2
493	5	0.0500	1
494	31	0.3100	2
495	461	4.6100	5
496	240	2.4000	4
497	162	1.6200	2
498	122	1.2200	1
499	504	5.0400	6
500	28	0.2800	1
501	480	4.8000	7
502	279	2.7900	3
503	30	0.3000	2
504	40	0.4000	1
505	75	0.7500	2
506	193	1.9300	4
507	40	0.4000	2
508	166	1.6600	2
509	106	1.0600	1
510	143	1.4300	4
511	38	0.3800	1
512	78	0.7800	2
513	36	0.3600	1
514	16	0.1600	2
515	33	0.3300	1
516	20	0.2000	1
517	345	3.4500	7
518	134	1.3400	1
519	164	1.6400	2
520	299	2.9900	2
521	80	0.8000	1
522	288	2.8800	2
523	333	3.3300	3
524	153	1.5300	1
525	12	0.1200	1
526	127	1.2700	5
527	158	1.5800	4
528	154	1.5400	2
529	26	0.2600	2
530	44	0.4400	1
531	32	0.3200	1
532	13	0.1300	1
533	32	0.3200	1
534	116	1.1600	2
535	221	2.2100	3
536	18	0.1800	1
537	66	0.6600	1
538	181	1.8100	5
539	36	0.3600	2
540	126	1.2600	3
541	34	0.3400	1
542	159	1.5900	2
543	18	0.1800	1
544	123	1.2300	2
545	52	0.5200	1
546	121	1.2100	1
547	3	0.0300	1
548	156	1.5600	3
549	80	0.8000	1
550	94	0.9400	1
551	129	1.2900	3
552	73	0.7300	1
553	69	0.6900	2
554	40	0.4000	1
555	147	1.4700	1
556	319	3.1900	3
557	255	2.5500	5
558	98	0.9800	2
559	35	0.3500	1
560	120	1.2000	1
561	122	1.2200	4
562	91	0.9100	2
563	317	3.1700	2
564	114	1.1400	1
565	206	2.0600	3
566	6	0.0600	1
567	37	0.3700	1
568	265	2.6500	2
569	506	5.0600	5
570	19	0.1900	1
571	514	5.1400	2
572	373	3.7300	5
573	245	2.4500	2
574	32	0.3200	3
575	66	0.6600	1
576	36	0.3600	2
577	2	0.0200	1
578	14	0.1400	1
579	73	0.7300	2
580	178	1.7800	2
581	82	0.8200	1
582	20	0.2000	1
583	5	0.0500	1
584	61	0.6100	1
585	116	1.1600	2
586	14	0.1400	1
587	124	1.2400	2
588	210	2.1000	1
589	471	4.7100	4
590	156	1.5600	2
591	28	0.2800	1
592	9	0.0900	2
593	230	2.3000	6
594	179	1.7900	5
595	71	0.7100	1
596	52	0.5200	1
597	53	0.5300	2
598	291	2.9100	2
599	181	1.8100	2
600	359	3.5900	4
601	69	0.6900	3
602	285	2.8500	4
603	8	0.0800	1
604	74	0.7400	3
605	154	1.5400	4
606	127	1.2700	2
607	1	0.0100	1
608	46	0.4600	1
609	299	2.9900	5
610	83	0.8300	3
611	50	0.5000	1
612	61	0.6100	1
613	229	2.2900	4
614	238	2.3800	4
615	93	0.9300	4
616	87	0.8700	3
617	19	0.1900	2
618	168	1.6800	2
619	284	2.8400	2
620	26	0.2600	1
621	203	2.0300	2
622	265	2.6500	3
623	34	0.3400	2
624	114	1.1400	3
625	22	0.2200	2
626	110	1.1000	1
627	216	2.1600	5
628	119	1.1900	3
629	24	0.2400	2
630	45	0.4500	1
631	97	0.9700	3
632	39	0.3900	1
633	81	0.8100	3
634	14	0.1400	1
635	214	2.1400	3
636	150	1.5000	2
637	64	0.6400	2
638	25	0.2500	1
639	119	1.1900	3
640	116	1.1600	3
641	400	4.0000	5
642	364	3.6400	11
643	94	0.9400	1
644	23	0.2300	3
645	99	0.9900	1
646	3	0.0300	1
647	325	3.2500	4
648	118	1.1800	3
649	7	0.0700	2
650	124	1.2400	1
651	263	2.6300	1
652	177	1.7700	4
653	19	0.1900	1
654	106	1.0600	2
655	153	1.5300	2
656	13	0.1300	1
657	23	0.2300	1
658	35	0.3500	1
659	53	0.5300	1
660	43	0.4300	1
661	260	2.6000	1
662	704	7.0400	9
663	48	0.4800	1
664	68	0.6800	1
665	67	0.6700	1
666	24	0.2400	1
667	265	2.6500	3
668	105	1.0500	2
669	182	1.8200	5
670	153	1.5300	3
671	38	0.3800	2
672	11	0.1100	1
673	8	0.0800	1
674	289	2.8900	6
675	219	2.1900	4
676	8	0.0800	1
677	515	5.1500	6
678	187	1.8700	3
679	48	0.4800	1
680	139	1.3900	2
681	36	0.3600	3
682	9	0.0900	1
683	202	2.0200	2
684	11	0.1100	1
685	153	1.5300	1
686	223	2.2300	4
687	17	0.1700	1
688	73	0.7300	2
689	20	0.2000	1
690	40	0.4000	1
691	367	3.6700	7
692	279	2.7900	6
693	45	0.4500	1
694	126	1.2600	1
695	31	0.3100	2
696	29	0.2900	1
697	32	0.3200	1
698	5	0.0500	1
699	95	0.9500	2
700	186	1.8600	3
701	165	1.6500	3
702	64	0.6400	3
703	236	2.3600	3
704	1	0.0100	1
705	152	1.5200	1
706	149	1.4900	1
707	233	2.3300	9
708	20	0.2000	2
709	173	1.7300	3
710	19	0.1900	1
711	243	2.4300	4
712	85	0.8500	3
713	70	0.7000	3
714	40	0.4000	2
715	282	2.8200	2
716	38	0.3800	1
717	138	1.3800	1
718	132	1.3200	5
719	134	1.3400	2
720	235	2.3500	3
721	107	1.0700	3
722	52	0.5200	1
723	154	1.5400	2
724	448	4.4800	3
725	84	0.8400	1
726	92	0.9200	2
727	10	0.1000	1
728	60	0.6000	2
729	265	2.6500	4
730	132	1.3200	2
731	61	0.6100	1
732	142	1.4200	3
733	96	0.9600	1
734	54	0.5400	3
735	39	0.3900	1
736	41	0.4100	2
737	23	0.2300	1
738	208	2.0800	2
739	16	0.1600	1
740	228	2.2800	4
741	44	0.4400	2
742	37	0.3700	2
743	179	1.7900	5
744	116	1.1600	3
745	553	5.5300	8
746	106	1.0600	2
747	202	2.0200	4
748	179	1.7900	3
749	87	0.8700	3
750	155	1.5500	3
751	156	1.5600	2
752	14	0.1400	1
753	117	1.1700	4
754	142	1.4200	6
755	133	1.3300	3
756	349	3.4900	5
757	129	1.2900	3
758	16	0.1600	1
759	344	3.4400	3
760	141	1.4100	3
761	7	0.0700	1
762	2	0.0200	1
763	55	0.5500	3
764	194	1.9400	3
765	2	0.0200	1
766	23	0.2300	1
767	108	1.0800	2
768	31	0.3100	2
769	866	8.6600	11
770	36	0.3600	1
771	38	0.3800	2
772	43	0.4300	1
773	34	0.3400	2
774	70	0.7000	1
775	25	0.2500	1
776	134	1.3400	3
777	142	1.4200	4
778	60	0.6000	2
779	95	0.9500	3
780	28	0.2800	1
781	63	0.6300	1
782	389	3.8900	3
783	59	0.5900	3
784	153	1.5300	5
785	145	1.4500	2
786	168	1.6800	3
787	41	0.4100	1
788	273	2.7300	3
789	37	0.3700	1
790	12	0.1200	2
791	226	2.2600	5
792	71	0.7100	3
793	201	2.0100	4
794	107	1.0700	2
795	141	1.4100	2
796	328	3.2800	2
797	22	0.2200	1
798	28	0.2800	2
799	20	0.2000	2
800	150	1.5000	3
801	9	0.0900	1
802	107	1.0700	1
803	13	0.1300	2
804	117	1.1700	4
805	18	0.1800	1
806	47	0.4700	1
807	41	0.4100	1
808	312	3.1200	4
809	47	0.4700	2
810	46	0.4600	2
811	150	1.5000	1
812	26	0.2600	1
813	5	0.0500	1
814	155	1.5500	2
815	18	0.1800	1
816	11	0.1100	1
817	9	0.0900	1
818	68	0.6800	2
819	252	2.5200	3
820	394	3.9400	4
821	125	1.2500	3
822	30	0.3000	1
823	149	1.4900	2
824	8	0.0800	1
825	112	1.1200	2
826	84	0.8400	3
827	118	1.1800	1
828	54	0.5400	1
829	80	0.8000	2
830	100	1.0000	2
831	330	3.3000	6
832	24	0.2400	1
833	42	0.4200	1
834	194	1.9400	2
835	72	0.7200	1
836	504	5.0400	8
837	4	0.0400	1
838	31	0.3100	1
839	2	0.0200	1
840	108	1.0800	3
841	278	2.7800	5
842	68	0.6800	3
843	23	0.2300	1
844	38	0.3800	3
845	75	0.7500	1
846	12	0.1200	1
847	340	3.4000	4
848	238	2.3800	2
849	490	4.9000	4
850	109	1.0900	2
851	64	0.6400	1
852	28	0.2800	2
853	14	0.1400	2
854	97	0.9700	2
855	97	0.9700	2
856	26	0.2600	1
857	50	0.5000	2
858	273	2.7300	4
859	53	0.5300	4
860	165	1.6500	2
861	139	1.3900	1
862	84	0.8400	2
863	114	1.1400	3
864	137	1.3700	2
865	89	0.8900	4
866	136	1.3600	2
867	49	0.4900	2
868	52	0.5200	1
869	69	0.6900	2
870	359	3.5900	4
871	82	0.8200	1
872	68	0.6800	1
873	74	0.7400	2
874	110	1.1000	2
875	58	0.5800	2
876	37	0.3700	1
877	103	1.0300	2
878	93	0.9300	3
879	7	0.0700	1
880	113	1.1300	2
881	129	1.2900	2
882	87	0.8700	2
883	182	1.8200	3
884	88	0.8800	2
885	107	1.0700	4
886	25	0.2500	1
887	167	1.6700	1
888	68	0.6800	2
889	46	0.4600	2
890	7	0.0700	2
891	35	0.3500	1
892	35	0.3500	1
893	499	4.9900	12
894	96	0.9600	4
895	205	2.0500	3
896	119	1.1900	2
897	49	0.4900	1
898	28	0.2800	1
899	34	0.3400	1
900	74	0.7400	1
901	274	2.7400	3
902	72	0.7200	1
903	13	0.1300	1
904	30	0.3000	1
905	54	0.5400	2
906	148	1.4800	5
907	241	2.4100	3
908	104	1.0400	1
909	266	2.6600	2
910	27	0.2700	3
911	80	0.8000	2
912	5	0.0500	1
913	310	3.1000	4
914	234	2.3400	2
915	277	2.7700	4
916	31	0.3100	2
917	2	0.0200	1
918	16	0.1600	1
919	215	2.1500	5
920	123	1.2300	4
921	405	4.0500	4
922	83	0.8300	3
923	409	4.0900	4
924	8	0.0800	1
925	280	2.8000	3
926	93	0.9300	1
927	42	0.4200	1
928	10	0.1000	1
929	268	2.6800	4
930	40	0.4000	2
931	2	0.0200	1
932	96	0.9600	4
933	254	2.5400	3
934	5	0.0500	1
935	125	1.2500	3
936	209	2.0900	3
937	176	1.7600	5
938	89	0.8900	1
939	8	0.0800	1
940	12	0.1200	2
941	301	3.0100	3
942	42	0.4200	2
943	212	2.1200	2
944	17	0.1700	1
945	24	0.2400	1
946	580	5.8000	6
947	330	3.3000	2
948	44	0.4400	1
949	17	0.1700	1
950	385	3.8500	2
951	84	0.8400	2
952	92	0.9200	1
953	29	0.2900	1
954	94	0.9400	2
955	45	0.4500	1
956	153	1.5300	5
957	555	5.5500	3
958	249	2.4900	5
959	294	2.9400	3
960	85	0.8500	2
961	71	0.7100	1
962	2	0.0200	1
963	198	1.9800	3
964	27	0.2700	1
965	64	0.6400	3
966	57	0.5700	1
967	52	0.5200	3
968	38	0.3800	1
969	30	0.3000	1
970	230	2.3000	8
971	370	3.7000	7
972	276	2.7600	2
973	14	0.1400	1
974	273	2.7300	7
975	53	0.5300	1
976	27	0.2700	1
977	55	0.5500	2
978	122	1.2200	2
979	179	1.7900	3
980	73	0.7300	1
981	157	1.5700	5
982	499	4.9900	3
983	197	1.9700	1
984	39	0.3900	1
985	41	0.4100	1
986	207	2.0700	4
987	239	2.3900	4
988	185	1.8500	1
989	157	1.5700	2
990	67	0.6700	2
991	212	2.1200	5
992	182	1.8200	1
993	265	2.6500	3
994	383	3.8300	4
995	116	1.1600	1
996	12	0.1200	1
997	5	0.0500	1
998	116	1.1600	2
999	164	1.6400	3
# Simulation completed.
