# Creating system...
# System created with N=1000 particles

# Initial state:
# Susceptibles: 999, Infected: 1

# Starting simulation...
# Relz	Step	Time	sigma	R0
0	313	3.1300	10
1	3	0.0300	1
2	52	0.5200	1
3	75	0.7500	4
4	72	0.7200	4
5	214	2.1400	11
6	72	0.7200	3
7	6	0.0600	1
8	259	2.5900	11
9	181	1.8100	10
10	188	1.8800	11
11	40	0.4000	1
12	13	0.1300	1
13	31	0.3100	3
14	11	0.1100	1
15	182	1.8200	5
16	276	2.7600	17
17	46	0.4600	3
18	148	1.4800	5
19	310	3.1000	9
20	101	1.0100	2
21	24	0.2400	2
22	40	0.4000	2
23	29	0.2900	1
24	73	0.7300	6
25	22	0.2200	1
26	6	0.0600	1
27	48	0.4800	3
28	64	0.6400	2
29	63	0.6300	3
30	6	0.0600	2
31	31	0.3100	2
32	148	1.4800	6
33	119	1.1900	8
34	356	3.5600	20
35	78	0.7800	2
36	12	0.1200	2
37	10	0.1000	3
38	100	1.0000	4
39	32	0.3200	2
40	22	0.2200	1
41	67	0.6700	2
42	38	0.3800	1
43	327	3.2700	11
44	42	0.4200	3
45	8	0.0800	1
46	15	0.1500	1
47	31	0.3100	2
48	79	0.7900	3
49	298	2.9800	7
50	119	1.1900	6
51	10	0.1000	1
52	142	1.4200	4
53	120	1.2000	5
54	1	0.0100	1
55	39	0.3900	2
56	32	0.3200	2
57	32	0.3200	2
58	61	0.6100	3
59	87	0.8700	8
60	293	2.9300	10
61	220	2.2000	8
62	319	3.1900	13
63	22	0.2200	3
64	74	0.7400	4
65	22	0.2200	1
66	153	1.5300	4
67	11	0.1100	1
68	179	1.7900	6
69	20	0.2000	1
70	210	2.1000	9
71	16	0.1600	2
72	80	0.8000	3
73	248	2.4800	11
74	132	1.3200	6
75	542	5.4200	20
76	2	0.0200	1
77	50	0.5000	3
78	94	0.9400	4
79	105	1.0500	1
80	4	0.0400	1
81	172	1.7200	10
82	84	0.8400	4
83	43	0.4300	3
84	307	3.0700	14
85	31	0.3100	3
86	136	1.3600	7
87	44	0.4400	3
88	18	0.1800	2
89	128	1.2800	5
90	258	2.5800	7
91	104	1.0400	5
92	201	2.0100	12
93	16	0.1600	5
94	22	0.2200	2
95	247	2.4700	8
96	48	0.4800	1
97	18	0.1800	2
98	31	0.3100	5
99	33	0.3300	3
100	56	0.5600	2
101	23	0.2300	1
102	162	1.6200	4
103	47	0.4700	1
104	39	0.3900	2
105	123	1.2300	5
106	201	2.0100	10
107	18	0.1800	1
108	10	0.1000	2
109	332	3.3200	14
110	18	0.1800	2
111	16	0.1600	1
112	155	1.5500	6
113	20	0.2000	1
114	47	0.4700	2
115	123	1.2300	6
116	52	0.5200	2
117	185	1.8500	10
118	228	2.2800	8
119	72	0.7200	4
120	5	0.0500	2
121	337	3.3700	14
122	44	0.4400	3
123	68	0.6800	6
124	263	2.6300	7
125	104	1.0400	2
126	95	0.9500	4
127	23	0.2300	1
128	98	0.9800	4
129	98	0.9800	4
130	2	0.0200	1
131	19	0.1900	2
132	1	0.0100	1
133	2	0.0200	1
134	31	0.3100	1
135	22	0.2200	2
136	50	0.5000	1
137	141	1.4100	10
138	6	0.0600	2
139	2	0.0200	1
140	243	2.4300	7
141	17	0.1700	1
142	4	0.0400	1
143	1	0.0100	1
144	211	2.1100	6
145	394	3.9400	15
146	168	1.6800	5
147	54	0.5400	2
148	46	0.4600	2
149	197	1.9700	8
150	420	4.2000	18
151	59	0.5900	4
152	115	1.1500	9
153	23	0.2300	1
154	54	0.5400	4
155	56	0.5600	4
156	83	0.8300	4
157	145	1.4500	5
158	21	0.2100	1
159	19	0.1900	1
160	339	3.3900	11
161	3	0.0300	1
162	8	0.0800	1
163	244	2.4400	9
164	8	0.0800	1
165	81	0.8100	4
166	11	0.1100	3
167	55	0.5500	3
168	74	0.7400	3
169	92	0.9200	3
170	167	1.6700	12
171	171	1.7100	8
172	103	1.0300	4
173	185	1.8500	10
174	41	0.4100	3
175	31	0.3100	2
176	51	0.5100	2
177	96	0.9600	6
178	31	0.3100	4
179	207	2.0700	13
180	102	1.0200	4
181	37	0.3700	1
182	18	0.1800	1
183	128	1.2800	6
184	8	0.0800	1
185	98	0.9800	5
186	41	0.4100	3
187	193	1.9300	9
188	39	0.3900	4
189	188	1.8800	9
190	258	2.5800	11
191	4	0.0400	1
192	44	0.4400	3
193	106	1.0600	9
194	59	0.5900	3
195	196	1.9600	11
196	3	0.0300	1
197	47	0.4700	2
198	183	1.8300	12
199	53	0.5300	3
200	9	0.0900	1
201	189	1.8900	15
202	136	1.3600	5
203	112	1.1200	4
204	60	0.6000	6
205	122	1.2200	8
206	99	0.9900	11
207	18	0.1800	2
208	4	0.0400	1
209	16	0.1600	1
210	170	1.7000	5
211	113	1.1300	4
212	182	1.8200	3
213	125	1.2500	9
214	230	2.3000	8
215	70	0.7000	5
216	250	2.5000	13
217	16	0.1600	2
218	2	0.0200	1
219	25	0.2500	1
220	91	0.9100	3
221	127	1.2700	6
222	84	0.8400	5
223	133	1.3300	9
224	19	0.1900	1
225	140	1.4000	8
226	203	2.0300	8
227	67	0.6700	7
228	309	3.0900	10
229	194	1.9400	9
230	14	0.1400	2
231	26	0.2600	2
232	16	0.1600	2
233	20	0.2000	1
234	292	2.9200	10
235	248	2.4800	10
236	36	0.3600	1
237	182	1.8200	3
238	2	0.0200	1
239	134	1.3400	7
240	73	0.7300	2
241	129	1.2900	5
242	3	0.0300	1
243	155	1.5500	6
244	37	0.3700	2
245	71	0.7100	4
246	15	0.1500	1
247	152	1.5200	10
248	3	0.0300	1
249	130	1.3000	7
250	22	0.2200	2
251	301	3.0100	7
252	33	0.3300	3
253	46	0.4600	2
254	24	0.2400	2
255	9	0.0900	1
256	43	0.4300	3
257	55	0.5500	2
258	294	2.9400	11
259	119	1.1900	7
260	1	0.0100	1
261	10	0.1000	1
262	161	1.6100	5
263	11	0.1100	4
264	227	2.2700	7
265	47	0.4700	4
266	199	1.9900	8
267	123	1.2300	3
268	14	0.1400	2
269	640	6.4000	26
270	174	1.7400	8
271	52	0.5200	4
272	17	0.1700	1
273	205	2.0500	6
274	14	0.1400	1
275	70	0.7000	3
276	128	1.2800	4
277	8	0.0800	1
278	23	0.2300	1
279	65	0.6500	2
280	6	0.0600	1
281	102	1.0200	5
282	5	0.0500	1
283	132	1.3200	3
284	426	4.2600	19
285	177	1.7700	7
286	219	2.1900	7
287	333	3.3300	12
288	21	0.2100	1
289	115	1.1500	8
290	312	3.1200	20
291	64	0.6400	3
292	8	0.0800	2
293	66	0.6600	6
294	2	0.0200	1
295	27	0.2700	1
296	35	0.3500	3
297	68	0.6800	9
298	11	0.1100	1
299	3	0.0300	1
300	195	1.9500	7
301	135	1.3500	10
302	238	2.3800	8
303	64	0.6400	4
304	62	0.6200	1
305	92	0.9200	2
306	34	0.3400	3
307	14	0.1400	2
308	19	0.1900	2
309	51	0.5100	5
310	16	0.1600	3
311	74	0.7400	3
312	6	0.0600	1
313	20	0.2000	1
314	11	0.1100	1
315	13	0.1300	2
316	103	1.0300	8
317	85	0.8500	6
318	12	0.1200	1
319	38	0.3800	1
320	22	0.2200	2
321	346	3.4600	17
322	39	0.3900	2
323	28	0.2800	2
324	74	0.7400	6
325	278	2.7800	10
326	43	0.4300	4
327	53	0.5300	6
328	108	1.0800	3
329	189	1.8900	6
330	31	0.3100	1
331	114	1.1400	4
332	154	1.5400	8
333	160	1.6000	5
334	123	1.2300	12
335	61	0.6100	2
336	30	0.3000	3
337	24	0.2400	2
338	181	1.8100	6
339	14	0.1400	1
340	29	0.2900	2
341	417	4.1700	23
342	114	1.1400	8
343	395	3.9500	23
344	62	0.6200	6
345	22	0.2200	2
346	33	0.3300	2
347	497	4.9700	13
348	341	3.4100	11
349	85	0.8500	5
350	61	0.6100	1
351	112	1.1200	7
352	108	1.0800	3
353	669	6.6900	23
354	282	2.8200	10
355	12	0.1200	3
356	92	0.9200	5
357	47	0.4700	2
358	37	0.3700	2
359	152	1.5200	9
360	9	0.0900	1
361	58	0.5800	2
362	21	0.2100	2
363	275	2.7500	11
364	56	0.5600	1
365	13	0.1300	1
366	116	1.1600	5
367	40	0.4000	2
368	2	0.0200	1
369	30	0.3000	1
370	17	0.1700	2
371	113	1.1300	3
372	40	0.4000	4
373	132	1.3200	7
374	266	2.6600	15
375	2	0.0200	1
376	256	2.5600	10
377	73	0.7300	3
378	12	0.1200	1
379	14	0.1400	3
380	148	1.4800	5
381	192	1.9200	5
382	29	0.2900	2
383	42	0.4200	2
384	187	1.8700	6
385	4	0.0400	2
386	154	1.5400	6
387	7	0.0700	2
388	78	0.7800	5
389	135	1.3500	9
390	2	0.0200	1
391	28	0.2800	2
392	16	0.1600	1
393	123	1.2300	7
394	101	1.0100	3
395	48	0.4800	1
396	88	0.8800	3
397	144	1.4400	8
398	34	0.3400	1
399	68	0.6800	4
400	371	3.7100	13
401	20	0.2000	2
402	26	0.2600	3
403	284	2.8400	12
404	355	3.5500	13
405	23	0.2300	2
406	90	0.9000	3
407	188	1.8800	10
408	119	1.1900	6
409	7	0.0700	1
410	136	1.3600	5
411	204	2.0400	11
412	35	0.3500	3
413	25	0.2500	1
414	66	0.6600	2
415	37	0.3700	6
416	28	0.2800	1
417	173	1.7300	4
418	185	1.8500	7
419	107	1.0700	6
420	391	3.9100	20
421	103	1.0300	5
422	79	0.7900	4
423	73	0.7300	2
424	93	0.9300	5
425	161	1.6100	9
426	12	0.1200	1
427	100	1.0000	7
428	139	1.3900	8
429	30	0.3000	1
430	53	0.5300	2
431	34	0.3400	1
432	23	0.2300	1
433	5	0.0500	1
434	15	0.1500	1
435	241	2.4100	13
436	10	0.1000	3
437	61	0.6100	3
438	7	0.0700	2
439	21	0.2100	2
440	315	3.1500	16
441	15	0.1500	1
442	40	0.4000	4
443	206	2.0600	6
444	493	4.9300	20
445	9	0.0900	1
446	5	0.0500	1
447	307	3.0700	16
448	333	3.3300	8
449	18	0.1800	1
450	85	0.8500	5
451	170	1.7000	7
452	12	0.1200	2
453	226	2.2600	6
454	1	0.0100	1
455	30	0.3000	3
456	191	1.9100	5
457	269	2.6900	15
458	28	0.2800	1
459	90	0.9000	3
460	25	0.2500	2
461	30	0.3000	1
462	61	0.6100	1
463	31	0.3100	2
464	114	1.1400	4
465	118	1.1800	7
466	16	0.1600	2
467	9	0.0900	1
468	185	1.8500	7
469	246	2.4600	8
470	10	0.1000	1
471	71	0.7100	4
472	25	0.2500	2
473	122	1.2200	4
474	93	0.9300	3
475	39	0.3900	4
476	62	0.6200	2
477	43	0.4300	1
478	31	0.3100	1
479	183	1.8300	7
480	76	0.7600	1
481	78	0.7800	1
482	64	0.6400	3
483	59	0.5900	2
484	346	3.4600	9
485	194	1.9400	13
486	25	0.2500	2
487	74	0.7400	3
488	19	0.1900	2
489	12	0.1200	1
490	204	2.0400	6
491	66	0.6600	3
492	286	2.8600	12
493	85	0.8500	2
494	132	1.3200	10
495	27	0.2700	3
496	7	0.0700	1
497	2	0.0200	1
498	62	0.6200	1
499	110	1.1000	7
500	9	0.0900	3
501	19	0.1900	1
502	104	1.0400	3
503	14	0.1400	1
504	40	0.4000	2
505	5	0.0500	1
506	31	0.3100	3
507	391	3.9100	19
508	118	1.1800	4
509	71	0.7100	1
510	11	0.1100	1
511	36	0.3600	2
512	67	0.6700	5
513	108	1.0800	7
514	31	0.3100	2
515	67	0.6700	6
516	115	1.1500	4
517	64	0.6400	3
518	49	0.4900	3
519	108	1.0800	6
520	188	1.8800	6
521	4	0.0400	1
522	348	3.4800	17
523	55	0.5500	5
524	89	0.8900	6
525	66	0.6600	7
526	41	0.4100	3
527	61	0.6100	4
528	48	0.4800	3
529	19	0.1900	2
530	318	3.1800	15
531	82	0.8200	1
532	47	0.4700	1
533	293	2.9300	12
534	70	0.7000	3
535	380	3.8000	19
536	40	0.4000	1
537	200	2.0000	6
538	86	0.8600	4
539	21	0.2100	1
540	127	1.2700	10
541	97	0.9700	5
542	12	0.1200	1
543	14	0.1400	1
544	333	3.3300	12
545	32	0.3200	3
546	37	0.3700	2
547	93	0.9300	5
548	61	0.6100	2
549	78	0.7800	1
550	439	4.3900	18
551	69	0.6900	5
552	102	1.0200	3
553	350	3.5000	8
554	13	0.1300	1
555	131	1.3100	9
556	216	2.1600	7
557	50	0.5000	5
558	36	0.3600	4
559	74	0.7400	5
560	91	0.9100	3
561	142	1.4200	5
562	61	0.6100	4
563	47	0.4700	2
564	211	2.1100	16
565	111	1.1100	6
566	225	2.2500	13
567	313	3.1300	13
568	58	0.5800	5
569	70	0.7000	4
570	7	0.0700	1
571	108	1.0800	5
572	117	1.1700	7
573	261	2.6100	15
574	75	0.7500	5
575	175	1.7500	10
576	14	0.1400	2
577	152	1.5200	4
578	9	0.0900	2
579	100	1.0000	5
580	197	1.9700	9
581	35	0.3500	1
582	29	0.2900	1
583	71	0.7100	5
584	45	0.4500	2
585	135	1.3500	9
586	209	2.0900	7
587	39	0.3900	4
588	32	0.3200	2
589	13	0.1300	2
590	8	0.0800	1
591	22	0.2200	2
592	256	2.5600	10
593	161	1.6100	8
594	67	0.6700	2
595	124	1.2400	6
596	21	0.2100	3
597	206	2.0600	8
598	10	0.1000	1
599	2	0.0200	1
600	154	1.5400	10
601	100	1.0000	2
602	9	0.0900	1
603	302	3.0200	15
604	17	0.1700	1
605	243	2.4300	9
606	257	2.5700	15
607	70	0.7000	4
608	106	1.0600	4
609	24	0.2400	2
610	7	0.0700	1
611	336	3.3600	16
612	16	0.1600	2
613	143	1.4300	7
614	29	0.2900	2
615	10	0.1000	1
616	1	0.0100	1
617	18	0.1800	3
618	29	0.2900	1
619	95	0.9500	1
620	199	1.9900	10
621	16	0.1600	1
622	244	2.4400	9
623	14	0.1400	1
624	104	1.0400	3
625	49	0.4900	3
626	1	0.0100	1
627	104	1.0400	4
628	41	0.4100	2
629	252	2.5200	11
630	21	0.2100	3
631	67	0.6700	5
632	18	0.1800	2
633	169	1.6900	7
634	65	0.6500	4
635	59	0.5900	2
636	69	0.6900	2
637	126	1.2600	4
638	571	5.7100	34
639	65	0.6500	6
640	148	1.4800	10
641	57	0.5700	3
642	129	1.2900	2
643	79	0.7900	1
644	77	0.7700	2
645	126	1.2600	4
646	87	0.8700	4
647	59	0.5900	4
648	6	0.0600	1
649	104	1.0400	5
650	168	1.6800	8
651	13	0.1300	1
652	12	0.1200	1
653	81	0.8100	4
654	108	1.0800	5
655	42	0.4200	4
656	190	1.9000	9
657	44	0.4400	6
658	101	1.0100	5
659	22	0.2200	2
660	96	0.9600	5
661	7	0.0700	1
662	259	2.5900	15
663	29	0.2900	3
664	232	2.3200	10
665	7	0.0700	2
666	198	1.9800	9
667	151	1.5100	6
668	2	0.0200	1
669	268	2.6800	18
670	297	2.9700	10
671	19	0.1900	3
672	88	0.8800	4
673	14	0.1400	1
674	27	0.2700	1
675	134	1.3400	11
676	23	0.2300	2
677	222	2.2200	3
678	236	2.3600	8
679	22	0.2200	1
680	113	1.1300	4
681	73	0.7300	6
682	5	0.0500	1
683	61	0.6100	4
684	135	1.3500	6
685	135	1.3500	10
686	565	5.6500	17
687	67	0.6700	5
688	10	0.1000	1
689	2	0.0200	1
690	257	2.5700	10
691	74	0.7400	4
692	91	0.9100	7
693	73	0.7300	1
694	52	0.5200	3
695	215	2.1500	13
696	125	1.2500	6
697	143	1.4300	6
698	5	0.0500	1
699	102	1.0200	4
700	98	0.9800	6
701	248	2.4800	9
702	24	0.2400	2
703	116	1.1600	4
704	51	0.5100	3
705	133	1.3300	5
706	84	0.8400	3
707	94	0.9400	4
708	317	3.1700	14
709	2	0.0200	1
710	64	0.6400	4
711	18	0.1800	1
712	304	3.0400	18
713	212	2.1200	12
714	52	0.5200	2
715	48	0.4800	2
716	273	2.7300	18
717	12	0.1200	1
718	92	0.9200	2
719	77	0.7700	10
720	59	0.5900	4
721	21	0.2100	1
722	363	3.6300	14
723	96	0.9600	4
724	7	0.0700	1
725	276	2.7600	9
726	202	2.0200	12
727	32	0.3200	4
728	69	0.6900	4
729	168	1.6800	11
730	48	0.4800	4
731	11	0.1100	2
732	44	0.4400	4
733	131	1.3100	6
734	29	0.2900	1
735	118	1.1800	6
736	188	1.8800	9
737	8	0.0800	1
738	13	0.1300	1
739	8	0.0800	1
740	320	3.2000	11
741	72	0.7200	3
742	10	0.1000	2
743	12	0.1200	1
744	126	1.2600	6
745	3	0.0300	1
746	161	1.6100	7
747	17	0.1700	1
748	2	0.0200	2
749	136	1.3600	6
750	37	0.3700	2
751	54	0.5400	7
752	165	1.6500	10
753	86	0.8600	6
754	144	1.4400	9
755	190	1.9000	9
756	182	1.8200	5
757	72	0.7200	4
758	78	0.7800	3
759	7	0.0700	1
760	21	0.2100	1
761	21	0.2100	1
762	42	0.4200	3
763	11	0.1100	1
764	19	0.1900	2
765	79	0.7900	1
766	32	0.3200	1
767	39	0.3900	2
768	374	3.7400	13
769	78	0.7800	3
770	86	0.8600	5
771	133	1.3300	9
772	92	0.9200	4
773	223	2.2300	10
774	100	1.0000	5
775	60	0.6000	1
776	25	0.2500	1
777	395	3.9500	16
778	146	1.4600	6
779	1	0.0100	1
780	223	2.2300	9
781	157	1.5700	3
782	79	0.7900	4
783	8	0.0800	1
784	103	1.0300	4
785	88	0.8800	2
786	81	0.8100	4
787	110	1.1000	10
788	207	2.0700	5
789	41	0.4100	2
790	352	3.5200	14
791	36	0.3600	1
792	87	0.8700	5
793	106	1.0600	4
794	37	0.3700	2
795	103	1.0300	5
796	114	1.1400	3
797	85	0.8500	5
798	102	1.0200	4
799	44	0.4400	3
800	2	0.0200	2
801	91	0.9100	4
802	60	0.6000	3
803	13	0.1300	2
804	71	0.7100	4
805	38	0.3800	3
806	9	0.0900	2
807	2	0.0200	1
808	8	0.0800	1
809	18	0.1800	2
810	7	0.0700	1
811	34	0.3400	1
812	28	0.2800	1
813	180	1.8000	4
814	97	0.9700	7
815	136	1.3600	4
816	50	0.5000	3
817	23	0.2300	5
818	5	0.0500	1
819	59	0.5900	3
820	18	0.1800	2
821	31	0.3100	3
822	118	1.1800	5
823	15	0.1500	2
824	65	0.6500	3
825	110	1.1000	4
826	101	1.0100	6
827	51	0.5100	2
828	11	0.1100	1
829	131	1.3100	7
830	384	3.8400	18
831	109	1.0900	9
832	27	0.2700	2
833	4	0.0400	1
834	144	1.4400	3
835	228	2.2800	4
836	148	1.4800	4
837	302	3.0200	15
838	155	1.5500	7
839	219	2.1900	8
840	73	0.7300	4
841	53	0.5300	1
842	41	0.4100	3
843	39	0.3900	3
844	53	0.5300	3
845	74	0.7400	2
846	92	0.9200	4
847	37	0.3700	2
848	238	2.3800	9
849	76	0.7600	5
850	3	0.0300	1
851	9	0.0900	1
852	58	0.5800	4
853	78	0.7800	3
854	14	0.1400	1
855	48	0.4800	4
856	181	1.8100	12
857	115	1.1500	4
858	32	0.3200	2
859	19	0.1900	1
860	40	0.4000	1
861	68	0.6800	2
862	162	1.6200	5
863	253	2.5300	7
864	12	0.1200	1
865	304	3.0400	12
866	74	0.7400	8
867	83	0.8300	3
868	154	1.5400	3
869	83	0.8300	5
870	166	1.6600	7
871	3	0.0300	1
872	14	0.1400	1
873	287	2.8700	11
874	15	0.1500	2
875	12	0.1200	1
876	39	0.3900	2
877	167	1.6700	4
878	118	1.1800	5
879	33	0.3300	1
880	245	2.4500	7
881	90	0.9000	4
882	15	0.1500	1
883	38	0.3800	2
884	11	0.1100	1
885	24	0.2400	2
886	52	0.5200	2
887	29	0.2900	1
888	39	0.3900	3
889	76	0.7600	4
890	16	0.1600	1
891	83	0.8300	5
892	132	1.3200	8
893	274	2.7400	5
894	32	0.3200	2
895	64	0.6400	5
896	24	0.2400	2
897	66	0.6600	5
898	30	0.3000	2
899	15	0.1500	1
900	16	0.1600	1
901	118	1.1800	8
902	39	0.3900	1
903	1	0.0100	1
904	187	1.8700	6
905	213	2.1300	9
906	60	0.6000	1
907	212	2.1200	10
908	276	2.7600	14
909	288	2.8800	16
910	175	1.7500	4
911	66	0.6600	3
912	38	0.3800	1
913	5	0.0500	1
914	85	0.8500	3
915	43	0.4300	3
916	23	0.2300	1
917	92	0.9200	3
918	10	0.1000	1
919	367	3.6700	16
920	40	0.4000	2
921	122	1.2200	5
922	459	4.5900	27
923	45	0.4500	3
924	175	1.7500	11
925	256	2.5600	8
926	141	1.4100	9
927	200	2.0000	8
928	28	0.2800	3
929	40	0.4000	3
930	30	0.3000	3
931	14	0.1400	1
932	8	0.0800	1
933	63	0.6300	3
934	22	0.2200	1
935	79	0.7900	4
936	34	0.3400	3
937	126	1.2600	6
938	64	0.6400	4
939	141	1.4100	8
940	218	2.1800	10
941	57	0.5700	2
942	17	0.1700	1
943	337	3.3700	12
944	17	0.1700	1
945	170	1.7000	8
946	70	0.7000	6
947	13	0.1300	1
948	148	1.4800	9
949	1	0.0100	1
950	93	0.9300	3
951	11	0.1100	1
952	112	1.1200	4
953	25	0.2500	1
954	152	1.5200	7
955	493	4.9300	17
956	91	0.9100	6
957	176	1.7600	6
958	44	0.4400	2
959	203	2.0300	11
960	12	0.1200	1
961	32	0.3200	1
962	78	0.7800	3
963	53	0.5300	3
964	143	1.4300	7
965	108	1.0800	4
966	216	2.1600	10
967	33	0.3300	3
968	17	0.1700	1
969	45	0.4500	4
970	179	1.7900	6
971	29	0.2900	3
972	345	3.4500	8
973	15	0.1500	1
974	77	0.7700	4
975	79	0.7900	4
976	86	0.8600	7
977	5	0.0500	1
978	77	0.7700	3
979	53	0.5300	5
980	95	0.9500	3
981	39	0.3900	4
982	9	0.0900	1
983	88	0.8800	5
984	333	3.3300	17
985	310	3.1000	17
986	25	0.2500	2
987	187	1.8700	9
988	66	0.6600	2
989	26	0.2600	3
990	24	0.2400	3
991	51	0.5100	3
992	74	0.7400	5
993	3	0.0300	1
994	104	1.0400	6
995	12	0.1200	3
996	86	0.8600	3
997	39	0.3900	2
998	30	0.3000	1
999	86	0.8600	4
# Simulation completed.
