# Creating system...
# System created with N=1000 particles

# Initial state:
# Susceptibles: 999, Infected: 1

# Starting simulation...
# Relz	Step	Time	sigma	R0
0	137	1.3700	4
1	10	0.1000	1
2	154	1.5400	5
3	21	0.2100	1
4	36	0.3600	1
5	105	1.0500	6
6	14	0.1400	3
7	171	1.7100	7
8	205	2.0500	6
9	99	0.9900	9
10	29	0.2900	1
11	47	0.4700	6
12	50	0.5000	5
13	112	1.1200	5
14	31	0.3100	2
15	153	1.5300	6
16	123	1.2300	7
17	217	2.1700	13
18	213	2.1300	12
19	265	2.6500	12
20	124	1.2400	6
21	11	0.1100	1
22	22	0.2200	1
23	15	0.1500	1
24	357	3.5700	21
25	116	1.1600	3
26	293	2.9300	11
27	79	0.7900	2
28	328	3.2800	16
29	249	2.4900	5
30	65	0.6500	3
31	147	1.4700	5
32	81	0.8100	5
33	84	0.8400	6
34	171	1.7100	6
35	19	0.1900	2
36	197	1.9700	6
37	290	2.9000	17
38	443	4.4300	16
39	3	0.0300	1
40	500	5.0000	23
41	23	0.2300	2
42	8	0.0800	1
43	326	3.2600	11
44	97	0.9700	6
45	170	1.7000	9
46	157	1.5700	7
47	4	0.0400	1
48	73	0.7300	2
49	101	1.0100	9
50	173	1.7300	5
51	457	4.5700	16
52	393	3.9300	24
53	102	1.0200	4
54	6	0.0600	1
55	252	2.5200	13
56	77	0.7700	2
57	211	2.1100	7
58	423	4.2300	17
59	80	0.8000	3
60	370	3.7000	21
61	382	3.8200	14
62	51	0.5100	3
63	197	1.9700	7
64	189	1.8900	10
65	583	5.8300	27
66	28	0.2800	2
67	200	2.0000	6
68	109	1.0900	3
69	5	0.0500	1
70	408	4.0800	15
71	238	2.3800	8
72	113	1.1300	2
73	155	1.5500	11
74	271	2.7100	14
75	25	0.2500	1
76	794	7.9400	24
77	302	3.0200	19
78	375	3.7500	17
79	206	2.0600	9
80	344	3.4400	15
81	177	1.7700	5
82	128	1.2800	7
83	18	0.1800	1
84	191	1.9100	4
85	55	0.5500	4
86	239	2.3900	12
87	166	1.6600	17
88	472	4.7200	19
89	32	0.3200	1
90	15	0.1500	4
91	280	2.8000	14
92	140	1.4000	7
93	246	2.4600	8
94	37	0.3700	4
95	15	0.1500	1
96	288	2.8800	15
97	109	1.0900	4
98	73	0.7300	2
99	191	1.9100	8
100	53	0.5300	3
101	78	0.7800	3
102	333	3.3300	19
103	37	0.3700	2
104	52	0.5200	3
105	320	3.2000	13
106	66	0.6600	1
107	332	3.3200	18
108	312	3.1200	11
109	468	4.6800	24
110	356	3.5600	13
111	58	0.5800	6
112	23	0.2300	1
113	119	1.1900	10
114	65	0.6500	2
115	111	1.1100	4
116	126	1.2600	7
117	59	0.5900	3
118	210	2.1000	12
119	28	0.2800	3
120	143	1.4300	12
121	225	2.2500	13
122	758	7.5800	31
123	205	2.0500	7
124	6	0.0600	1
125	143	1.4300	5
126	150	1.5000	6
127	30	0.3000	2
128	41	0.4100	3
129	204	2.0400	12
130	47	0.4700	2
131	35	0.3500	3
132	27	0.2700	5
133	14	0.1400	1
134	47	0.4700	4
135	185	1.8500	9
136	448	4.4800	21
137	91	0.9100	4
138	47	0.4700	2
139	41	0.4100	3
140	209	2.0900	7
141	111	1.1100	4
142	385	3.8500	15
143	150	1.5000	4
144	363	3.6300	17
145	129	1.2900	4
146	97	0.9700	4
147	171	1.7100	2
148	279	2.7900	18
149	70	0.7000	2
150	13	0.1300	1
151	36	0.3600	3
152	30	0.3000	1
153	115	1.1500	6
154	16	0.1600	1
155	3	0.0300	1
156	219	2.1900	10
157	16	0.1600	1
158	58	0.5800	5
159	131	1.3100	8
160	289	2.8900	9
161	84	0.8400	5
162	84	0.8400	4
163	164	1.6400	9
164	189	1.8900	10
165	35	0.3500	1
166	162	1.6200	8
167	74	0.7400	6
168	361	3.6100	12
169	108	1.0800	6
170	20	0.2000	1
171	314	3.1400	16
172	52	0.5200	6
173	413	4.1300	21
174	318	3.1800	11
175	201	2.0100	11
176	306	3.0600	9
177	403	4.0300	21
178	114	1.1400	3
179	12	0.1200	3
180	560	5.6000	22
181	76	0.7600	2
182	22	0.2200	1
183	7	0.0700	1
184	37	0.3700	2
185	146	1.4600	8
186	55	0.5500	5
187	79	0.7900	4
188	545	5.4500	26
189	407	4.0700	17
190	256	2.5600	11
191	797	7.9700	42
192	128	1.2800	5
193	62	0.6200	3
194	11	0.1100	1
195	314	3.1400	11
196	200	2.0000	6
197	68	0.6800	3
198	7	0.0700	1
199	19	0.1900	1
200	280	2.8000	14
201	133	1.3300	3
202	4	0.0400	1
203	214	2.1400	8
204	432	4.3200	22
205	122	1.2200	8
206	130	1.3000	3
207	209	2.0900	10
208	55	0.5500	4
209	192	1.9200	8
210	88	0.8800	8
211	852	8.5200	40
212	195	1.9500	10
213	151	1.5100	4
214	338	3.3800	18
215	142	1.4200	5
216	261	2.6100	18
217	96	0.9600	4
218	39	0.3900	3
219	716	7.1600	29
220	214	2.1400	10
221	331	3.3100	14
222	7	0.0700	1
223	717	7.1700	30
224	6	0.0600	1
225	119	1.1900	6
226	94	0.9400	4
227	70	0.7000	1
228	112	1.1200	10
229	190	1.9000	8
230	367	3.6700	14
231	2	0.0200	1
232	45	0.4500	3
233	13	0.1300	1
234	30	0.3000	3
235	553	5.5300	25
236	116	1.1600	5
237	103	1.0300	7
238	96	0.9600	4
239	67	0.6700	4
240	22	0.2200	1
241	317	3.1700	12
242	46	0.4600	5
243	215	2.1500	7
244	460	4.6000	12
245	15	0.1500	1
246	78	0.7800	6
247	190	1.9000	10
248	243	2.4300	9
249	77	0.7700	4
250	43	0.4300	2
251	426	4.2600	20
252	329	3.2900	11
253	302	3.0200	16
254	109	1.0900	3
255	166	1.6600	8
256	151	1.5100	9
257	16	0.1600	1
258	115	1.1500	3
259	33	0.3300	1
260	200	2.0000	6
261	30	0.3000	2
262	449	4.4900	18
263	153	1.5300	5
264	136	1.3600	7
265	176	1.7600	5
266	258	2.5800	9
267	328	3.2800	12
268	65	0.6500	3
269	124	1.2400	8
270	211	2.1100	11
271	79	0.7900	2
272	71	0.7100	3
273	396	3.9600	18
274	27	0.2700	4
275	403	4.0300	18
276	13	0.1300	3
277	46	0.4600	1
278	47	0.4700	2
279	190	1.9000	3
280	24	0.2400	2
281	225	2.2500	8
282	166	1.6600	6
283	10	0.1000	1
284	137	1.3700	7
285	105	1.0500	2
286	39	0.3900	2
287	174	1.7400	5
288	224	2.2400	7
289	254	2.5400	8
290	495	4.9500	13
291	138	1.3800	7
292	164	1.6400	11
293	138	1.3800	3
294	202	2.0200	11
295	9	0.0900	1
296	45	0.4500	2
297	10	0.1000	1
298	43	0.4300	4
299	229	2.2900	9
300	54	0.5400	2
301	202	2.0200	13
302	91	0.9100	7
303	28	0.2800	4
304	283	2.8300	10
305	53	0.5300	6
306	38	0.3800	2
307	100	1.0000	2
308	197	1.9700	11
309	35	0.3500	2
310	40	0.4000	2
311	27	0.2700	4
312	89	0.8900	6
313	347	3.4700	15
314	293	2.9300	10
315	11	0.1100	3
316	10	0.1000	1
317	267	2.6700	11
318	158	1.5800	6
319	255	2.5500	10
320	21	0.2100	1
321	388	3.8800	20
322	129	1.2900	5
323	117	1.1700	5
324	77	0.7700	3
325	32	0.3200	4
326	376	3.7600	14
327	5	0.0500	1
328	71	0.7100	9
329	224	2.2400	10
330	2	0.0200	1
331	129	1.2900	5
332	21	0.2100	3
333	218	2.1800	6
334	399	3.9900	19
335	210	2.1000	8
336	170	1.7000	9
337	72	0.7200	4
338	106	1.0600	4
339	32	0.3200	5
340	192	1.9200	3
341	112	1.1200	4
342	48	0.4800	3
343	322	3.2200	14
344	98	0.9800	8
345	71	0.7100	5
346	23	0.2300	2
347	11	0.1100	2
348	62	0.6200	6
349	74	0.7400	9
350	22	0.2200	1
351	290	2.9000	9
352	155	1.5500	11
353	206	2.0600	8
354	315	3.1500	14
355	120	1.2000	8
356	170	1.7000	6
357	121	1.2100	7
358	96	0.9600	3
359	76	0.7600	5
360	521	5.2100	30
361	25	0.2500	1
362	13	0.1300	1
363	252	2.5200	16
364	291	2.9100	16
365	156	1.5600	4
366	614	6.1400	18
367	133	1.3300	3
368	218	2.1800	8
369	114	1.1400	7
370	261	2.6100	19
371	222	2.2200	7
372	202	2.0200	10
373	201	2.0100	12
374	178	1.7800	8
375	54	0.5400	3
376	250	2.5000	12
377	352	3.5200	16
378	212	2.1200	8
379	300	3.0000	15
380	622	6.2200	27
381	67	0.6700	6
382	21	0.2100	1
383	53	0.5300	6
384	71	0.7100	5
385	18	0.1800	1
386	193	1.9300	7
387	149	1.4900	11
388	216	2.1600	11
389	34	0.3400	2
390	286	2.8600	11
391	235	2.3500	4
392	331	3.3100	16
393	214	2.1400	10
394	94	0.9400	6
395	254	2.5400	9
396	70	0.7000	5
397	116	1.1600	9
398	303	3.0300	15
399	149	1.4900	5
400	29	0.2900	2
401	112	1.1200	5
402	287	2.8700	11
403	253	2.5300	13
404	335	3.3500	16
405	273	2.7300	19
406	13	0.1300	1
407	47	0.4700	2
408	231	2.3100	8
409	552	5.5200	28
410	116	1.1600	5
411	274	2.7400	8
412	4	0.0400	2
413	131	1.3100	5
414	162	1.6200	5
415	113	1.1300	4
416	17	0.1700	2
417	4	0.0400	1
418	1	0.0100	1
419	6	0.0600	1
420	8	0.0800	1
421	213	2.1300	14
422	93	0.9300	3
423	116	1.1600	7
424	375	3.7500	15
425	245	2.4500	8
426	11	0.1100	1
427	3	0.0300	1
428	45	0.4500	2
429	1019	10.1900	34
430	856	8.5600	29
431	412	4.1200	17
432	21	0.2100	1
433	296	2.9600	14
434	329	3.2900	15
435	133	1.3300	4
436	270	2.7000	15
437	24	0.2400	2
438	226	2.2600	7
439	311	3.1100	13
440	315	3.1500	13
441	278	2.7800	17
442	172	1.7200	12
443	6	0.0600	1
444	179	1.7900	12
445	431	4.3100	18
446	141	1.4100	7
447	114	1.1400	3
448	277	2.7700	9
449	21	0.2100	1
450	21	0.2100	1
451	6	0.0600	1
452	53	0.5300	3
453	135	1.3500	6
454	178	1.7800	9
455	487	4.8700	23
456	23	0.2300	1
457	109	1.0900	5
458	88	0.8800	4
459	231	2.3100	10
460	227	2.2700	6
461	192	1.9200	11
462	211	2.1100	9
463	243	2.4300	13
464	36	0.3600	2
465	24	0.2400	1
466	23	0.2300	1
467	97	0.9700	4
468	371	3.7100	19
469	225	2.2500	11
470	499	4.9900	19
471	13	0.1300	2
472	123	1.2300	5
473	129	1.2900	5
474	441	4.4100	20
475	231	2.3100	18
476	483	4.8300	19
477	177	1.7700	10
478	71	0.7100	3
479	106	1.0600	8
480	438	4.3800	14
481	135	1.3500	7
482	13	0.1300	1
483	312	3.1200	9
484	123	1.2300	8
485	26	0.2600	1
486	202	2.0200	6
487	29	0.2900	1
488	87	0.8700	7
489	6	0.0600	1
490	25	0.2500	2
491	344	3.4400	13
492	423	4.2300	24
493	428	4.2800	19
494	354	3.5400	10
495	397	3.9700	18
496	319	3.1900	15
497	129	1.2900	6
498	68	0.6800	3
499	3	0.0300	1
500	73	0.7300	3
501	60	0.6000	3
502	72	0.7200	1
503	68	0.6800	4
504	344	3.4400	16
505	198	1.9800	8
506	177	1.7700	14
507	178	1.7800	7
508	20	0.2000	4
509	99	0.9900	7
510	63	0.6300	2
511	364	3.6400	17
512	60	0.6000	4
513	166	1.6600	9
514	112	1.1200	4
515	330	3.3000	15
516	87	0.8700	2
517	50	0.5000	4
518	190	1.9000	6
519	81	0.8100	4
520	260	2.6000	5
521	514	5.1400	11
522	310	3.1000	12
523	8	0.0800	2
524	10	0.1000	2
525	135	1.3500	8
526	464	4.6400	21
527	67	0.6700	3
528	63	0.6300	3
529	8	0.0800	1
530	326	3.2600	11
531	18	0.1800	1
532	263	2.6300	17
533	214	2.1400	13
534	277	2.7700	9
535	159	1.5900	3
536	122	1.2200	8
537	58	0.5800	2
538	49	0.4900	2
539	328	3.2800	20
540	264	2.6400	12
541	457	4.5700	15
542	58	0.5800	3
543	8	0.0800	1
544	24	0.2400	2
545	50	0.5000	3
546	9	0.0900	1
547	34	0.3400	1
548	182	1.8200	11
549	115	1.1500	10
550	261	2.6100	15
551	1	0.0100	1
552	45	0.4500	7
553	90	0.9000	4
554	183	1.8300	7
555	15	0.1500	2
556	29	0.2900	2
557	132	1.3200	5
558	219	2.1900	12
559	89	0.8900	9
560	260	2.6000	13
561	158	1.5800	11
562	153	1.5300	5
563	54	0.5400	3
564	13	0.1300	1
565	135	1.3500	9
566	88	0.8800	2
567	250	2.5000	13
568	18	0.1800	1
569	83	0.8300	2
570	139	1.3900	9
571	105	1.0500	2
572	912	9.1200	36
573	37	0.3700	2
574	156	1.5600	5
575	263	2.6300	15
576	309	3.0900	11
577	449	4.4900	16
578	139	1.3900	7
579	216	2.1600	4
580	351	3.5100	18
581	189	1.8900	12
582	149	1.4900	10
583	245	2.4500	7
584	276	2.7600	9
585	69	0.6900	5
586	92	0.9200	8
587	178	1.7800	7
588	60	0.6000	3
589	5	0.0500	1
590	110	1.1000	3
591	179	1.7900	13
592	183	1.8300	9
593	177	1.7700	8
594	393	3.9300	12
595	39	0.3900	1
596	47	0.4700	1
597	161	1.6100	11
598	242	2.4200	13
599	15	0.1500	1
600	123	1.2300	5
601	24	0.2400	1
602	308	3.0800	7
603	700	7.0000	42
604	45	0.4500	2
605	161	1.6100	9
606	12	0.1200	1
607	122	1.2200	12
608	469	4.6900	29
609	664	6.6400	33
610	3	0.0300	1
611	212	2.1200	13
612	43	0.4300	4
613	21	0.2100	2
614	196	1.9600	14
615	119	1.1900	7
616	9	0.0900	1
617	584	5.8400	22
618	213	2.1300	11
619	7	0.0700	1
620	25	0.2500	1
621	23	0.2300	1
622	76	0.7600	4
623	264	2.6400	15
624	11	0.1100	1
625	53	0.5300	3
626	26	0.2600	1
627	48	0.4800	3
628	164	1.6400	10
629	4	0.0400	1
630	238	2.3800	14
631	477	4.7700	20
632	120	1.2000	4
633	842	8.4200	36
634	25	0.2500	2
635	46	0.4600	2
636	101	1.0100	6
637	50	0.5000	5
638	420	4.2000	21
639	182	1.8200	8
640	101	1.0100	6
641	364	3.6400	17
642	141	1.4100	4
643	49	0.4900	3
644	2	0.0200	2
645	35	0.3500	3
646	79	0.7900	7
647	45	0.4500	3
648	129	1.2900	7
649	92	0.9200	4
650	124	1.2400	5
651	293	2.9300	17
652	33	0.3300	4
653	20	0.2000	2
654	592	5.9200	17
655	145	1.4500	9
656	44	0.4400	3
657	45	0.4500	4
658	102	1.0200	3
659	164	1.6400	13
660	4	0.0400	1
661	84	0.8400	4
662	320	3.2000	11
663	599	5.9900	31
664	153	1.5300	7
665	30	0.3000	1
666	324	3.2400	14
667	135	1.3500	12
668	76	0.7600	4
669	504	5.0400	15
670	469	4.6900	21
671	64	0.6400	3
672	54	0.5400	3
673	41	0.4100	2
674	482	4.8200	17
675	255	2.5500	12
676	264	2.6400	12
677	291	2.9100	10
678	373	3.7300	16
679	47	0.4700	4
680	302	3.0200	15
681	66	0.6600	2
682	52	0.5200	4
683	11	0.1100	2
684	108	1.0800	4
685	164	1.6400	4
686	615	6.1500	26
687	513	5.1300	23
688	51	0.5100	4
689	154	1.5400	9
690	202	2.0200	11
691	4	0.0400	1
692	224	2.2400	11
693	302	3.0200	15
694	165	1.6500	7
695	301	3.0100	12
696	111	1.1100	7
697	478	4.7800	28
698	246	2.4600	9
699	158	1.5800	10
700	95	0.9500	3
701	286	2.8600	12
702	12	0.1200	2
703	123	1.2300	4
704	63	0.6300	4
705	88	0.8800	7
706	111	1.1100	3
707	76	0.7600	4
708	51	0.5100	6
709	261	2.6100	18
710	79	0.7900	3
711	287	2.8700	13
712	123	1.2300	8
713	423	4.2300	24
714	19	0.1900	3
715	190	1.9000	7
716	231	2.3100	12
717	71	0.7100	2
718	67	0.6700	3
719	21	0.2100	3
720	1	0.0100	1
721	27	0.2700	2
722	194	1.9400	7
723	11	0.1100	2
724	683	6.8300	20
725	291	2.9100	6
726	485	4.8500	28
727	11	0.1100	1
728	173	1.7300	7
729	147	1.4700	5
730	36	0.3600	1
731	64	0.6400	6
732	424	4.2400	18
733	215	2.1500	6
734	59	0.5900	6
735	540	5.4000	24
736	676	6.7600	31
737	48	0.4800	3
738	156	1.5600	6
739	143	1.4300	9
740	294	2.9400	13
741	249	2.4900	10
742	40	0.4000	1
743	59	0.5900	2
744	747	7.4700	21
745	180	1.8000	8
746	34	0.3400	1
747	147	1.4700	5
748	67	0.6700	8
749	80	0.8000	7
750	117	1.1700	4
751	80	0.8000	3
752	60	0.6000	2
753	76	0.7600	3
754	596	5.9600	31
755	38	0.3800	2
756	65	0.6500	2
757	77	0.7700	3
758	9	0.0900	1
759	370	3.7000	16
760	43	0.4300	3
761	21	0.2100	1
762	142	1.4200	6
763	58	0.5800	1
764	23	0.2300	1
765	241	2.4100	8
766	295	2.9500	13
767	319	3.1900	20
768	153	1.5300	5
769	113	1.1300	6
770	68	0.6800	6
771	9	0.0900	1
772	10	0.1000	1
773	3	0.0300	1
774	841	8.4100	38
775	164	1.6400	9
776	16	0.1600	1
777	261	2.6100	10
778	84	0.8400	5
779	154	1.5400	5
780	39	0.3900	2
781	285	2.8500	17
782	150	1.5000	8
783	8	0.0800	1
784	258	2.5800	7
785	144	1.4400	9
786	240	2.4000	16
787	8	0.0800	1
788	1435	14.3500	49
789	35	0.3500	3
790	79	0.7900	2
791	103	1.0300	5
792	331	3.3100	11
793	354	3.5400	18
794	308	3.0800	12
795	33	0.3300	2
796	255	2.5500	9
797	25	0.2500	2
798	339	3.3900	6
799	115	1.1500	12
800	22	0.2200	2
801	116	1.1600	8
802	57	0.5700	6
803	85	0.8500	2
804	313	3.1300	12
805	92	0.9200	5
806	275	2.7500	9
807	287	2.8700	9
808	45	0.4500	2
809	961	9.6100	30
810	107	1.0700	5
811	90	0.9000	4
812	110	1.1000	6
813	7	0.0700	1
814	174	1.7400	9
815	304	3.0400	7
816	157	1.5700	7
817	123	1.2300	7
818	60	0.6000	1
819	15	0.1500	2
820	158	1.5800	3
821	303	3.0300	14
822	334	3.3400	11
823	217	2.1700	9
824	26	0.2600	2
825	162	1.6200	8
826	172	1.7200	4
827	144	1.4400	8
828	133	1.3300	11
829	68	0.6800	4
830	24	0.2400	1
831	46	0.4600	6
832	226	2.2600	10
833	42	0.4200	2
834	227	2.2700	13
835	213	2.1300	7
836	43	0.4300	4
837	6	0.0600	1
838	133	1.3300	7
839	186	1.8600	9
840	9	0.0900	1
841	611	6.1100	22
842	365	3.6500	13
843	199	1.9900	9
844	10	0.1000	1
845	738	7.3800	29
846	29	0.2900	2
847	148	1.4800	11
848	25	0.2500	2
849	114	1.1400	8
850	16	0.1600	1
851	76	0.7600	5
852	158	1.5800	8
853	33	0.3300	1
854	325	3.2500	17
855	579	5.7900	23
856	9	0.0900	2
857	40	0.4000	4
858	42	0.4200	4
859	146	1.4600	5
860	147	1.4700	5
861	111	1.1100	4
862	91	0.9100	4
863	197	1.9700	7
864	71	0.7100	7
865	594	5.9400	26
866	98	0.9800	4
867	232	2.3200	10
868	248	2.4800	7
869	204	2.0400	11
870	88	0.8800	2
871	75	0.7500	3
872	27	0.2700	1
873	327	3.2700	13
874	207	2.0700	11
875	12	0.1200	1
876	19	0.1900	2
877	174	1.7400	10
878	309	3.0900	19
879	436	4.3600	20
880	65	0.6500	7
881	312	3.1200	19
882	165	1.6500	8
883	57	0.5700	4
884	49	0.4900	3
885	5	0.0500	1
886	105	1.0500	4
887	73	0.7300	1
888	69	0.6900	2
889	199	1.9900	10
890	2	0.0200	1
891	46	0.4600	3
892	724	7.2400	42
893	128	1.2800	5
894	62	0.6200	4
895	89	0.8900	3
896	21	0.2100	1
897	471	4.7100	26
898	382	3.8200	15
899	22	0.2200	1
900	297	2.9700	13
901	73	0.7300	4
902	106	1.0600	6
903	1	0.0100	1
904	50	0.5000	4
905	239	2.3900	9
906	458	4.5800	15
907	305	3.0500	9
908	114	1.1400	5
909	242	2.4200	9
910	8	0.0800	1
911	29	0.2900	2
912	104	1.0400	4
913	112	1.1200	3
914	338	3.3800	13
915	184	1.8400	4
916	176	1.7600	7
917	113	1.1300	7
918	258	2.5800	14
919	469	4.6900	17
920	30	0.3000	2
921	241	2.4100	15
922	352	3.5200	17
923	195	1.9500	8
924	58	0.5800	1
925	135	1.3500	6
926	214	2.1400	14
927	43	0.4300	3
928	164	1.6400	7
929	71	0.7100	4
930	297	2.9700	10
931	222	2.2200	7
932	79	0.7900	4
933	115	1.1500	8
934	26	0.2600	3
935	189	1.8900	4
936	67	0.6700	3
937	87	0.8700	2
938	45	0.4500	1
939	108	1.0800	6
940	161	1.6100	11
941	18	0.1800	1
942	221	2.2100	5
943	266	2.6600	8
944	295	2.9500	14
945	1090	10.9000	48
946	123	1.2300	7
947	138	1.3800	10
948	62	0.6200	2
949	124	1.2400	7
950	107	1.0700	6
951	10	0.1000	1
952	10	0.1000	2
953	139	1.3900	9
954	65	0.6500	8
955	96	0.9600	8
956	451	4.5100	15
957	138	1.3800	12
958	100	1.0000	2
959	46	0.4600	4
960	71	0.7100	4
961	175	1.7500	7
962	106	1.0600	3
963	85	0.8500	3
964	50	0.5000	4
965	88	0.8800	3
966	67	0.6700	6
967	313	3.1300	9
968	280	2.8000	7
969	27	0.2700	2
970	125	1.2500	3
971	54	0.5400	3
972	59	0.5900	4
973	604	6.0400	24
974	177	1.7700	6
975	401	4.0100	20
976	63	0.6300	2
977	360	3.6000	13
978	22	0.2200	1
979	98	0.9800	10
980	278	2.7800	13
981	255	2.5500	14
982	224	2.2400	11
983	418	4.1800	14
984	93	0.9300	4
985	155	1.5500	6
986	101	1.0100	4
987	118	1.1800	9
988	231	2.3100	7
989	91	0.9100	2
990	557	5.5700	19
991	243	2.4300	12
992	107	1.0700	2
993	46	0.4600	2
994	28	0.2800	2
995	11	0.1100	1
996	73	0.7300	4
997	5	0.0500	1
998	9	0.0900	1
999	16	0.1600	1
# Simulation completed.
