# Creating system...
# System created with N=1000 particles

# Initial state:
# Susceptibles: 999, Infected: 1

# Starting simulation...
# Relz	Step	Time	sigma	R0
0	46	0.4600	3
1	115	1.1500	5
2	196	1.9600	5
3	195	1.9500	6
4	64	0.6400	4
5	211	2.1100	10
6	156	1.5600	13
7	2	0.0200	1
8	114	1.1400	3
9	73	0.7300	6
10	419	4.1900	21
11	178	1.7800	8
12	148	1.4800	7
13	342	3.4200	14
14	330	3.3000	13
15	236	2.3600	8
16	78	0.7800	1
17	150	1.5000	10
18	374	3.7400	21
19	266	2.6600	16
20	81	0.8100	7
21	74	0.7400	2
22	416	4.1600	10
23	220	2.2000	8
24	146	1.4600	12
25	330	3.3000	14
26	235	2.3500	13
27	5	0.0500	1
28	27	0.2700	1
29	332	3.3200	15
30	20	0.2000	1
31	208	2.0800	11
32	48	0.4800	2
33	158	1.5800	8
34	200	2.0000	9
35	147	1.4700	5
36	63	0.6300	3
37	11	0.1100	1
38	28	0.2800	2
39	89	0.8900	4
40	9	0.0900	1
41	127	1.2700	6
42	106	1.0600	3
43	68	0.6800	2
44	93	0.9300	4
45	108	1.0800	5
46	59	0.5900	1
47	75	0.7500	2
48	64	0.6400	3
49	113	1.1300	5
50	12	0.1200	1
51	186	1.8600	9
52	326	3.2600	12
53	208	2.0800	9
54	218	2.1800	15
55	141	1.4100	10
56	63	0.6300	2
57	179	1.7900	5
58	254	2.5400	19
59	342	3.4200	18
60	62	0.6200	7
61	10	0.1000	1
62	17	0.1700	2
63	53	0.5300	3
64	437	4.3700	28
65	89	0.8900	2
66	30	0.3000	6
67	71	0.7100	3
68	306	3.0600	13
69	5	0.0500	1
70	20	0.2000	4
71	343	3.4300	13
72	21	0.2100	2
73	3	0.0300	1
74	31	0.3100	2
75	93	0.9300	4
76	114	1.1400	6
77	21	0.2100	2
78	112	1.1200	8
79	85	0.8500	2
80	354	3.5400	19
81	304	3.0400	20
82	694	6.9400	31
83	620	6.2000	26
84	50	0.5000	2
85	107	1.0700	4
86	261	2.6100	9
87	65	0.6500	5
88	119	1.1900	11
89	63	0.6300	2
90	44	0.4400	1
91	7	0.0700	1
92	631	6.3100	26
93	79	0.7900	5
94	153	1.5300	9
95	359	3.5900	12
96	488	4.8800	24
97	41	0.4100	1
98	15	0.1500	1
99	214	2.1400	10
100	49	0.4900	1
101	207	2.0700	11
102	180	1.8000	12
103	71	0.7100	8
104	744	7.4400	32
105	150	1.5000	5
106	562	5.6200	22
107	222	2.2200	3
108	19	0.1900	1
109	245	2.4500	17
110	53	0.5300	2
111	216	2.1600	10
112	56	0.5600	4
113	10	0.1000	1
114	112	1.1200	4
115	203	2.0300	13
116	93	0.9300	7
117	34	0.3400	2
118	311	3.1100	15
119	180	1.8000	7
120	25	0.2500	2
121	47	0.4700	2
122	660	6.6000	32
123	313	3.1300	14
124	41	0.4100	3
125	238	2.3800	12
126	198	1.9800	9
127	117	1.1700	5
128	120	1.2000	3
129	116	1.1600	9
130	69	0.6900	3
131	65	0.6500	5
132	42	0.4200	2
133	46	0.4600	1
134	92	0.9200	4
135	137	1.3700	8
136	45	0.4500	4
137	129	1.2900	4
138	5	0.0500	1
139	39	0.3900	3
140	125	1.2500	8
141	79	0.7900	3
142	165	1.6500	6
143	233	2.3300	16
144	125	1.2500	6
145	207	2.0700	12
146	324	3.2400	13
147	82	0.8200	3
148	239	2.3900	7
149	417	4.1700	12
150	2	0.0200	1
151	202	2.0200	10
152	98	0.9800	5
153	116	1.1600	8
154	230	2.3000	11
155	255	2.5500	8
156	153	1.5300	5
157	30	0.3000	3
158	598	5.9800	32
159	321	3.2100	17
160	130	1.3000	6
161	45	0.4500	2
162	12	0.1200	1
163	161	1.6100	8
164	7	0.0700	1
165	46	0.4600	3
166	42	0.4200	2
167	27	0.2700	1
168	197	1.9700	10
169	528	5.2800	23
170	63	0.6300	3
171	72	0.7200	5
172	83	0.8300	3
173	176	1.7600	6
174	255	2.5500	15
175	1	0.0100	1
176	230	2.3000	9
177	82	0.8200	3
178	7	0.0700	1
179	228	2.2800	11
180	62	0.6200	4
181	114	1.1400	6
182	415	4.1500	16
183	401	4.0100	13
184	2293	22.9300	88
185	41	0.4100	2
186	361	3.6100	18
187	219	2.1900	10
188	296	2.9600	11
189	17	0.1700	2
190	30	0.3000	3
191	154	1.5400	6
192	65	0.6500	4
193	121	1.2100	3
194	153	1.5300	5
195	25	0.2500	2
196	276	2.7600	10
197	524	5.2400	18
198	434	4.3400	18
199	261	2.6100	11
200	1019	10.1900	40
201	27	0.2700	1
202	479	4.7900	26
203	53	0.5300	2
204	140	1.4000	4
205	120	1.2000	7
206	98	0.9800	3
207	114	1.1400	11
208	57	0.5700	4
209	60	0.6000	2
210	26	0.2600	1
211	308	3.0800	13
212	95	0.9500	4
213	16	0.1600	1
214	10	0.1000	1
215	93	0.9300	3
216	53	0.5300	3
217	51	0.5100	3
218	441	4.4100	18
219	60	0.6000	6
220	17	0.1700	1
221	164	1.6400	8
222	49	0.4900	2
223	169	1.6900	12
224	15	0.1500	1
225	223	2.2300	10
226	2	0.0200	1
227	266	2.6600	14
228	267	2.6700	17
229	215	2.1500	6
230	174	1.7400	14
231	142	1.4200	5
232	49	0.4900	4
233	55	0.5500	1
234	188	1.8800	10
235	618	6.1800	24
236	175	1.7500	7
237	180	1.8000	13
238	46	0.4600	1
239	59	0.5900	3
240	39	0.3900	5
241	249	2.4900	11
242	21	0.2100	1
243	466	4.6600	26
244	4	0.0400	1
245	156	1.5600	7
246	635	6.3500	31
247	1220	12.2000	56
248	11	0.1100	2
249	61	0.6100	5
250	47	0.4700	3
251	124	1.2400	6
252	169	1.6900	8
253	152	1.5200	8
254	218	2.1800	11
255	166	1.6600	8
256	126	1.2600	5
257	17	0.1700	1
258	152	1.5200	6
259	254	2.5400	14
260	432	4.3200	17
261	37	0.3700	4
262	51	0.5100	4
263	268	2.6800	13
264	140	1.4000	10
265	694	6.9400	25
266	318	3.1800	12
267	59	0.5900	6
268	48	0.4800	2
269	10	0.1000	3
270	211	2.1100	11
271	38	0.3800	3
272	123	1.2300	7
273	40	0.4000	4
274	7	0.0700	2
275	39	0.3900	4
276	95	0.9500	6
277	505	5.0500	25
278	133	1.3300	5
279	156	1.5600	12
280	110	1.1000	5
281	35	0.3500	2
282	103	1.0300	4
283	13	0.1300	2
284	542	5.4200	17
285	83	0.8300	6
286	2	0.0200	1
287	90	0.9000	7
288	151	1.5100	11
289	1	0.0100	1
290	49	0.4900	2
291	102	1.0200	6
292	368	3.6800	20
293	151	1.5100	12
294	276	2.7600	18
295	74	0.7400	4
296	24	0.2400	1
297	36	0.3600	1
298	367	3.6700	12
299	55	0.5500	1
300	816	8.1600	36
301	4	0.0400	1
302	53	0.5300	3
303	65	0.6500	5
304	112	1.1200	2
305	4	0.0400	1
306	216	2.1600	10
307	77	0.7700	5
308	225	2.2500	6
309	257	2.5700	12
310	49	0.4900	2
311	698	6.9800	29
312	101	1.0100	6
313	628	6.2800	23
314	170	1.7000	5
315	3	0.0300	2
316	22	0.2200	2
317	194	1.9400	6
318	37	0.3700	3
319	338	3.3800	14
320	141	1.4100	4
321	64	0.6400	2
322	11	0.1100	1
323	52	0.5200	3
324	387	3.8700	12
325	98	0.9800	5
326	38	0.3800	2
327	25	0.2500	1
328	56	0.5600	3
329	160	1.6000	5
330	97	0.9700	4
331	81	0.8100	3
332	138	1.3800	8
333	24	0.2400	3
334	54	0.5400	2
335	54	0.5400	3
336	191	1.9100	9
337	240	2.4000	13
338	99	0.9900	5
339	158	1.5800	9
340	9	0.0900	1
341	130	1.3000	8
342	24	0.2400	4
343	29	0.2900	1
344	464	4.6400	11
345	20	0.2000	4
346	59	0.5900	4
347	481	4.8100	22
348	83	0.8300	3
349	37	0.3700	2
350	58	0.5800	5
351	176	1.7600	8
352	283	2.8300	13
353	66	0.6600	1
354	55	0.5500	2
355	29	0.2900	1
356	197	1.9700	5
357	126	1.2600	2
358	39	0.3900	2
359	113	1.1300	6
360	203	2.0300	9
361	417	4.1700	16
362	102	1.0200	6
363	237	2.3700	11
364	147	1.4700	7
365	78	0.7800	5
366	149	1.4900	10
367	164	1.6400	8
368	112	1.1200	5
369	384	3.8400	25
370	53	0.5300	2
371	110	1.1000	6
372	25	0.2500	1
373	127	1.2700	8
374	111	1.1100	6
375	197	1.9700	7
376	173	1.7300	12
377	339	3.3900	20
378	70	0.7000	4
379	23	0.2300	1
380	39	0.3900	2
381	444	4.4400	16
382	185	1.8500	12
383	262	2.6200	12
384	162	1.6200	7
385	46	0.4600	3
386	95	0.9500	6
387	265	2.6500	6
388	128	1.2800	8
389	214	2.1400	12
390	183	1.8300	4
391	314	3.1400	7
392	137	1.3700	6
393	148	1.4800	5
394	87	0.8700	3
395	35	0.3500	1
396	235	2.3500	3
397	75	0.7500	2
398	256	2.5600	9
399	191	1.9100	11
400	17	0.1700	1
401	33	0.3300	4
402	1	0.0100	1
403	127	1.2700	4
404	63	0.6300	5
405	126	1.2600	11
406	27	0.2700	4
407	110	1.1000	6
408	79	0.7900	4
409	75	0.7500	2
410	39	0.3900	1
411	96	0.9600	4
412	2	0.0200	1
413	119	1.1900	6
414	105	1.0500	3
415	43	0.4300	1
416	155	1.5500	5
417	63	0.6300	6
418	48	0.4800	7
419	189	1.8900	11
420	567	5.6700	27
421	237	2.3700	5
422	304	3.0400	7
423	291	2.9100	14
424	22	0.2200	2
425	81	0.8100	3
426	139	1.3900	3
427	33	0.3300	3
428	344	3.4400	14
429	80	0.8000	6
430	117	1.1700	4
431	89	0.8900	4
432	313	3.1300	15
433	84	0.8400	6
434	73	0.7300	3
435	200	2.0000	12
436	7	0.0700	1
437	241	2.4100	7
438	210	2.1000	20
439	6	0.0600	1
440	320	3.2000	14
441	21	0.2100	1
442	45	0.4500	1
443	75	0.7500	11
444	484	4.8400	24
445	251	2.5100	14
446	49	0.4900	3
447	262	2.6200	10
448	114	1.1400	4
449	51	0.5100	1
450	544	5.4400	24
451	283	2.8300	14
452	472	4.7200	21
453	76	0.7600	5
454	74	0.7400	5
455	356	3.5600	21
456	12	0.1200	1
457	57	0.5700	4
458	16	0.1600	1
459	75	0.7500	3
460	95	0.9500	7
461	77	0.7700	1
462	976	9.7600	47
463	162	1.6200	12
464	135	1.3500	7
465	27	0.2700	2
466	121	1.2100	4
467	698	6.9800	23
468	15	0.1500	1
469	1181	11.8100	58
470	105	1.0500	4
471	93	0.9300	2
472	101	1.0100	3
473	48	0.4800	1
474	317	3.1700	10
475	8	0.0800	1
476	34	0.3400	2
477	233	2.3300	15
478	13	0.1300	2
479	15	0.1500	2
480	42	0.4200	3
481	276	2.7600	13
482	237	2.3700	9
483	7	0.0700	1
484	47	0.4700	2
485	13	0.1300	2
486	75	0.7500	1
487	72	0.7200	2
488	507	5.0700	24
489	268	2.6800	8
490	363	3.6300	9
491	61	0.6100	4
492	574	5.7400	24
493	335	3.3500	7
494	49	0.4900	3
495	266	2.6600	13
496	269	2.6900	9
497	221	2.2100	11
498	3	0.0300	1
499	304	3.0400	18
500	210	2.1000	5
501	26	0.2600	1
502	26	0.2600	1
503	153	1.5300	8
504	572	5.7200	18
505	203	2.0300	5
506	46	0.4600	1
507	13	0.1300	1
508	68	0.6800	3
509	111	1.1100	8
510	142	1.4200	5
511	144	1.4400	7
512	192	1.9200	14
513	32	0.3200	1
514	4	0.0400	2
515	47	0.4700	3
516	72	0.7200	1
517	258	2.5800	9
518	283	2.8300	19
519	336	3.3600	11
520	49	0.4900	2
521	23	0.2300	1
522	28	0.2800	3
523	237	2.3700	7
524	89	0.8900	1
525	84	0.8400	5
526	61	0.6100	2
527	180	1.8000	8
528	381	3.8100	17
529	11	0.1100	2
530	56	0.5600	3
531	143	1.4300	9
532	215	2.1500	8
533	12	0.1200	1
534	143	1.4300	11
535	160	1.6000	8
536	287	2.8700	9
537	95	0.9500	3
538	11	0.1100	2
539	28	0.2800	2
540	20	0.2000	1
541	179	1.7900	9
542	380	3.8000	19
543	62	0.6200	3
544	141	1.4100	11
545	194	1.9400	12
546	274	2.7400	16
547	214	2.1400	10
548	6	0.0600	1
549	271	2.7100	13
550	165	1.6500	6
551	76	0.7600	5
552	53	0.5300	4
553	31	0.3100	1
554	201	2.0100	11
555	685	6.8500	29
556	128	1.2800	7
557	8	0.0800	2
558	293	2.9300	22
559	194	1.9400	7
560	2	0.0200	1
561	280	2.8000	12
562	78	0.7800	4
563	98	0.9800	3
564	28	0.2800	1
565	54	0.5400	4
566	32	0.3200	3
567	168	1.6800	5
568	47	0.4700	2
569	28	0.2800	4
570	818	8.1800	29
571	145	1.4500	10
572	162	1.6200	12
573	249	2.4900	12
574	34	0.3400	1
575	19	0.1900	1
576	321	3.2100	12
577	11	0.1100	1
578	26	0.2600	1
579	41	0.4100	3
580	15	0.1500	1
581	55	0.5500	4
582	9	0.0900	2
583	258	2.5800	12
584	453	4.5300	25
585	30	0.3000	6
586	179	1.7900	9
587	53	0.5300	4
588	108	1.0800	4
589	23	0.2300	2
590	13	0.1300	2
591	106	1.0600	6
592	188	1.8800	9
593	569	5.6900	22
594	695	6.9500	37
595	398	3.9800	20
596	220	2.2000	12
597	121	1.2100	5
598	480	4.8000	27
599	61	0.6100	5
600	398	3.9800	19
601	165	1.6500	8
602	12	0.1200	1
603	489	4.8900	24
604	431	4.3100	17
605	145	1.4500	4
606	107	1.0700	5
607	273	2.7300	8
608	83	0.8300	4
609	118	1.1800	7
610	97	0.9700	6
611	167	1.6700	7
612	59	0.5900	6
613	17	0.1700	1
614	31	0.3100	2
615	79	0.7900	5
616	47	0.4700	3
617	699	6.9900	27
618	25	0.2500	2
619	13	0.1300	2
620	220	2.2000	11
621	154	1.5400	5
622	663	6.6300	35
623	20	0.2000	2
624	52	0.5200	5
625	9	0.0900	1
626	132	1.3200	5
627	76	0.7600	4
628	58	0.5800	3
629	120	1.2000	7
630	213	2.1300	7
631	188	1.8800	9
632	300	3.0000	10
633	327	3.2700	16
634	19	0.1900	1
635	32	0.3200	3
636	117	1.1700	8
637	339	3.3900	9
638	386	3.8600	15
639	107	1.0700	6
640	86	0.8600	5
641	216	2.1600	15
642	62	0.6200	6
643	58	0.5800	2
644	475	4.7500	18
645	164	1.6400	9
646	234	2.3400	7
647	305	3.0500	13
648	11	0.1100	1
649	24	0.2400	1
650	103	1.0300	5
651	309	3.0900	11
652	376	3.7600	11
653	136	1.3600	4
654	20	0.2000	1
655	694	6.9400	31
656	108	1.0800	9
657	417	4.1700	20
658	5	0.0500	1
659	48	0.4800	1
660	571	5.7100	15
661	82	0.8200	1
662	179	1.7900	5
663	129	1.2900	5
664	248	2.4800	5
665	71	0.7100	2
666	126	1.2600	5
667	2	0.0200	1
668	31	0.3100	1
669	106	1.0600	4
670	78	0.7800	3
671	32	0.3200	2
672	117	1.1700	6
673	244	2.4400	7
674	35	0.3500	4
675	2	0.0200	2
676	107	1.0700	4
677	199	1.9900	4
678	107	1.0700	5
679	142	1.4200	6
680	424	4.2400	17
681	248	2.4800	12
682	131	1.3100	6
683	43	0.4300	4
684	239	2.3900	8
685	128	1.2800	5
686	14	0.1400	2
687	141	1.4100	6
688	91	0.9100	2
689	230	2.3000	12
690	239	2.3900	5
691	27	0.2700	5
692	177	1.7700	12
693	70	0.7000	3
694	214	2.1400	7
695	101	1.0100	5
696	16	0.1600	2
697	142	1.4200	6
698	170	1.7000	8
699	148	1.4800	9
700	388	3.8800	19
701	214	2.1400	10
702	63	0.6300	3
703	108	1.0800	5
704	83	0.8300	1
705	139	1.3900	8
706	250	2.5000	8
707	267	2.6700	12
708	289	2.8900	14
709	7	0.0700	2
710	219	2.1900	6
711	66	0.6600	5
712	10	0.1000	1
713	108	1.0800	6
714	110	1.1000	2
715	30	0.3000	3
716	111	1.1100	5
717	16	0.1600	2
718	218	2.1800	8
719	34	0.3400	2
720	198	1.9800	8
721	13	0.1300	1
722	223	2.2300	8
723	91	0.9100	10
724	138	1.3800	4
725	134	1.3400	8
726	54	0.5400	4
727	55	0.5500	4
728	542	5.4200	22
729	154	1.5400	3
730	671	6.7100	28
731	214	2.1400	10
732	369	3.6900	12
733	88	0.8800	5
734	83	0.8300	3
735	53	0.5300	3
736	242	2.4200	11
737	232	2.3200	13
738	365	3.6500	13
739	136	1.3600	5
740	67	0.6700	2
741	146	1.4600	3
742	53	0.5300	4
743	585	5.8500	19
744	93	0.9300	6
745	335	3.3500	13
746	87	0.8700	6
747	61	0.6100	4
748	20	0.2000	1
749	38	0.3800	1
750	1	0.0100	1
751	4	0.0400	1
752	27	0.2700	4
753	112	1.1200	4
754	97	0.9700	6
755	280	2.8000	12
756	41	0.4100	2
757	349	3.4900	19
758	102	1.0200	6
759	31	0.3100	3
760	89	0.8900	6
761	410	4.1000	11
762	143	1.4300	8
763	45	0.4500	2
764	180	1.8000	7
765	55	0.5500	2
766	664	6.6400	29
767	25	0.2500	2
768	45	0.4500	3
769	33	0.3300	2
770	637	6.3700	19
771	33	0.3300	3
772	85	0.8500	3
773	137	1.3700	4
774	109	1.0900	3
775	27	0.2700	4
776	511	5.1100	25
777	139	1.3900	8
778	9	0.0900	1
779	96	0.9600	4
780	173	1.7300	10
781	98	0.9800	5
782	6	0.0600	1
783	317	3.1700	10
784	69	0.6900	1
785	93	0.9300	6
786	179	1.7900	10
787	53	0.5300	3
788	62	0.6200	3
789	102	1.0200	3
790	30	0.3000	2
791	93	0.9300	3
792	580	5.8000	28
793	92	0.9200	6
794	497	4.9700	21
795	199	1.9900	12
796	46	0.4600	3
797	244	2.4400	13
798	35	0.3500	2
799	136	1.3600	7
800	238	2.3800	21
801	164	1.6400	6
802	198	1.9800	9
803	285	2.8500	14
804	172	1.7200	6
805	37	0.3700	1
806	17	0.1700	2
807	483	4.8300	24
808	338	3.3800	14
809	71	0.7100	3
810	47	0.4700	3
811	84	0.8400	2
812	524	5.2400	26
813	336	3.3600	16
814	266	2.6600	9
815	155	1.5500	4
816	466	4.6600	17
817	309	3.0900	13
818	346	3.4600	11
819	122	1.2200	7
820	650	6.5000	22
821	42	0.4200	3
822	443	4.4300	21
823	57	0.5700	7
824	101	1.0100	6
825	302	3.0200	15
826	165	1.6500	5
827	66	0.6600	2
828	15	0.1500	1
829	227	2.2700	16
830	156	1.5600	3
831	103	1.0300	7
832	604	6.0400	22
833	33	0.3300	1
834	27	0.2700	3
835	16	0.1600	2
836	123	1.2300	4
837	79	0.7900	5
838	40	0.4000	2
839	35	0.3500	4
840	48	0.4800	3
841	50	0.5000	5
842	14	0.1400	1
843	122	1.2200	7
844	186	1.8600	11
845	126	1.2600	4
846	38	0.3800	3
847	33	0.3300	2
848	63	0.6300	2
849	360	3.6000	13
850	296	2.9600	15
851	31	0.3100	3
852	592	5.9200	32
853	51	0.5100	3
854	281	2.8100	13
855	40	0.4000	6
856	275	2.7500	11
857	277	2.7700	11
858	58	0.5800	5
859	268	2.6800	15
860	174	1.7400	7
861	58	0.5800	2
862	338	3.3800	15
863	79	0.7900	4
864	66	0.6600	8
865	176	1.7600	6
866	5	0.0500	1
867	111	1.1100	7
868	6	0.0600	1
869	427	4.2700	20
870	43	0.4300	2
871	192	1.9200	10
872	157	1.5700	8
873	195	1.9500	8
874	9	0.0900	2
875	210	2.1000	4
876	217	2.1700	7
877	384	3.8400	18
878	495	4.9500	14
879	563	5.6300	24
880	75	0.7500	2
881	48	0.4800	1
882	137	1.3700	4
883	12	0.1200	1
884	17	0.1700	1
885	202	2.0200	5
886	257	2.5700	16
887	23	0.2300	3
888	77	0.7700	4
889	11	0.1100	2
890	217	2.1700	7
891	84	0.8400	4
892	40	0.4000	3
893	41	0.4100	2
894	226	2.2600	14
895	96	0.9600	5
896	70	0.7000	5
897	63	0.6300	3
898	195	1.9500	9
899	168	1.6800	7
900	22	0.2200	2
901	179	1.7900	11
902	206	2.0600	6
903	28	0.2800	1
904	58	0.5800	3
905	362	3.6200	11
906	14	0.1400	1
907	260	2.6000	13
908	123	1.2300	7
909	114	1.1400	3
910	358	3.5800	13
911	191	1.9100	13
912	21	0.2100	2
913	481	4.8100	26
914	310	3.1000	11
915	151	1.5100	13
916	12	0.1200	1
917	513	5.1300	21
918	15	0.1500	1
919	117	1.1700	2
920	174	1.7400	10
921	192	1.9200	13
922	278	2.7800	13
923	37	0.3700	2
924	188	1.8800	6
925	59	0.5900	2
926	142	1.4200	4
927	27	0.2700	3
928	34	0.3400	1
929	291	2.9100	12
930	303	3.0300	15
931	394	3.9400	15
932	89	0.8900	6
933	419	4.1900	17
934	214	2.1400	12
935	23	0.2300	1
936	5	0.0500	1
937	12	0.1200	1
938	38	0.3800	4
939	148	1.4800	10
940	474	4.7400	18
941	40	0.4000	2
942	29	0.2900	2
943	533	5.3300	20
944	232	2.3200	8
945	203	2.0300	11
946	1190	11.9000	44
947	241	2.4100	12
948	18	0.1800	2
949	151	1.5100	5
950	30	0.3000	2
951	268	2.6800	8
952	45	0.4500	2
953	238	2.3800	10
954	23	0.2300	1
955	286	2.8600	10
956	34	0.3400	4
957	75	0.7500	7
958	264	2.6400	14
959	59	0.5900	4
960	304	3.0400	16
961	280	2.8000	19
962	70	0.7000	6
963	290	2.9000	14
964	39	0.3900	2
965	216	2.1600	10
966	43	0.4300	5
967	116	1.1600	7
968	85	0.8500	4
969	54	0.5400	4
970	12	0.1200	1
971	38	0.3800	3
972	53	0.5300	5
973	19	0.1900	1
974	51	0.5100	2
975	263	2.6300	13
976	170	1.7000	10
977	433	4.3300	13
978	88	0.8800	6
979	18	0.1800	1
980	248	2.4800	18
981	499	4.9900	22
982	271	2.7100	15
983	6	0.0600	2
984	14	0.1400	1
985	196	1.9600	10
986	131	1.3100	8
987	759	7.5900	27
988	119	1.1900	5
989	185	1.8500	15
990	83	0.8300	7
991	157	1.5700	5
992	701	7.0100	28
993	388	3.8800	19
994	257	2.5700	6
995	432	4.3200	14
996	47	0.4700	2
997	665	6.6500	32
998	202	2.0200	13
999	1033	10.3300	25
# Simulation completed.
