# Creating system...
# System created with N=1000 particles

# Initial state:
# Susceptibles: 999, Infected: 1

# Starting simulation...
# Step	Time		S	I
0	0.0000		999	1
10	0.1000		999	1
20	0.2000		997	3
30	0.3000		997	3
40	0.4000		993	7
50	0.5000		996	4
60	0.6000		994	6
70	0.7000		994	6
80	0.8000		995	5
90	0.9000		995	5
100	1.0000		993	7
110	1.1000		991	9
120	1.2000		989	11
130	1.3000		988	12
140	1.4000		987	13
150	1.5000		986	14
160	1.6000		985	15
170	1.7000		985	15
180	1.8000		988	12
190	1.9000		985	15
200	2.0000		981	19
210	2.1000		978	22
220	2.2000		980	20
230	2.3000		978	22
240	2.4000		978	22
250	2.5000		980	20
260	2.6000		980	20
270	2.7000		984	16
280	2.8000		984	16
290	2.9000		984	16
300	3.0000		981	19
310	3.1000		980	20
320	3.2000		979	21
330	3.3000		980	20
340	3.4000		978	22
350	3.5000		976	24
360	3.6000		977	23
370	3.7000		977	23
380	3.8000		976	24
390	3.9000		974	26
400	4.0000		974	26
410	4.1000		972	28
420	4.2000		970	30
430	4.3000		971	29
440	4.4000		971	29
450	4.5000		971	29
460	4.6000		973	27
470	4.7000		971	29
480	4.8000		969	31
490	4.9000		966	34
500	5.0000		963	37
510	5.1000		963	37
520	5.2000		965	35
530	5.3000		964	36
540	5.4000		964	36
550	5.5000		964	36
560	5.6000		964	36
570	5.7000		965	35
580	5.8000		966	34
590	5.9000		960	40
600	6.0000		964	36
610	6.1000		965	35
620	6.2000		964	36
630	6.3000		964	36
640	6.4000		967	33
650	6.5000		967	33
660	6.6000		963	37
670	6.7000		961	39
680	6.8000		963	37
690	6.9000		963	37
700	7.0000		965	35
710	7.1000		960	40
720	7.2000		958	42
730	7.3000		957	43
740	7.4000		957	43
750	7.5000		958	42
760	7.6000		960	40
770	7.7000		959	41
780	7.8000		962	38
790	7.9000		961	39
800	8.0000		960	40
810	8.1000		963	37
820	8.2000		962	38
830	8.3000		960	40
840	8.4000		961	39
850	8.5000		962	38
860	8.6000		962	38
870	8.7000		961	39
880	8.8000		964	36
890	8.9000		962	38
900	9.0000		963	37
910	9.1000		962	38
920	9.2000		964	36
930	9.3000		965	35
940	9.4000		967	33
950	9.5000		966	34
960	9.6000		969	31
970	9.7000		965	35
980	9.8000		963	37
990	9.9000		963	37
1000	10.0000		964	36
1010	10.1000		963	37
1020	10.2000		963	37
1030	10.3000		963	37
1040	10.4000		958	42
1050	10.5000		957	43
1060	10.6000		958	42
1070	10.7000		962	38
1080	10.8000		957	43
1090	10.9000		953	47
1100	11.0000		954	46
1110	11.1000		953	47
1120	11.2000		952	48
1130	11.3000		951	49
1140	11.4000		950	50
1150	11.5000		953	47
1160	11.6000		956	44
1170	11.7000		959	41
1180	11.8000		959	41
1190	11.9000		963	37
1200	12.0000		963	37
1210	12.1000		964	36
1220	12.2000		962	38
1230	12.3000		961	39
1240	12.4000		963	37
1250	12.5000		962	38
1260	12.6000		958	42
1270	12.7000		956	44
1280	12.8000		959	41
1290	12.9000		959	41
1300	13.0000		956	44
1310	13.1000		957	43
1320	13.2000		958	42
1330	13.3000		964	36
1340	13.4000		961	39
1350	13.5000		961	39
1360	13.6000		959	41
1370	13.7000		959	41
1380	13.8000		956	44
1390	13.9000		954	46
1400	14.0000		955	45
1410	14.1000		955	45
1420	14.2000		955	45
1430	14.3000		959	41
1440	14.4000		957	43
1450	14.5000		959	41
1460	14.6000		959	41
1470	14.7000		959	41
1480	14.8000		957	43
1490	14.9000		954	46
1500	15.0000		951	49
1510	15.1000		951	49
1520	15.2000		951	49
1530	15.3000		950	50
1540	15.4000		951	49
1550	15.5000		950	50
1560	15.6000		953	47
1570	15.7000		949	51
1580	15.8000		945	55
1590	15.9000		945	55
1600	16.0000		942	58
1610	16.1000		937	63
1620	16.2000		939	61
1630	16.3000		935	65
1640	16.4000		936	64
1650	16.5000		936	64
1660	16.6000		937	63
1670	16.7000		936	64
1680	16.8000		938	62
1690	16.9000		937	63
1700	17.0000		939	61
1710	17.1000		941	59
1720	17.2000		944	56
1730	17.3000		947	53
1740	17.4000		946	54
1750	17.5000		945	55
1760	17.6000		944	56
1770	17.7000		942	58
1780	17.8000		946	54
1790	17.9000		942	58
1800	18.0000		938	62
1810	18.1000		935	65
1820	18.2000		937	63
1830	18.3000		938	62
1840	18.4000		934	66
1850	18.5000		933	67
1860	18.6000		934	66
1870	18.7000		931	69
1880	18.8000		932	68
1890	18.9000		935	65
1900	19.0000		930	70
1910	19.1000		934	66
1920	19.2000		935	65
1930	19.3000		938	62
1940	19.4000		940	60
1950	19.5000		941	59
1960	19.6000		939	61
1970	19.7000		942	58
1980	19.8000		943	57
1990	19.9000		943	57
2000	20.0000		942	58
2010	20.1000		945	55
2020	20.2000		946	54
2030	20.3000		949	51
2040	20.4000		952	48
2050	20.5000		952	48
2060	20.6000		954	46
2070	20.7000		952	48
2080	20.8000		951	49
2090	20.9000		954	46
2100	21.0000		953	47
2110	21.1000		951	49
2120	21.2000		949	51
2130	21.3000		951	49
2140	21.4000		950	50
2150	21.5000		951	49
2160	21.6000		949	51
2170	21.7000		943	57
2180	21.8000		941	59
2190	21.9000		941	59
2200	22.0000		939	61
2210	22.1000		938	62
2220	22.2000		937	63
2230	22.3000		938	62
2240	22.4000		936	64
2250	22.5000		939	61
2260	22.6000		939	61
2270	22.7000		939	61
2280	22.8000		939	61
2290	22.9000		934	66
2300	23.0000		938	62
2310	23.1000		934	66
2320	23.2000		933	67
2330	23.3000		934	66
2340	23.4000		937	63
2350	23.5000		937	63
2360	23.6000		937	63
2370	23.7000		936	64
2380	23.8000		937	63
2390	23.9000		931	69
2400	24.0000		930	70
2410	24.1000		935	65
2420	24.2000		939	61
2430	24.3000		942	58
2440	24.4000		941	59
2450	24.5000		942	58
2460	24.6000		942	58
2470	24.7000		940	60
2480	24.8000		939	61
2490	24.9000		938	62
2500	25.0000		942	58
2510	25.1000		945	55
2520	25.2000		941	59
2530	25.3000		941	59
2540	25.4000		945	55
2550	25.5000		948	52
2560	25.6000		947	53
2570	25.7000		940	60
2580	25.8000		942	58
2590	25.9000		947	53
2600	26.0000		946	54
2610	26.1000		946	54
2620	26.2000		948	52
2630	26.3000		941	59
2640	26.4000		935	65
2650	26.5000		937	63
2660	26.6000		934	66
2670	26.7000		937	63
2680	26.8000		944	56
2690	26.9000		937	63
2700	27.0000		936	64
2710	27.1000		933	67
2720	27.2000		931	69
2730	27.3000		933	67
2740	27.4000		929	71
2750	27.5000		918	82
2760	27.6000		919	81
2770	27.7000		913	87
2780	27.8000		918	82
2790	27.9000		916	84
2800	28.0000		918	82
2810	28.1000		914	86
2820	28.2000		910	90
2830	28.3000		911	89
2840	28.4000		910	90
2850	28.5000		909	91
2860	28.6000		906	94
2870	28.7000		904	96
2880	28.8000		904	96
2890	28.9000		908	92
2900	29.0000		901	99
2910	29.1000		907	93
2920	29.2000		899	101
2930	29.3000		910	90
2940	29.4000		910	90
2950	29.5000		906	94
2960	29.6000		908	92
2970	29.7000		906	94
2980	29.8000		905	95
2990	29.9000		905	95
3000	30.0000		900	100
3010	30.1000		903	97
3020	30.2000		907	93
3030	30.3000		902	98
3040	30.4000		899	101
3050	30.5000		906	94
3060	30.6000		908	92
3070	30.7000		908	92
3080	30.8000		909	91
3090	30.9000		905	95
3100	31.0000		910	90
3110	31.1000		914	86
3120	31.2000		917	83
3130	31.3000		916	84
3140	31.4000		913	87
3150	31.5000		911	89
3160	31.6000		915	85
3170	31.7000		912	88
3180	31.8000		908	92
3190	31.9000		906	94
3200	32.0000		906	94
3210	32.1000		904	96
3220	32.2000		906	94
3230	32.3000		906	94
3240	32.4000		909	91
3250	32.5000		908	92
3260	32.6000		910	90
3270	32.7000		914	86
3280	32.8000		913	87
3290	32.9000		916	84
3300	33.0000		921	79
3310	33.1000		917	83
3320	33.2000		919	81
3330	33.3000		915	85
3340	33.4000		917	83
3350	33.5000		912	88
3360	33.6000		917	83
3370	33.7000		912	88
3380	33.8000		908	92
3390	33.9000		908	92
3400	34.0000		910	90
3410	34.1000		913	87
3420	34.2000		917	83
3430	34.3000		917	83
3440	34.4000		918	82
3450	34.5000		913	87
3460	34.6000		913	87
3470	34.7000		909	91
3480	34.8000		912	88
3490	34.9000		912	88
3500	35.0000		912	88
3510	35.1000		913	87
3520	35.2000		909	91
3530	35.3000		907	93
3540	35.4000		905	95
3550	35.5000		909	91
3560	35.6000		908	92
3570	35.7000		910	90
3580	35.8000		918	82
3590	35.9000		921	79
3600	36.0000		927	73
3610	36.1000		931	69
3620	36.2000		931	69
3630	36.3000		924	76
3640	36.4000		924	76
3650	36.5000		918	82
3660	36.6000		921	79
3670	36.7000		920	80
3680	36.8000		919	81
3690	36.9000		918	82
3700	37.0000		916	84
3710	37.1000		912	88
3720	37.2000		918	82
3730	37.3000		918	82
3740	37.4000		920	80
3750	37.5000		922	78
3760	37.6000		922	78
3770	37.7000		927	73
3780	37.8000		921	79
3790	37.9000		925	75
3800	38.0000		928	72
3810	38.1000		926	74
3820	38.2000		934	66
3830	38.3000		936	64
3840	38.4000		938	62
3850	38.5000		934	66
3860	38.6000		936	64
3870	38.7000		939	61
3880	38.8000		934	66
3890	38.9000		936	64
3900	39.0000		935	65
3910	39.1000		937	63
3920	39.2000		938	62
3930	39.3000		941	59
3940	39.4000		943	57
3950	39.5000		943	57
3960	39.6000		940	60
3970	39.7000		942	58
3980	39.8000		944	56
3990	39.9000		949	51
4000	40.0000		950	50
4010	40.1000		946	54
4020	40.2000		947	53
4030	40.3000		949	51
4040	40.4000		947	53
4050	40.5000		948	52
4060	40.6000		944	56
4070	40.7000		946	54
4080	40.8000		944	56
4090	40.9000		947	53
4100	41.0000		941	59
4110	41.1000		942	58
4120	41.2000		939	61
4130	41.3000		941	59
4140	41.4000		939	61
4150	41.5000		940	60
4160	41.6000		943	57
4170	41.7000		943	57
4180	41.8000		939	61
4190	41.9000		930	70
4200	42.0000		929	71
4210	42.1000		928	72
4220	42.2000		932	68
4230	42.3000		935	65
4240	42.4000		938	62
4250	42.5000		937	63
4260	42.6000		936	64
4270	42.7000		927	73
4280	42.8000		923	77
4290	42.9000		919	81
4300	43.0000		920	80
4310	43.1000		926	74
4320	43.2000		926	74
4330	43.3000		925	75
4340	43.4000		923	77
4350	43.5000		926	74
4360	43.6000		926	74
4370	43.7000		923	77
4380	43.8000		926	74
4390	43.9000		921	79
4400	44.0000		923	77
4410	44.1000		920	80
4420	44.2000		919	81
4430	44.3000		919	81
4440	44.4000		916	84
4450	44.5000		915	85
4460	44.6000		914	86
4470	44.7000		909	91
4480	44.8000		913	87
4490	44.9000		914	86
4500	45.0000		911	89
4510	45.1000		918	82
4520	45.2000		917	83
4530	45.3000		918	82
4540	45.4000		918	82
4550	45.5000		915	85
4560	45.6000		913	87
4570	45.7000		914	86
4580	45.8000		913	87
4590	45.9000		915	85
4600	46.0000		918	82
4610	46.1000		918	82
4620	46.2000		917	83
4630	46.3000		919	81
4640	46.4000		916	84
4650	46.5000		911	89
4660	46.6000		914	86
4670	46.7000		914	86
4680	46.8000		912	88
4690	46.9000		912	88
4700	47.0000		911	89
4710	47.1000		908	92
4720	47.2000		910	90
4730	47.3000		913	87
4740	47.4000		908	92
4750	47.5000		909	91
4760	47.6000		907	93
4770	47.7000		905	95
4780	47.8000		904	96
4790	47.9000		902	98
4800	48.0000		899	101
4810	48.1000		897	103
4820	48.2000		901	99
4830	48.3000		898	102
4840	48.4000		901	99
4850	48.5000		902	98
4860	48.6000		896	104
4870	48.7000		893	107
4880	48.8000		888	112
4890	48.9000		888	112
4900	49.0000		889	111
4910	49.1000		892	108
4920	49.2000		902	98
4930	49.3000		905	95
4940	49.4000		902	98
4950	49.5000		897	103
4960	49.6000		892	108
4970	49.7000		890	110
4980	49.8000		890	110
4990	49.9000		887	113
5000	50.0000		882	118
5010	50.1000		882	118
5020	50.2000		882	118
5030	50.3000		875	125
5040	50.4000		875	125
5050	50.5000		880	120
5060	50.6000		880	120
5070	50.7000		874	126
5080	50.8000		867	133
5090	50.9000		866	134
5100	51.0000		874	126
5110	51.1000		873	127
5120	51.2000		883	117
5130	51.3000		888	112
5140	51.4000		890	110
5150	51.5000		892	108
5160	51.6000		891	109
5170	51.7000		883	117
5180	51.8000		874	126
5190	51.9000		880	120
5200	52.0000		877	123
5210	52.1000		868	132
5220	52.2000		868	132
5230	52.3000		870	130
5240	52.4000		875	125
5250	52.5000		881	119
5260	52.6000		881	119
5270	52.7000		882	118
5280	52.8000		883	117
5290	52.9000		877	123
5300	53.0000		875	125
5310	53.1000		877	123
5320	53.2000		872	128
5330	53.3000		873	127
5340	53.4000		872	128
5350	53.5000		867	133
5360	53.6000		867	133
5370	53.7000		866	134
5380	53.8000		861	139
5390	53.9000		854	146
5400	54.0000		847	153
5410	54.1000		846	154
5420	54.2000		848	152
5430	54.3000		850	150
5440	54.4000		849	151
5450	54.5000		856	144
5460	54.6000		858	142
5470	54.7000		863	137
5480	54.8000		862	138
5490	54.9000		854	146
5500	55.0000		863	137
5510	55.1000		866	134
5520	55.2000		858	142
5530	55.3000		857	143
5540	55.4000		869	131
5550	55.5000		866	134
5560	55.6000		861	139
5570	55.7000		860	140
5580	55.8000		864	136
5590	55.9000		866	134
5600	56.0000		872	128
5610	56.1000		868	132
5620	56.2000		862	138
5630	56.3000		863	137
5640	56.4000		859	141
5650	56.5000		858	142
5660	56.6000		853	147
5670	56.7000		849	151
5680	56.8000		846	154
5690	56.9000		844	156
5700	57.0000		846	154
5710	57.1000		856	144
5720	57.2000		852	148
5730	57.3000		851	149
5740	57.4000		851	149
5750	57.5000		845	155
5760	57.6000		850	150
5770	57.7000		849	151
5780	57.8000		843	157
5790	57.9000		837	163
5800	58.0000		831	169
5810	58.1000		836	164
5820	58.2000		835	165
5830	58.3000		839	161
5840	58.4000		842	158
5850	58.5000		830	170
5860	58.6000		828	172
5870	58.7000		835	165
5880	58.8000		837	163
5890	58.9000		842	158
5900	59.0000		848	152
5910	59.1000		846	154
5920	59.2000		833	167
5930	59.3000		832	168
5940	59.4000		829	171
5950	59.5000		838	162
5960	59.6000		836	164
5970	59.7000		842	158
5980	59.8000		847	153
5990	59.9000		849	151
6000	60.0000		853	147
6010	60.1000		856	144
6020	60.2000		857	143
6030	60.3000		855	145
6040	60.4000		845	155
6050	60.5000		848	152
6060	60.6000		855	145
6070	60.7000		854	146
6080	60.8000		855	145
6090	60.9000		858	142
6100	61.0000		863	137
6110	61.1000		857	143
6120	61.2000		869	131
6130	61.3000		867	133
6140	61.4000		856	144
6150	61.5000		854	146
6160	61.6000		853	147
6170	61.7000		853	147
6180	61.8000		851	149
6190	61.9000		853	147
6200	62.0000		852	148
6210	62.1000		857	143
6220	62.2000		854	146
6230	62.3000		862	138
6240	62.4000		858	142
6250	62.5000		863	137
6260	62.6000		861	139
6270	62.7000		866	134
6280	62.8000		869	131
6290	62.9000		872	128
6300	63.0000		870	130
6310	63.1000		872	128
6320	63.2000		873	127
6330	63.3000		872	128
6340	63.4000		870	130
6350	63.5000		878	122
6360	63.6000		875	125
6370	63.7000		876	124
6380	63.8000		871	129
6390	63.9000		874	126
6400	64.0000		873	127
6410	64.1000		869	131
6420	64.2000		867	133
6430	64.3000		866	134
6440	64.4000		866	134
6450	64.5000		864	136
6460	64.6000		862	138
6470	64.7000		859	141
6480	64.8000		861	139
6490	64.9000		867	133
6500	65.0000		867	133
6510	65.1000		866	134
6520	65.2000		865	135
6530	65.3000		874	126
6540	65.4000		882	118
6550	65.5000		875	125
6560	65.6000		874	126
6570	65.7000		877	123
6580	65.8000		878	122
6590	65.9000		871	129
6600	66.0000		868	132
6610	66.1000		868	132
6620	66.2000		864	136
6630	66.3000		865	135
6640	66.4000		862	138
6650	66.5000		858	142
6660	66.6000		856	144
6670	66.7000		849	151
6680	66.8000		850	150
6690	66.9000		852	148
6700	67.0000		848	152
6710	67.1000		841	159
6720	67.2000		846	154
6730	67.3000		848	152
6740	67.4000		842	158
6750	67.5000		848	152
6760	67.6000		845	155
6770	67.7000		843	157
6780	67.8000		840	160
6790	67.9000		836	164
6800	68.0000		837	163
6810	68.1000		837	163
6820	68.2000		845	155
6830	68.3000		846	154
6840	68.4000		843	157
6850	68.5000		842	158
6860	68.6000		837	163
6870	68.7000		838	162
6880	68.8000		833	167
6890	68.9000		827	173
6900	69.0000		826	174
6910	69.1000		827	173
6920	69.2000		828	172
6930	69.3000		834	166
6940	69.4000		839	161
6950	69.5000		833	167
6960	69.6000		836	164
6970	69.7000		835	165
6980	69.8000		828	172
6990	69.9000		814	186
7000	70.0000		819	181
7010	70.1000		816	184
7020	70.2000		810	190
7030	70.3000		823	177
7040	70.4000		823	177
7050	70.5000		819	181
7060	70.6000		822	178
7070	70.7000		823	177
7080	70.8000		821	179
7090	70.9000		823	177
7100	71.0000		823	177
7110	71.1000		823	177
7120	71.2000		825	175
7130	71.3000		832	168
7140	71.4000		827	173
7150	71.5000		834	166
7160	71.6000		836	164
7170	71.7000		830	170
7180	71.8000		830	170
7190	71.9000		826	174
7200	72.0000		828	172
7210	72.1000		821	179
7220	72.2000		826	174
7230	72.3000		845	155
7240	72.4000		850	150
7250	72.5000		848	152
7260	72.6000		847	153
7270	72.7000		842	158
7280	72.8000		833	167
7290	72.9000		836	164
7300	73.0000		831	169
7310	73.1000		829	171
7320	73.2000		826	174
7330	73.3000		836	164
7340	73.4000		834	166
7350	73.5000		836	164
7360	73.6000		832	168
7370	73.7000		829	171
7380	73.8000		833	167
7390	73.9000		833	167
7400	74.0000		840	160
7410	74.1000		838	162
7420	74.2000		838	162
7430	74.3000		841	159
7440	74.4000		844	156
7450	74.5000		846	154
7460	74.6000		852	148
7470	74.7000		841	159
7480	74.8000		836	164
7490	74.9000		845	155
7500	75.0000		846	154
7510	75.1000		849	151
7520	75.2000		847	153
7530	75.3000		839	161
7540	75.4000		848	152
7550	75.5000		852	148
7560	75.6000		845	155
7570	75.7000		840	160
7580	75.8000		835	165
7590	75.9000		823	177
7600	76.0000		840	160
7610	76.1000		838	162
7620	76.2000		834	166
7630	76.3000		830	170
7640	76.4000		827	173
7650	76.5000		823	177
7660	76.6000		816	184
7670	76.7000		822	178
7680	76.8000		824	176
7690	76.9000		827	173
7700	77.0000		822	178
7710	77.1000		826	174
7720	77.2000		818	182
7730	77.3000		824	176
7740	77.4000		827	173
7750	77.5000		827	173
7760	77.6000		824	176
7770	77.7000		838	162
7780	77.8000		832	168
7790	77.9000		834	166
7800	78.0000		828	172
7810	78.1000		818	182
7820	78.2000		820	180
7830	78.3000		820	180
7840	78.4000		823	177
7850	78.5000		830	170
7860	78.6000		827	173
7870	78.7000		829	171
7880	78.8000		831	169
7890	78.9000		841	159
7900	79.0000		843	157
7910	79.1000		848	152
7920	79.2000		850	150
7930	79.3000		842	158
7940	79.4000		839	161
7950	79.5000		842	158
7960	79.6000		841	159
7970	79.7000		839	161
7980	79.8000		845	155
7990	79.9000		843	157
8000	80.0000		836	164
8010	80.1000		842	158
8020	80.2000		844	156
8030	80.3000		840	160
8040	80.4000		835	165
8050	80.5000		841	159
8060	80.6000		845	155
8070	80.7000		849	151
8080	80.8000		848	152
8090	80.9000		844	156
8100	81.0000		834	166
8110	81.1000		832	168
8120	81.2000		821	179
8130	81.3000		815	185
8140	81.4000		809	191
8150	81.5000		797	203
8160	81.6000		796	204
8170	81.7000		790	210
8180	81.8000		788	212
8190	81.9000		789	211
8200	82.0000		788	212
8210	82.1000		783	217
8220	82.2000		787	213
8230	82.3000		784	216
8240	82.4000		785	215
8250	82.5000		781	219
8260	82.6000		784	216
8270	82.7000		785	215
8280	82.8000		784	216
8290	82.9000		786	214
8300	83.0000		788	212
8310	83.1000		789	211
8320	83.2000		784	216
8330	83.3000		786	214
8340	83.4000		787	213
8350	83.5000		787	213
8360	83.6000		784	216
8370	83.7000		779	221
8380	83.8000		787	213
8390	83.9000		787	213
8400	84.0000		791	209
8410	84.1000		797	203
8420	84.2000		793	207
8430	84.3000		790	210
8440	84.4000		788	212
8450	84.5000		786	214
8460	84.6000		793	207
8470	84.7000		793	207
8480	84.8000		796	204
8490	84.9000		786	214
8500	85.0000		790	210
8510	85.1000		775	225
8520	85.2000		781	219
8530	85.3000		774	226
8540	85.4000		790	210
8550	85.5000		780	220
8560	85.6000		778	222
8570	85.7000		781	219
8580	85.8000		776	224
8590	85.9000		781	219
8600	86.0000		774	226
8610	86.1000		766	234
8620	86.2000		760	240
8630	86.3000		759	241
8640	86.4000		766	234
8650	86.5000		766	234
8660	86.6000		765	235
8670	86.7000		765	235
8680	86.8000		767	233
8690	86.9000		761	239
8700	87.0000		764	236
8710	87.1000		760	240
8720	87.2000		756	244
8730	87.3000		751	249
8740	87.4000		749	251
8750	87.5000		747	253
8760	87.6000		759	241
8770	87.7000		755	245
8780	87.8000		755	245
8790	87.9000		758	242
8800	88.0000		770	230
8810	88.1000		769	231
8820	88.2000		769	231
8830	88.3000		776	224
8840	88.4000		775	225
8850	88.5000		770	230
8860	88.6000		773	227
8870	88.7000		771	229
8880	88.8000		766	234
8890	88.9000		767	233
8900	89.0000		767	233
8910	89.1000		761	239
8920	89.2000		772	228
8930	89.3000		774	226
8940	89.4000		776	224
8950	89.5000		785	215
8960	89.6000		783	217
8970	89.7000		776	224
8980	89.8000		783	217
8990	89.9000		778	222
9000	90.0000		787	213
9010	90.1000		791	209
9020	90.2000		778	222
9030	90.3000		777	223
9040	90.4000		788	212
9050	90.5000		785	215
9060	90.6000		778	222
9070	90.7000		776	224
9080	90.8000		776	224
9090	90.9000		768	232
9100	91.0000		773	227
9110	91.1000		776	224
9120	91.2000		772	228
9130	91.3000		765	235
9140	91.4000		764	236
9150	91.5000		770	230
9160	91.6000		766	234
9170	91.7000		761	239
9180	91.8000		756	244
9190	91.9000		758	242
9200	92.0000		756	244
9210	92.1000		770	230
9220	92.2000		777	223
9230	92.3000		785	215
9240	92.4000		778	222
9250	92.5000		775	225
9260	92.6000		765	235
9270	92.7000		774	226
9280	92.8000		779	221
9290	92.9000		772	228
9300	93.0000		767	233
9310	93.1000		761	239
9320	93.2000		767	233
9330	93.3000		774	226
9340	93.4000		775	225
9350	93.5000		784	216
9360	93.6000		795	205
9370	93.7000		802	198
9380	93.8000		798	202
9390	93.9000		809	191
9400	94.0000		817	183
9410	94.1000		812	188
9420	94.2000		817	183
9430	94.3000		807	193
9440	94.4000		801	199
9450	94.5000		801	199
9460	94.6000		795	205
9470	94.7000		787	213
9480	94.8000		781	219
9490	94.9000		779	221
9500	95.0000		779	221
9510	95.1000		791	209
9520	95.2000		792	208
9530	95.3000		795	205
9540	95.4000		792	208
9550	95.5000		779	221
9560	95.6000		783	217
9570	95.7000		797	203
9580	95.8000		799	201
9590	95.9000		793	207
9600	96.0000		800	200
9610	96.1000		796	204
9620	96.2000		794	206
9630	96.3000		792	208
9640	96.4000		800	200
9650	96.5000		798	202
9660	96.6000		799	201
9670	96.7000		802	198
9680	96.8000		803	197
9690	96.9000		792	208
9700	97.0000		798	202
9710	97.1000		800	200
9720	97.2000		802	198
9730	97.3000		787	213
9740	97.4000		784	216
9750	97.5000		785	215
9760	97.6000		780	220
9770	97.7000		789	211
9780	97.8000		782	218
9790	97.9000		788	212
9800	98.0000		775	225
9810	98.1000		777	223
9820	98.2000		780	220
9830	98.3000		784	216
9840	98.4000		785	215
9850	98.5000		770	230
9860	98.6000		765	235
9870	98.7000		769	231
9880	98.8000		773	227
9890	98.9000		758	242
9900	99.0000		756	244
9910	99.1000		762	238
9920	99.2000		752	248
9930	99.3000		752	248
9940	99.4000		752	248
9950	99.5000		750	250
9960	99.6000		752	248
9970	99.7000		761	239
9980	99.8000		760	240
9990	99.9000		754	246
10000	100.0000		757	243
# Simulation completed.
