# Creating system...
# System created with N=1000 particles

# Initial state:
# Susceptibles: 999, Infected: 1

# Starting simulation...
# Step	Time		S	I
0	0.0000		999	1
10	0.1000		999	1
20	0.2000		999	1
30	0.3000		999	1
40	0.4000		999	1
50	0.5000		999	1
60	0.6000		999	1
70	0.7000		999	1
80	0.8000		999	1
90	0.9000		999	1
100	1.0000		1000	0
110	1.1000		1000	0
120	1.2000		1000	0
130	1.3000		1000	0
140	1.4000		1000	0
150	1.5000		1000	0
160	1.6000		1000	0
170	1.7000		1000	0
180	1.8000		1000	0
190	1.9000		1000	0
200	2.0000		1000	0
210	2.1000		1000	0
220	2.2000		1000	0
230	2.3000		1000	0
240	2.4000		1000	0
250	2.5000		1000	0
260	2.6000		1000	0
270	2.7000		1000	0
280	2.8000		1000	0
290	2.9000		1000	0
300	3.0000		1000	0
310	3.1000		1000	0
320	3.2000		1000	0
330	3.3000		1000	0
340	3.4000		1000	0
350	3.5000		1000	0
360	3.6000		1000	0
370	3.7000		1000	0
380	3.8000		1000	0
390	3.9000		1000	0
400	4.0000		1000	0
410	4.1000		1000	0
420	4.2000		1000	0
430	4.3000		1000	0
440	4.4000		1000	0
450	4.5000		1000	0
460	4.6000		1000	0
470	4.7000		1000	0
480	4.8000		1000	0
490	4.9000		1000	0
500	5.0000		1000	0
510	5.1000		1000	0
520	5.2000		1000	0
530	5.3000		1000	0
540	5.4000		1000	0
550	5.5000		1000	0
560	5.6000		1000	0
570	5.7000		1000	0
580	5.8000		1000	0
590	5.9000		1000	0
600	6.0000		1000	0
610	6.1000		1000	0
620	6.2000		1000	0
630	6.3000		1000	0
640	6.4000		1000	0
650	6.5000		1000	0
660	6.6000		1000	0
670	6.7000		1000	0
680	6.8000		1000	0
690	6.9000		1000	0
700	7.0000		1000	0
710	7.1000		1000	0
720	7.2000		1000	0
730	7.3000		1000	0
740	7.4000		1000	0
750	7.5000		1000	0
760	7.6000		1000	0
770	7.7000		1000	0
780	7.8000		1000	0
790	7.9000		1000	0
800	8.0000		1000	0
810	8.1000		1000	0
820	8.2000		1000	0
830	8.3000		1000	0
840	8.4000		1000	0
850	8.5000		1000	0
860	8.6000		1000	0
870	8.7000		1000	0
880	8.8000		1000	0
890	8.9000		1000	0
900	9.0000		1000	0
910	9.1000		1000	0
920	9.2000		1000	0
930	9.3000		1000	0
940	9.4000		1000	0
950	9.5000		1000	0
960	9.6000		1000	0
970	9.7000		1000	0
980	9.8000		1000	0
990	9.9000		1000	0
1000	10.0000		1000	0
1010	10.1000		1000	0
1020	10.2000		1000	0
1030	10.3000		1000	0
1040	10.4000		1000	0
1050	10.5000		1000	0
1060	10.6000		1000	0
1070	10.7000		1000	0
1080	10.8000		1000	0
1090	10.9000		1000	0
1100	11.0000		1000	0
1110	11.1000		1000	0
1120	11.2000		1000	0
1130	11.3000		1000	0
1140	11.4000		1000	0
1150	11.5000		1000	0
1160	11.6000		1000	0
1170	11.7000		1000	0
1180	11.8000		1000	0
1190	11.9000		1000	0
1200	12.0000		1000	0
1210	12.1000		1000	0
1220	12.2000		1000	0
1230	12.3000		1000	0
1240	12.4000		1000	0
1250	12.5000		1000	0
1260	12.6000		1000	0
1270	12.7000		1000	0
1280	12.8000		1000	0
1290	12.9000		1000	0
1300	13.0000		1000	0
1310	13.1000		1000	0
1320	13.2000		1000	0
1330	13.3000		1000	0
1340	13.4000		1000	0
1350	13.5000		1000	0
1360	13.6000		1000	0
1370	13.7000		1000	0
1380	13.8000		1000	0
1390	13.9000		1000	0
1400	14.0000		1000	0
1410	14.1000		1000	0
1420	14.2000		1000	0
1430	14.3000		1000	0
1440	14.4000		1000	0
1450	14.5000		1000	0
1460	14.6000		1000	0
1470	14.7000		1000	0
1480	14.8000		1000	0
1490	14.9000		1000	0
1500	15.0000		1000	0
1510	15.1000		1000	0
1520	15.2000		1000	0
1530	15.3000		1000	0
1540	15.4000		1000	0
1550	15.5000		1000	0
1560	15.6000		1000	0
1570	15.7000		1000	0
1580	15.8000		1000	0
1590	15.9000		1000	0
1600	16.0000		1000	0
1610	16.1000		1000	0
1620	16.2000		1000	0
1630	16.3000		1000	0
1640	16.4000		1000	0
1650	16.5000		1000	0
1660	16.6000		1000	0
1670	16.7000		1000	0
1680	16.8000		1000	0
1690	16.9000		1000	0
1700	17.0000		1000	0
1710	17.1000		1000	0
1720	17.2000		1000	0
1730	17.3000		1000	0
1740	17.4000		1000	0
1750	17.5000		1000	0
1760	17.6000		1000	0
1770	17.7000		1000	0
1780	17.8000		1000	0
1790	17.9000		1000	0
1800	18.0000		1000	0
1810	18.1000		1000	0
1820	18.2000		1000	0
1830	18.3000		1000	0
1840	18.4000		1000	0
1850	18.5000		1000	0
1860	18.6000		1000	0
1870	18.7000		1000	0
1880	18.8000		1000	0
1890	18.9000		1000	0
1900	19.0000		1000	0
1910	19.1000		1000	0
1920	19.2000		1000	0
1930	19.3000		1000	0
1940	19.4000		1000	0
1950	19.5000		1000	0
1960	19.6000		1000	0
1970	19.7000		1000	0
1980	19.8000		1000	0
1990	19.9000		1000	0
2000	20.0000		1000	0
2010	20.1000		1000	0
2020	20.2000		1000	0
2030	20.3000		1000	0
2040	20.4000		1000	0
2050	20.5000		1000	0
2060	20.6000		1000	0
2070	20.7000		1000	0
2080	20.8000		1000	0
2090	20.9000		1000	0
2100	21.0000		1000	0
2110	21.1000		1000	0
2120	21.2000		1000	0
2130	21.3000		1000	0
2140	21.4000		1000	0
2150	21.5000		1000	0
2160	21.6000		1000	0
2170	21.7000		1000	0
2180	21.8000		1000	0
2190	21.9000		1000	0
2200	22.0000		1000	0
2210	22.1000		1000	0
2220	22.2000		1000	0
2230	22.3000		1000	0
2240	22.4000		1000	0
2250	22.5000		1000	0
2260	22.6000		1000	0
2270	22.7000		1000	0
2280	22.8000		1000	0
2290	22.9000		1000	0
2300	23.0000		1000	0
2310	23.1000		1000	0
2320	23.2000		1000	0
2330	23.3000		1000	0
2340	23.4000		1000	0
2350	23.5000		1000	0
2360	23.6000		1000	0
2370	23.7000		1000	0
2380	23.8000		1000	0
2390	23.9000		1000	0
2400	24.0000		1000	0
2410	24.1000		1000	0
2420	24.2000		1000	0
2430	24.3000		1000	0
2440	24.4000		1000	0
2450	24.5000		1000	0
2460	24.6000		1000	0
2470	24.7000		1000	0
2480	24.8000		1000	0
2490	24.9000		1000	0
2500	25.0000		1000	0
2510	25.1000		1000	0
2520	25.2000		1000	0
2530	25.3000		1000	0
2540	25.4000		1000	0
2550	25.5000		1000	0
2560	25.6000		1000	0
2570	25.7000		1000	0
2580	25.8000		1000	0
2590	25.9000		1000	0
2600	26.0000		1000	0
2610	26.1000		1000	0
2620	26.2000		1000	0
2630	26.3000		1000	0
2640	26.4000		1000	0
2650	26.5000		1000	0
2660	26.6000		1000	0
2670	26.7000		1000	0
2680	26.8000		1000	0
2690	26.9000		1000	0
2700	27.0000		1000	0
2710	27.1000		1000	0
2720	27.2000		1000	0
2730	27.3000		1000	0
2740	27.4000		1000	0
2750	27.5000		1000	0
2760	27.6000		1000	0
2770	27.7000		1000	0
2780	27.8000		1000	0
2790	27.9000		1000	0
2800	28.0000		1000	0
2810	28.1000		1000	0
2820	28.2000		1000	0
2830	28.3000		1000	0
2840	28.4000		1000	0
2850	28.5000		1000	0
2860	28.6000		1000	0
2870	28.7000		1000	0
2880	28.8000		1000	0
2890	28.9000		1000	0
2900	29.0000		1000	0
2910	29.1000		1000	0
2920	29.2000		1000	0
2930	29.3000		1000	0
2940	29.4000		1000	0
2950	29.5000		1000	0
2960	29.6000		1000	0
2970	29.7000		1000	0
2980	29.8000		1000	0
2990	29.9000		1000	0
3000	30.0000		1000	0
3010	30.1000		1000	0
3020	30.2000		1000	0
3030	30.3000		1000	0
3040	30.4000		1000	0
3050	30.5000		1000	0
3060	30.6000		1000	0
3070	30.7000		1000	0
3080	30.8000		1000	0
3090	30.9000		1000	0
3100	31.0000		1000	0
3110	31.1000		1000	0
3120	31.2000		1000	0
3130	31.3000		1000	0
3140	31.4000		1000	0
3150	31.5000		1000	0
3160	31.6000		1000	0
3170	31.7000		1000	0
3180	31.8000		1000	0
3190	31.9000		1000	0
3200	32.0000		1000	0
3210	32.1000		1000	0
3220	32.2000		1000	0
3230	32.3000		1000	0
3240	32.4000		1000	0
3250	32.5000		1000	0
3260	32.6000		1000	0
3270	32.7000		1000	0
3280	32.8000		1000	0
3290	32.9000		1000	0
3300	33.0000		1000	0
3310	33.1000		1000	0
3320	33.2000		1000	0
3330	33.3000		1000	0
3340	33.4000		1000	0
3350	33.5000		1000	0
3360	33.6000		1000	0
3370	33.7000		1000	0
3380	33.8000		1000	0
3390	33.9000		1000	0
3400	34.0000		1000	0
3410	34.1000		1000	0
3420	34.2000		1000	0
3430	34.3000		1000	0
3440	34.4000		1000	0
3450	34.5000		1000	0
3460	34.6000		1000	0
3470	34.7000		1000	0
3480	34.8000		1000	0
3490	34.9000		1000	0
3500	35.0000		1000	0
3510	35.1000		1000	0
3520	35.2000		1000	0
3530	35.3000		1000	0
3540	35.4000		1000	0
3550	35.5000		1000	0
3560	35.6000		1000	0
3570	35.7000		1000	0
3580	35.8000		1000	0
3590	35.9000		1000	0
3600	36.0000		1000	0
3610	36.1000		1000	0
3620	36.2000		1000	0
3630	36.3000		1000	0
3640	36.4000		1000	0
3650	36.5000		1000	0
3660	36.6000		1000	0
3670	36.7000		1000	0
3680	36.8000		1000	0
3690	36.9000		1000	0
3700	37.0000		1000	0
3710	37.1000		1000	0
3720	37.2000		1000	0
3730	37.3000		1000	0
3740	37.4000		1000	0
3750	37.5000		1000	0
3760	37.6000		1000	0
3770	37.7000		1000	0
3780	37.8000		1000	0
3790	37.9000		1000	0
3800	38.0000		1000	0
3810	38.1000		1000	0
3820	38.2000		1000	0
3830	38.3000		1000	0
3840	38.4000		1000	0
3850	38.5000		1000	0
3860	38.6000		1000	0
3870	38.7000		1000	0
3880	38.8000		1000	0
3890	38.9000		1000	0
3900	39.0000		1000	0
3910	39.1000		1000	0
3920	39.2000		1000	0
3930	39.3000		1000	0
3940	39.4000		1000	0
3950	39.5000		1000	0
3960	39.6000		1000	0
3970	39.7000		1000	0
3980	39.8000		1000	0
3990	39.9000		1000	0
4000	40.0000		1000	0
4010	40.1000		1000	0
4020	40.2000		1000	0
4030	40.3000		1000	0
4040	40.4000		1000	0
4050	40.5000		1000	0
4060	40.6000		1000	0
4070	40.7000		1000	0
4080	40.8000		1000	0
4090	40.9000		1000	0
4100	41.0000		1000	0
4110	41.1000		1000	0
4120	41.2000		1000	0
4130	41.3000		1000	0
4140	41.4000		1000	0
4150	41.5000		1000	0
4160	41.6000		1000	0
4170	41.7000		1000	0
4180	41.8000		1000	0
4190	41.9000		1000	0
4200	42.0000		1000	0
4210	42.1000		1000	0
4220	42.2000		1000	0
4230	42.3000		1000	0
4240	42.4000		1000	0
4250	42.5000		1000	0
4260	42.6000		1000	0
4270	42.7000		1000	0
4280	42.8000		1000	0
4290	42.9000		1000	0
4300	43.0000		1000	0
4310	43.1000		1000	0
4320	43.2000		1000	0
4330	43.3000		1000	0
4340	43.4000		1000	0
4350	43.5000		1000	0
4360	43.6000		1000	0
4370	43.7000		1000	0
4380	43.8000		1000	0
4390	43.9000		1000	0
4400	44.0000		1000	0
4410	44.1000		1000	0
4420	44.2000		1000	0
4430	44.3000		1000	0
4440	44.4000		1000	0
4450	44.5000		1000	0
4460	44.6000		1000	0
4470	44.7000		1000	0
4480	44.8000		1000	0
4490	44.9000		1000	0
4500	45.0000		1000	0
4510	45.1000		1000	0
4520	45.2000		1000	0
4530	45.3000		1000	0
4540	45.4000		1000	0
4550	45.5000		1000	0
4560	45.6000		1000	0
4570	45.7000		1000	0
4580	45.8000		1000	0
4590	45.9000		1000	0
4600	46.0000		1000	0
4610	46.1000		1000	0
4620	46.2000		1000	0
4630	46.3000		1000	0
4640	46.4000		1000	0
4650	46.5000		1000	0
4660	46.6000		1000	0
4670	46.7000		1000	0
4680	46.8000		1000	0
4690	46.9000		1000	0
4700	47.0000		1000	0
4710	47.1000		1000	0
4720	47.2000		1000	0
4730	47.3000		1000	0
4740	47.4000		1000	0
4750	47.5000		1000	0
4760	47.6000		1000	0
4770	47.7000		1000	0
4780	47.8000		1000	0
4790	47.9000		1000	0
4800	48.0000		1000	0
4810	48.1000		1000	0
4820	48.2000		1000	0
4830	48.3000		1000	0
4840	48.4000		1000	0
4850	48.5000		1000	0
4860	48.6000		1000	0
4870	48.7000		1000	0
4880	48.8000		1000	0
4890	48.9000		1000	0
4900	49.0000		1000	0
4910	49.1000		1000	0
4920	49.2000		1000	0
4930	49.3000		1000	0
4940	49.4000		1000	0
4950	49.5000		1000	0
4960	49.6000		1000	0
4970	49.7000		1000	0
4980	49.8000		1000	0
4990	49.9000		1000	0
5000	50.0000		1000	0
5010	50.1000		1000	0
5020	50.2000		1000	0
5030	50.3000		1000	0
5040	50.4000		1000	0
5050	50.5000		1000	0
5060	50.6000		1000	0
5070	50.7000		1000	0
5080	50.8000		1000	0
5090	50.9000		1000	0
5100	51.0000		1000	0
5110	51.1000		1000	0
5120	51.2000		1000	0
5130	51.3000		1000	0
5140	51.4000		1000	0
5150	51.5000		1000	0
5160	51.6000		1000	0
5170	51.7000		1000	0
5180	51.8000		1000	0
5190	51.9000		1000	0
5200	52.0000		1000	0
5210	52.1000		1000	0
5220	52.2000		1000	0
5230	52.3000		1000	0
5240	52.4000		1000	0
5250	52.5000		1000	0
5260	52.6000		1000	0
5270	52.7000		1000	0
5280	52.8000		1000	0
5290	52.9000		1000	0
5300	53.0000		1000	0
5310	53.1000		1000	0
5320	53.2000		1000	0
5330	53.3000		1000	0
5340	53.4000		1000	0
5350	53.5000		1000	0
5360	53.6000		1000	0
5370	53.7000		1000	0
5380	53.8000		1000	0
5390	53.9000		1000	0
5400	54.0000		1000	0
5410	54.1000		1000	0
5420	54.2000		1000	0
5430	54.3000		1000	0
5440	54.4000		1000	0
5450	54.5000		1000	0
5460	54.6000		1000	0
5470	54.7000		1000	0
5480	54.8000		1000	0
5490	54.9000		1000	0
5500	55.0000		1000	0
5510	55.1000		1000	0
5520	55.2000		1000	0
5530	55.3000		1000	0
5540	55.4000		1000	0
5550	55.5000		1000	0
5560	55.6000		1000	0
5570	55.7000		1000	0
5580	55.8000		1000	0
5590	55.9000		1000	0
5600	56.0000		1000	0
5610	56.1000		1000	0
5620	56.2000		1000	0
5630	56.3000		1000	0
5640	56.4000		1000	0
5650	56.5000		1000	0
5660	56.6000		1000	0
5670	56.7000		1000	0
5680	56.8000		1000	0
5690	56.9000		1000	0
5700	57.0000		1000	0
5710	57.1000		1000	0
5720	57.2000		1000	0
5730	57.3000		1000	0
5740	57.4000		1000	0
5750	57.5000		1000	0
5760	57.6000		1000	0
5770	57.7000		1000	0
5780	57.8000		1000	0
5790	57.9000		1000	0
5800	58.0000		1000	0
5810	58.1000		1000	0
5820	58.2000		1000	0
5830	58.3000		1000	0
5840	58.4000		1000	0
5850	58.5000		1000	0
5860	58.6000		1000	0
5870	58.7000		1000	0
5880	58.8000		1000	0
5890	58.9000		1000	0
5900	59.0000		1000	0
5910	59.1000		1000	0
5920	59.2000		1000	0
5930	59.3000		1000	0
5940	59.4000		1000	0
5950	59.5000		1000	0
5960	59.6000		1000	0
5970	59.7000		1000	0
5980	59.8000		1000	0
5990	59.9000		1000	0
6000	60.0000		1000	0
6010	60.1000		1000	0
6020	60.2000		1000	0
6030	60.3000		1000	0
6040	60.4000		1000	0
6050	60.5000		1000	0
6060	60.6000		1000	0
6070	60.7000		1000	0
6080	60.8000		1000	0
6090	60.9000		1000	0
6100	61.0000		1000	0
6110	61.1000		1000	0
6120	61.2000		1000	0
6130	61.3000		1000	0
6140	61.4000		1000	0
6150	61.5000		1000	0
6160	61.6000		1000	0
6170	61.7000		1000	0
6180	61.8000		1000	0
6190	61.9000		1000	0
6200	62.0000		1000	0
6210	62.1000		1000	0
6220	62.2000		1000	0
6230	62.3000		1000	0
6240	62.4000		1000	0
6250	62.5000		1000	0
6260	62.6000		1000	0
6270	62.7000		1000	0
6280	62.8000		1000	0
6290	62.9000		1000	0
6300	63.0000		1000	0
6310	63.1000		1000	0
6320	63.2000		1000	0
6330	63.3000		1000	0
6340	63.4000		1000	0
6350	63.5000		1000	0
6360	63.6000		1000	0
6370	63.7000		1000	0
6380	63.8000		1000	0
6390	63.9000		1000	0
6400	64.0000		1000	0
6410	64.1000		1000	0
6420	64.2000		1000	0
6430	64.3000		1000	0
6440	64.4000		1000	0
6450	64.5000		1000	0
6460	64.6000		1000	0
6470	64.7000		1000	0
6480	64.8000		1000	0
6490	64.9000		1000	0
6500	65.0000		1000	0
6510	65.1000		1000	0
6520	65.2000		1000	0
6530	65.3000		1000	0
6540	65.4000		1000	0
6550	65.5000		1000	0
6560	65.6000		1000	0
6570	65.7000		1000	0
6580	65.8000		1000	0
6590	65.9000		1000	0
6600	66.0000		1000	0
6610	66.1000		1000	0
6620	66.2000		1000	0
6630	66.3000		1000	0
6640	66.4000		1000	0
6650	66.5000		1000	0
6660	66.6000		1000	0
6670	66.7000		1000	0
6680	66.8000		1000	0
6690	66.9000		1000	0
6700	67.0000		1000	0
6710	67.1000		1000	0
6720	67.2000		1000	0
6730	67.3000		1000	0
6740	67.4000		1000	0
6750	67.5000		1000	0
6760	67.6000		1000	0
6770	67.7000		1000	0
6780	67.8000		1000	0
6790	67.9000		1000	0
6800	68.0000		1000	0
6810	68.1000		1000	0
6820	68.2000		1000	0
6830	68.3000		1000	0
6840	68.4000		1000	0
6850	68.5000		1000	0
6860	68.6000		1000	0
6870	68.7000		1000	0
6880	68.8000		1000	0
6890	68.9000		1000	0
6900	69.0000		1000	0
6910	69.1000		1000	0
6920	69.2000		1000	0
6930	69.3000		1000	0
6940	69.4000		1000	0
6950	69.5000		1000	0
6960	69.6000		1000	0
6970	69.7000		1000	0
6980	69.8000		1000	0
6990	69.9000		1000	0
7000	70.0000		1000	0
7010	70.1000		1000	0
7020	70.2000		1000	0
7030	70.3000		1000	0
7040	70.4000		1000	0
7050	70.5000		1000	0
7060	70.6000		1000	0
7070	70.7000		1000	0
7080	70.8000		1000	0
7090	70.9000		1000	0
7100	71.0000		1000	0
7110	71.1000		1000	0
7120	71.2000		1000	0
7130	71.3000		1000	0
7140	71.4000		1000	0
7150	71.5000		1000	0
7160	71.6000		1000	0
7170	71.7000		1000	0
7180	71.8000		1000	0
7190	71.9000		1000	0
7200	72.0000		1000	0
7210	72.1000		1000	0
7220	72.2000		1000	0
7230	72.3000		1000	0
7240	72.4000		1000	0
7250	72.5000		1000	0
7260	72.6000		1000	0
7270	72.7000		1000	0
7280	72.8000		1000	0
7290	72.9000		1000	0
7300	73.0000		1000	0
7310	73.1000		1000	0
7320	73.2000		1000	0
7330	73.3000		1000	0
7340	73.4000		1000	0
7350	73.5000		1000	0
7360	73.6000		1000	0
7370	73.7000		1000	0
7380	73.8000		1000	0
7390	73.9000		1000	0
7400	74.0000		1000	0
7410	74.1000		1000	0
7420	74.2000		1000	0
7430	74.3000		1000	0
7440	74.4000		1000	0
7450	74.5000		1000	0
7460	74.6000		1000	0
7470	74.7000		1000	0
7480	74.8000		1000	0
7490	74.9000		1000	0
7500	75.0000		1000	0
7510	75.1000		1000	0
7520	75.2000		1000	0
7530	75.3000		1000	0
7540	75.4000		1000	0
7550	75.5000		1000	0
7560	75.6000		1000	0
7570	75.7000		1000	0
7580	75.8000		1000	0
7590	75.9000		1000	0
7600	76.0000		1000	0
7610	76.1000		1000	0
7620	76.2000		1000	0
7630	76.3000		1000	0
7640	76.4000		1000	0
7650	76.5000		1000	0
7660	76.6000		1000	0
7670	76.7000		1000	0
7680	76.8000		1000	0
7690	76.9000		1000	0
7700	77.0000		1000	0
7710	77.1000		1000	0
7720	77.2000		1000	0
7730	77.3000		1000	0
7740	77.4000		1000	0
7750	77.5000		1000	0
7760	77.6000		1000	0
7770	77.7000		1000	0
7780	77.8000		1000	0
7790	77.9000		1000	0
7800	78.0000		1000	0
7810	78.1000		1000	0
7820	78.2000		1000	0
7830	78.3000		1000	0
7840	78.4000		1000	0
7850	78.5000		1000	0
7860	78.6000		1000	0
7870	78.7000		1000	0
7880	78.8000		1000	0
7890	78.9000		1000	0
7900	79.0000		1000	0
7910	79.1000		1000	0
7920	79.2000		1000	0
7930	79.3000		1000	0
7940	79.4000		1000	0
7950	79.5000		1000	0
7960	79.6000		1000	0
7970	79.7000		1000	0
7980	79.8000		1000	0
7990	79.9000		1000	0
8000	80.0000		1000	0
8010	80.1000		1000	0
8020	80.2000		1000	0
8030	80.3000		1000	0
8040	80.4000		1000	0
8050	80.5000		1000	0
8060	80.6000		1000	0
8070	80.7000		1000	0
8080	80.8000		1000	0
8090	80.9000		1000	0
8100	81.0000		1000	0
8110	81.1000		1000	0
8120	81.2000		1000	0
8130	81.3000		1000	0
8140	81.4000		1000	0
8150	81.5000		1000	0
8160	81.6000		1000	0
8170	81.7000		1000	0
8180	81.8000		1000	0
8190	81.9000		1000	0
8200	82.0000		1000	0
8210	82.1000		1000	0
8220	82.2000		1000	0
8230	82.3000		1000	0
8240	82.4000		1000	0
8250	82.5000		1000	0
8260	82.6000		1000	0
8270	82.7000		1000	0
8280	82.8000		1000	0
8290	82.9000		1000	0
8300	83.0000		1000	0
8310	83.1000		1000	0
8320	83.2000		1000	0
8330	83.3000		1000	0
8340	83.4000		1000	0
8350	83.5000		1000	0
8360	83.6000		1000	0
8370	83.7000		1000	0
8380	83.8000		1000	0
8390	83.9000		1000	0
8400	84.0000		1000	0
8410	84.1000		1000	0
8420	84.2000		1000	0
8430	84.3000		1000	0
8440	84.4000		1000	0
8450	84.5000		1000	0
8460	84.6000		1000	0
8470	84.7000		1000	0
8480	84.8000		1000	0
8490	84.9000		1000	0
8500	85.0000		1000	0
8510	85.1000		1000	0
8520	85.2000		1000	0
8530	85.3000		1000	0
8540	85.4000		1000	0
8550	85.5000		1000	0
8560	85.6000		1000	0
8570	85.7000		1000	0
8580	85.8000		1000	0
8590	85.9000		1000	0
8600	86.0000		1000	0
8610	86.1000		1000	0
8620	86.2000		1000	0
8630	86.3000		1000	0
8640	86.4000		1000	0
8650	86.5000		1000	0
8660	86.6000		1000	0
8670	86.7000		1000	0
8680	86.8000		1000	0
8690	86.9000		1000	0
8700	87.0000		1000	0
8710	87.1000		1000	0
8720	87.2000		1000	0
8730	87.3000		1000	0
8740	87.4000		1000	0
8750	87.5000		1000	0
8760	87.6000		1000	0
8770	87.7000		1000	0
8780	87.8000		1000	0
8790	87.9000		1000	0
8800	88.0000		1000	0
8810	88.1000		1000	0
8820	88.2000		1000	0
8830	88.3000		1000	0
8840	88.4000		1000	0
8850	88.5000		1000	0
8860	88.6000		1000	0
8870	88.7000		1000	0
8880	88.8000		1000	0
8890	88.9000		1000	0
8900	89.0000		1000	0
8910	89.1000		1000	0
8920	89.2000		1000	0
8930	89.3000		1000	0
8940	89.4000		1000	0
8950	89.5000		1000	0
8960	89.6000		1000	0
8970	89.7000		1000	0
8980	89.8000		1000	0
8990	89.9000		1000	0
9000	90.0000		1000	0
9010	90.1000		1000	0
9020	90.2000		1000	0
9030	90.3000		1000	0
9040	90.4000		1000	0
9050	90.5000		1000	0
9060	90.6000		1000	0
9070	90.7000		1000	0
9080	90.8000		1000	0
9090	90.9000		1000	0
9100	91.0000		1000	0
9110	91.1000		1000	0
9120	91.2000		1000	0
9130	91.3000		1000	0
9140	91.4000		1000	0
9150	91.5000		1000	0
9160	91.6000		1000	0
9170	91.7000		1000	0
9180	91.8000		1000	0
9190	91.9000		1000	0
9200	92.0000		1000	0
9210	92.1000		1000	0
9220	92.2000		1000	0
9230	92.3000		1000	0
9240	92.4000		1000	0
9250	92.5000		1000	0
9260	92.6000		1000	0
9270	92.7000		1000	0
9280	92.8000		1000	0
9290	92.9000		1000	0
9300	93.0000		1000	0
9310	93.1000		1000	0
9320	93.2000		1000	0
9330	93.3000		1000	0
9340	93.4000		1000	0
9350	93.5000		1000	0
9360	93.6000		1000	0
9370	93.7000		1000	0
9380	93.8000		1000	0
9390	93.9000		1000	0
9400	94.0000		1000	0
9410	94.1000		1000	0
9420	94.2000		1000	0
9430	94.3000		1000	0
9440	94.4000		1000	0
9450	94.5000		1000	0
9460	94.6000		1000	0
9470	94.7000		1000	0
9480	94.8000		1000	0
9490	94.9000		1000	0
9500	95.0000		1000	0
9510	95.1000		1000	0
9520	95.2000		1000	0
9530	95.3000		1000	0
9540	95.4000		1000	0
9550	95.5000		1000	0
9560	95.6000		1000	0
9570	95.7000		1000	0
9580	95.8000		1000	0
9590	95.9000		1000	0
9600	96.0000		1000	0
9610	96.1000		1000	0
9620	96.2000		1000	0
9630	96.3000		1000	0
9640	96.4000		1000	0
9650	96.5000		1000	0
9660	96.6000		1000	0
9670	96.7000		1000	0
9680	96.8000		1000	0
9690	96.9000		1000	0
9700	97.0000		1000	0
9710	97.1000		1000	0
9720	97.2000		1000	0
9730	97.3000		1000	0
9740	97.4000		1000	0
9750	97.5000		1000	0
9760	97.6000		1000	0
9770	97.7000		1000	0
9780	97.8000		1000	0
9790	97.9000		1000	0
9800	98.0000		1000	0
9810	98.1000		1000	0
9820	98.2000		1000	0
9830	98.3000		1000	0
9840	98.4000		1000	0
9850	98.5000		1000	0
9860	98.6000		1000	0
9870	98.7000		1000	0
9880	98.8000		1000	0
9890	98.9000		1000	0
9900	99.0000		1000	0
9910	99.1000		1000	0
9920	99.2000		1000	0
9930	99.3000		1000	0
9940	99.4000		1000	0
9950	99.5000		1000	0
9960	99.6000		1000	0
9970	99.7000		1000	0
9980	99.8000		1000	0
9990	99.9000		1000	0
10000	100.0000		1000	0
# Simulation completed.
