# Creating system...
# System created with N=1000 particles

# Initial state:
# Susceptibles: 999, Infected: 1

# Starting simulation...
# Step	Time		S	I
0	0.0000		999	1
10	0.1000		999	1
20	0.2000		998	2
30	0.3000		996	4
40	0.4000		996	4
50	0.5000		996	4
60	0.6000		996	4
70	0.7000		995	5
80	0.8000		993	7
90	0.9000		993	7
100	1.0000		993	7
110	1.1000		993	7
120	1.2000		992	8
130	1.3000		989	11
140	1.4000		987	13
150	1.5000		988	12
160	1.6000		987	13
170	1.7000		989	11
180	1.8000		989	11
190	1.9000		990	10
200	2.0000		990	10
210	2.1000		989	11
220	2.2000		988	12
230	2.3000		984	16
240	2.4000		987	13
250	2.5000		987	13
260	2.6000		985	15
270	2.7000		984	16
280	2.8000		986	14
290	2.9000		987	13
300	3.0000		989	11
310	3.1000		990	10
320	3.2000		988	12
330	3.3000		988	12
340	3.4000		988	12
350	3.5000		989	11
360	3.6000		989	11
370	3.7000		989	11
380	3.8000		987	13
390	3.9000		988	12
400	4.0000		989	11
410	4.1000		988	12
420	4.2000		990	10
430	4.3000		990	10
440	4.4000		991	9
450	4.5000		988	12
460	4.6000		986	14
470	4.7000		983	17
480	4.8000		981	19
490	4.9000		978	22
500	5.0000		979	21
510	5.1000		977	23
520	5.2000		979	21
530	5.3000		975	25
540	5.4000		973	27
550	5.5000		976	24
560	5.6000		974	26
570	5.7000		969	31
580	5.8000		967	33
590	5.9000		964	36
600	6.0000		965	35
610	6.1000		969	31
620	6.2000		970	30
630	6.3000		966	34
640	6.4000		965	35
650	6.5000		965	35
660	6.6000		960	40
670	6.7000		959	41
680	6.8000		961	39
690	6.9000		962	38
700	7.0000		963	37
710	7.1000		962	38
720	7.2000		956	44
730	7.3000		955	45
740	7.4000		961	39
750	7.5000		960	40
760	7.6000		962	38
770	7.7000		956	44
780	7.8000		956	44
790	7.9000		955	45
800	8.0000		957	43
810	8.1000		957	43
820	8.2000		957	43
830	8.3000		954	46
840	8.4000		954	46
850	8.5000		954	46
860	8.6000		951	49
870	8.7000		950	50
880	8.8000		949	51
890	8.9000		951	49
900	9.0000		952	48
910	9.1000		953	47
920	9.2000		952	48
930	9.3000		954	46
940	9.4000		953	47
950	9.5000		954	46
960	9.6000		957	43
970	9.7000		960	40
980	9.8000		957	43
990	9.9000		958	42
1000	10.0000		960	40
1010	10.1000		959	41
1020	10.2000		961	39
1030	10.3000		958	42
1040	10.4000		956	44
1050	10.5000		957	43
1060	10.6000		960	40
1070	10.7000		958	42
1080	10.8000		954	46
1090	10.9000		954	46
1100	11.0000		952	48
1110	11.1000		951	49
1120	11.2000		954	46
1130	11.3000		955	45
1140	11.4000		957	43
1150	11.5000		960	40
1160	11.6000		958	42
1170	11.7000		958	42
1180	11.8000		960	40
1190	11.9000		957	43
1200	12.0000		961	39
1210	12.1000		961	39
1220	12.2000		963	37
1230	12.3000		963	37
1240	12.4000		962	38
1250	12.5000		962	38
1260	12.6000		961	39
1270	12.7000		962	38
1280	12.8000		963	37
1290	12.9000		963	37
1300	13.0000		967	33
1310	13.1000		965	35
1320	13.2000		962	38
1330	13.3000		956	44
1340	13.4000		957	43
1350	13.5000		961	39
1360	13.6000		958	42
1370	13.7000		955	45
1380	13.8000		958	42
1390	13.9000		949	51
1400	14.0000		947	53
1410	14.1000		949	51
1420	14.2000		949	51
1430	14.3000		949	51
1440	14.4000		946	54
1450	14.5000		951	49
1460	14.6000		941	59
1470	14.7000		950	50
1480	14.8000		950	50
1490	14.9000		955	45
1500	15.0000		957	43
1510	15.1000		954	46
1520	15.2000		955	45
1530	15.3000		956	44
1540	15.4000		956	44
1550	15.5000		952	48
1560	15.6000		948	52
1570	15.7000		950	50
1580	15.8000		951	49
1590	15.9000		949	51
1600	16.0000		944	56
1610	16.1000		945	55
1620	16.2000		946	54
1630	16.3000		944	56
1640	16.4000		949	51
1650	16.5000		952	48
1660	16.6000		951	49
1670	16.7000		948	52
1680	16.8000		943	57
1690	16.9000		950	50
1700	17.0000		954	46
1710	17.1000		948	52
1720	17.2000		947	53
1730	17.3000		943	57
1740	17.4000		937	63
1750	17.5000		935	65
1760	17.6000		936	64
1770	17.7000		942	58
1780	17.8000		938	62
1790	17.9000		939	61
1800	18.0000		939	61
1810	18.1000		935	65
1820	18.2000		939	61
1830	18.3000		940	60
1840	18.4000		943	57
1850	18.5000		949	51
1860	18.6000		946	54
1870	18.7000		951	49
1880	18.8000		952	48
1890	18.9000		953	47
1900	19.0000		955	45
1910	19.1000		951	49
1920	19.2000		950	50
1930	19.3000		948	52
1940	19.4000		945	55
1950	19.5000		935	65
1960	19.6000		933	67
1970	19.7000		932	68
1980	19.8000		937	63
1990	19.9000		936	64
2000	20.0000		939	61
2010	20.1000		938	62
2020	20.2000		946	54
2030	20.3000		949	51
2040	20.4000		951	49
2050	20.5000		951	49
2060	20.6000		947	53
2070	20.7000		948	52
2080	20.8000		944	56
2090	20.9000		942	58
2100	21.0000		938	62
2110	21.1000		938	62
2120	21.2000		940	60
2130	21.3000		934	66
2140	21.4000		940	60
2150	21.5000		936	64
2160	21.6000		939	61
2170	21.7000		934	66
2180	21.8000		935	65
2190	21.9000		937	63
2200	22.0000		937	63
2210	22.1000		942	58
2220	22.2000		940	60
2230	22.3000		938	62
2240	22.4000		939	61
2250	22.5000		941	59
2260	22.6000		941	59
2270	22.7000		942	58
2280	22.8000		941	59
2290	22.9000		938	62
2300	23.0000		937	63
2310	23.1000		934	66
2320	23.2000		937	63
2330	23.3000		937	63
2340	23.4000		942	58
2350	23.5000		942	58
2360	23.6000		936	64
2370	23.7000		927	73
2380	23.8000		924	76
2390	23.9000		922	78
2400	24.0000		923	77
2410	24.1000		924	76
2420	24.2000		927	73
2430	24.3000		923	77
2440	24.4000		922	78
2450	24.5000		927	73
2460	24.6000		929	71
2470	24.7000		929	71
2480	24.8000		931	69
2490	24.9000		924	76
2500	25.0000		923	77
2510	25.1000		925	75
2520	25.2000		926	74
2530	25.3000		924	76
2540	25.4000		926	74
2550	25.5000		928	72
2560	25.6000		930	70
2570	25.7000		926	74
2580	25.8000		918	82
2590	25.9000		917	83
2600	26.0000		916	84
2610	26.1000		916	84
2620	26.2000		917	83
2630	26.3000		921	79
2640	26.4000		913	87
2650	26.5000		913	87
2660	26.6000		920	80
2670	26.7000		919	81
2680	26.8000		920	80
2690	26.9000		918	82
2700	27.0000		916	84
2710	27.1000		920	80
2720	27.2000		921	79
2730	27.3000		925	75
2740	27.4000		929	71
2750	27.5000		926	74
2760	27.6000		930	70
2770	27.7000		923	77
2780	27.8000		930	70
2790	27.9000		933	67
2800	28.0000		936	64
2810	28.1000		934	66
2820	28.2000		935	65
2830	28.3000		935	65
2840	28.4000		934	66
2850	28.5000		935	65
2860	28.6000		931	69
2870	28.7000		929	71
2880	28.8000		927	73
2890	28.9000		931	69
2900	29.0000		927	73
2910	29.1000		926	74
2920	29.2000		924	76
2930	29.3000		926	74
2940	29.4000		927	73
2950	29.5000		932	68
2960	29.6000		932	68
2970	29.7000		930	70
2980	29.8000		925	75
2990	29.9000		929	71
3000	30.0000		933	67
3010	30.1000		935	65
3020	30.2000		932	68
3030	30.3000		932	68
3040	30.4000		928	72
3050	30.5000		933	67
3060	30.6000		931	69
3070	30.7000		930	70
3080	30.8000		931	69
3090	30.9000		933	67
3100	31.0000		926	74
3110	31.1000		926	74
3120	31.2000		928	72
3130	31.3000		932	68
3140	31.4000		924	76
3150	31.5000		922	78
3160	31.6000		924	76
3170	31.7000		925	75
3180	31.8000		925	75
3190	31.9000		919	81
3200	32.0000		921	79
3210	32.1000		922	78
3220	32.2000		921	79
3230	32.3000		916	84
3240	32.4000		922	78
3250	32.5000		925	75
3260	32.6000		924	76
3270	32.7000		924	76
3280	32.8000		918	82
3290	32.9000		918	82
3300	33.0000		920	80
3310	33.1000		918	82
3320	33.2000		919	81
3330	33.3000		922	78
3340	33.4000		923	77
3350	33.5000		925	75
3360	33.6000		918	82
3370	33.7000		917	83
3380	33.8000		918	82
3390	33.9000		920	80
3400	34.0000		920	80
3410	34.1000		925	75
3420	34.2000		917	83
3430	34.3000		917	83
3440	34.4000		915	85
3450	34.5000		916	84
3460	34.6000		921	79
3470	34.7000		920	80
3480	34.8000		920	80
3490	34.9000		916	84
3500	35.0000		908	92
3510	35.1000		906	94
3520	35.2000		910	90
3530	35.3000		907	93
3540	35.4000		910	90
3550	35.5000		908	92
3560	35.6000		911	89
3570	35.7000		909	91
3580	35.8000		909	91
3590	35.9000		909	91
3600	36.0000		901	99
3610	36.1000		903	97
3620	36.2000		901	99
3630	36.3000		895	105
3640	36.4000		889	111
3650	36.5000		887	113
3660	36.6000		887	113
3670	36.7000		883	117
3680	36.8000		883	117
3690	36.9000		882	118
3700	37.0000		878	122
3710	37.1000		882	118
3720	37.2000		885	115
3730	37.3000		889	111
3740	37.4000		891	109
3750	37.5000		895	105
3760	37.6000		892	108
3770	37.7000		886	114
3780	37.8000		888	112
3790	37.9000		889	111
3800	38.0000		895	105
3810	38.1000		895	105
3820	38.2000		893	107
3830	38.3000		894	106
3840	38.4000		894	106
3850	38.5000		905	95
3860	38.6000		912	88
3870	38.7000		906	94
3880	38.8000		894	106
3890	38.9000		890	110
3900	39.0000		889	111
3910	39.1000		883	117
3920	39.2000		884	116
3930	39.3000		880	120
3940	39.4000		891	109
3950	39.5000		896	104
3960	39.6000		893	107
3970	39.7000		896	104
3980	39.8000		902	98
3990	39.9000		904	96
4000	40.0000		904	96
4010	40.1000		901	99
4020	40.2000		905	95
4030	40.3000		896	104
4040	40.4000		890	110
4050	40.5000		899	101
4060	40.6000		900	100
4070	40.7000		902	98
4080	40.8000		904	96
4090	40.9000		907	93
4100	41.0000		902	98
4110	41.1000		900	100
4120	41.2000		913	87
4130	41.3000		913	87
4140	41.4000		910	90
4150	41.5000		911	89
4160	41.6000		913	87
4170	41.7000		913	87
4180	41.8000		909	91
4190	41.9000		907	93
4200	42.0000		901	99
4210	42.1000		904	96
4220	42.2000		910	90
4230	42.3000		918	82
4240	42.4000		911	89
4250	42.5000		915	85
4260	42.6000		914	86
4270	42.7000		911	89
4280	42.8000		916	84
4290	42.9000		914	86
4300	43.0000		916	84
4310	43.1000		922	78
4320	43.2000		923	77
4330	43.3000		922	78
4340	43.4000		920	80
4350	43.5000		925	75
4360	43.6000		921	79
4370	43.7000		923	77
4380	43.8000		925	75
4390	43.9000		923	77
4400	44.0000		923	77
4410	44.1000		925	75
4420	44.2000		922	78
4430	44.3000		918	82
4440	44.4000		916	84
4450	44.5000		914	86
4460	44.6000		914	86
4470	44.7000		915	85
4480	44.8000		915	85
4490	44.9000		919	81
4500	45.0000		917	83
4510	45.1000		917	83
4520	45.2000		915	85
4530	45.3000		922	78
4540	45.4000		926	74
4550	45.5000		921	79
4560	45.6000		922	78
4570	45.7000		920	80
4580	45.8000		917	83
4590	45.9000		920	80
4600	46.0000		921	79
4610	46.1000		923	77
4620	46.2000		924	76
4630	46.3000		922	78
4640	46.4000		917	83
4650	46.5000		913	87
4660	46.6000		913	87
4670	46.7000		908	92
4680	46.8000		908	92
4690	46.9000		913	87
4700	47.0000		911	89
4710	47.1000		908	92
4720	47.2000		906	94
4730	47.3000		901	99
4740	47.4000		905	95
4750	47.5000		913	87
4760	47.6000		906	94
4770	47.7000		899	101
4780	47.8000		897	103
4790	47.9000		901	99
4800	48.0000		906	94
4810	48.1000		904	96
4820	48.2000		906	94
4830	48.3000		900	100
4840	48.4000		901	99
4850	48.5000		906	94
4860	48.6000		912	88
4870	48.7000		916	84
4880	48.8000		913	87
4890	48.9000		913	87
4900	49.0000		914	86
4910	49.1000		905	95
4920	49.2000		904	96
4930	49.3000		901	99
4940	49.4000		896	104
4950	49.5000		895	105
4960	49.6000		895	105
4970	49.7000		889	111
4980	49.8000		893	107
4990	49.9000		902	98
5000	50.0000		904	96
5010	50.1000		911	89
5020	50.2000		908	92
5030	50.3000		907	93
5040	50.4000		904	96
5050	50.5000		898	102
5060	50.6000		900	100
5070	50.7000		897	103
5080	50.8000		896	104
5090	50.9000		892	108
5100	51.0000		896	104
5110	51.1000		896	104
5120	51.2000		895	105
5130	51.3000		897	103
5140	51.4000		902	98
5150	51.5000		898	102
5160	51.6000		896	104
5170	51.7000		892	108
5180	51.8000		886	114
5190	51.9000		885	115
5200	52.0000		882	118
5210	52.1000		883	117
5220	52.2000		882	118
5230	52.3000		882	118
5240	52.4000		882	118
5250	52.5000		876	124
5260	52.6000		882	118
5270	52.7000		883	117
5280	52.8000		892	108
5290	52.9000		893	107
5300	53.0000		884	116
5310	53.1000		885	115
5320	53.2000		887	113
5330	53.3000		891	109
5340	53.4000		888	112
5350	53.5000		887	113
5360	53.6000		886	114
5370	53.7000		890	110
5380	53.8000		897	103
5390	53.9000		900	100
5400	54.0000		899	101
5410	54.1000		899	101
5420	54.2000		894	106
5430	54.3000		895	105
5440	54.4000		903	97
5450	54.5000		899	101
5460	54.6000		904	96
5470	54.7000		907	93
5480	54.8000		910	90
5490	54.9000		903	97
5500	55.0000		908	92
5510	55.1000		905	95
5520	55.2000		907	93
5530	55.3000		908	92
5540	55.4000		907	93
5550	55.5000		907	93
5560	55.6000		909	91
5570	55.7000		912	88
5580	55.8000		918	82
5590	55.9000		921	79
5600	56.0000		918	82
5610	56.1000		912	88
5620	56.2000		902	98
5630	56.3000		902	98
5640	56.4000		906	94
5650	56.5000		909	91
5660	56.6000		904	96
5670	56.7000		911	89
5680	56.8000		910	90
5690	56.9000		910	90
5700	57.0000		908	92
5710	57.1000		911	89
5720	57.2000		909	91
5730	57.3000		904	96
5740	57.4000		906	94
5750	57.5000		904	96
5760	57.6000		909	91
5770	57.7000		906	94
5780	57.8000		912	88
5790	57.9000		912	88
5800	58.0000		918	82
5810	58.1000		914	86
5820	58.2000		915	85
5830	58.3000		916	84
5840	58.4000		921	79
5850	58.5000		924	76
5860	58.6000		917	83
5870	58.7000		920	80
5880	58.8000		918	82
5890	58.9000		925	75
5900	59.0000		927	73
5910	59.1000		929	71
5920	59.2000		932	68
5930	59.3000		928	72
5940	59.4000		931	69
5950	59.5000		936	64
5960	59.6000		935	65
5970	59.7000		938	62
5980	59.8000		937	63
5990	59.9000		930	70
6000	60.0000		927	73
6010	60.1000		926	74
6020	60.2000		933	67
6030	60.3000		935	65
6040	60.4000		928	72
6050	60.5000		932	68
6060	60.6000		925	75
6070	60.7000		926	74
6080	60.8000		926	74
6090	60.9000		929	71
6100	61.0000		926	74
6110	61.1000		922	78
6120	61.2000		922	78
6130	61.3000		915	85
6140	61.4000		911	89
6150	61.5000		907	93
6160	61.6000		907	93
6170	61.7000		911	89
6180	61.8000		905	95
6190	61.9000		907	93
6200	62.0000		907	93
6210	62.1000		902	98
6220	62.2000		905	95
6230	62.3000		898	102
6240	62.4000		905	95
6250	62.5000		909	91
6260	62.6000		907	93
6270	62.7000		909	91
6280	62.8000		911	89
6290	62.9000		907	93
6300	63.0000		909	91
6310	63.1000		909	91
6320	63.2000		909	91
6330	63.3000		908	92
6340	63.4000		906	94
6350	63.5000		906	94
6360	63.6000		911	89
6370	63.7000		913	87
6380	63.8000		912	88
6390	63.9000		914	86
6400	64.0000		913	87
6410	64.1000		922	78
6420	64.2000		926	74
6430	64.3000		921	79
6440	64.4000		919	81
6450	64.5000		910	90
6460	64.6000		915	85
6470	64.7000		916	84
6480	64.8000		921	79
6490	64.9000		921	79
6500	65.0000		916	84
6510	65.1000		920	80
6520	65.2000		922	78
6530	65.3000		920	80
6540	65.4000		919	81
6550	65.5000		919	81
6560	65.6000		920	80
6570	65.7000		922	78
6580	65.8000		925	75
6590	65.9000		929	71
6600	66.0000		920	80
6610	66.1000		920	80
6620	66.2000		926	74
6630	66.3000		922	78
6640	66.4000		921	79
6650	66.5000		918	82
6660	66.6000		918	82
6670	66.7000		914	86
6680	66.8000		917	83
6690	66.9000		913	87
6700	67.0000		911	89
6710	67.1000		907	93
6720	67.2000		903	97
6730	67.3000		903	97
6740	67.4000		908	92
6750	67.5000		906	94
6760	67.6000		901	99
6770	67.7000		897	103
6780	67.8000		895	105
6790	67.9000		901	99
6800	68.0000		897	103
6810	68.1000		892	108
6820	68.2000		894	106
6830	68.3000		900	100
6840	68.4000		901	99
6850	68.5000		895	105
6860	68.6000		899	101
6870	68.7000		909	91
6880	68.8000		912	88
6890	68.9000		909	91
6900	69.0000		912	88
6910	69.1000		906	94
6920	69.2000		913	87
6930	69.3000		914	86
6940	69.4000		911	89
6950	69.5000		914	86
6960	69.6000		915	85
6970	69.7000		917	83
6980	69.8000		911	89
6990	69.9000		912	88
7000	70.0000		905	95
7010	70.1000		904	96
7020	70.2000		908	92
7030	70.3000		915	85
7040	70.4000		910	90
7050	70.5000		915	85
7060	70.6000		906	94
7070	70.7000		903	97
7080	70.8000		908	92
7090	70.9000		906	94
7100	71.0000		905	95
7110	71.1000		896	104
7120	71.2000		891	109
7130	71.3000		892	108
7140	71.4000		898	102
7150	71.5000		902	98
7160	71.6000		901	99
7170	71.7000		901	99
7180	71.8000		898	102
7190	71.9000		901	99
7200	72.0000		899	101
7210	72.1000		898	102
7220	72.2000		902	98
7230	72.3000		901	99
7240	72.4000		901	99
7250	72.5000		906	94
7260	72.6000		909	91
7270	72.7000		911	89
7280	72.8000		911	89
7290	72.9000		911	89
7300	73.0000		902	98
7310	73.1000		897	103
7320	73.2000		898	102
7330	73.3000		903	97
7340	73.4000		903	97
7350	73.5000		912	88
7360	73.6000		910	90
7370	73.7000		915	85
7380	73.8000		918	82
7390	73.9000		916	84
7400	74.0000		913	87
7410	74.1000		913	87
7420	74.2000		912	88
7430	74.3000		915	85
7440	74.4000		912	88
7450	74.5000		912	88
7460	74.6000		914	86
7470	74.7000		914	86
7480	74.8000		910	90
7490	74.9000		912	88
7500	75.0000		911	89
7510	75.1000		916	84
7520	75.2000		915	85
7530	75.3000		911	89
7540	75.4000		904	96
7550	75.5000		903	97
7560	75.6000		906	94
7570	75.7000		909	91
7580	75.8000		913	87
7590	75.9000		915	85
7600	76.0000		916	84
7610	76.1000		916	84
7620	76.2000		927	73
7630	76.3000		926	74
7640	76.4000		926	74
7650	76.5000		927	73
7660	76.6000		928	72
7670	76.7000		926	74
7680	76.8000		928	72
7690	76.9000		928	72
7700	77.0000		933	67
7710	77.1000		937	63
7720	77.2000		931	69
7730	77.3000		931	69
7740	77.4000		934	66
7750	77.5000		929	71
7760	77.6000		931	69
7770	77.7000		926	74
7780	77.8000		924	76
7790	77.9000		923	77
7800	78.0000		920	80
7810	78.1000		921	79
7820	78.2000		921	79
7830	78.3000		923	77
7840	78.4000		919	81
7850	78.5000		913	87
7860	78.6000		916	84
7870	78.7000		912	88
7880	78.8000		902	98
7890	78.9000		902	98
7900	79.0000		907	93
7910	79.1000		915	85
7920	79.2000		912	88
7930	79.3000		912	88
7940	79.4000		915	85
7950	79.5000		913	87
7960	79.6000		918	82
7970	79.7000		918	82
7980	79.8000		916	84
7990	79.9000		919	81
8000	80.0000		924	76
8010	80.1000		928	72
8020	80.2000		924	76
8030	80.3000		923	77
8040	80.4000		922	78
8050	80.5000		923	77
8060	80.6000		916	84
8070	80.7000		912	88
8080	80.8000		908	92
8090	80.9000		905	95
8100	81.0000		902	98
8110	81.1000		904	96
8120	81.2000		901	99
8130	81.3000		903	97
8140	81.4000		898	102
8150	81.5000		904	96
8160	81.6000		906	94
8170	81.7000		902	98
8180	81.8000		903	97
8190	81.9000		908	92
8200	82.0000		907	93
8210	82.1000		910	90
8220	82.2000		915	85
8230	82.3000		918	82
8240	82.4000		912	88
8250	82.5000		911	89
8260	82.6000		912	88
8270	82.7000		912	88
8280	82.8000		913	87
8290	82.9000		908	92
8300	83.0000		913	87
8310	83.1000		912	88
8320	83.2000		907	93
8330	83.3000		910	90
8340	83.4000		908	92
8350	83.5000		909	91
8360	83.6000		909	91
8370	83.7000		907	93
8380	83.8000		906	94
8390	83.9000		906	94
8400	84.0000		909	91
8410	84.1000		905	95
8420	84.2000		914	86
8430	84.3000		912	88
8440	84.4000		904	96
8450	84.5000		907	93
8460	84.6000		911	89
8470	84.7000		912	88
8480	84.8000		910	90
8490	84.9000		906	94
8500	85.0000		908	92
8510	85.1000		908	92
8520	85.2000		907	93
8530	85.3000		899	101
8540	85.4000		902	98
8550	85.5000		905	95
8560	85.6000		906	94
8570	85.7000		897	103
8580	85.8000		900	100
8590	85.9000		900	100
8600	86.0000		905	95
8610	86.1000		909	91
8620	86.2000		906	94
8630	86.3000		909	91
8640	86.4000		905	95
8650	86.5000		906	94
8660	86.6000		900	100
8670	86.7000		901	99
8680	86.8000		899	101
8690	86.9000		897	103
8700	87.0000		890	110
8710	87.1000		892	108
8720	87.2000		886	114
8730	87.3000		882	118
8740	87.4000		885	115
8750	87.5000		887	113
8760	87.6000		885	115
8770	87.7000		891	109
8780	87.8000		894	106
8790	87.9000		895	105
8800	88.0000		892	108
8810	88.1000		894	106
8820	88.2000		899	101
8830	88.3000		896	104
8840	88.4000		897	103
8850	88.5000		895	105
8860	88.6000		898	102
8870	88.7000		901	99
8880	88.8000		900	100
8890	88.9000		896	104
8900	89.0000		899	101
8910	89.1000		896	104
8920	89.2000		897	103
8930	89.3000		904	96
8940	89.4000		907	93
8950	89.5000		910	90
8960	89.6000		911	89
8970	89.7000		911	89
8980	89.8000		910	90
8990	89.9000		902	98
9000	90.0000		902	98
9010	90.1000		903	97
9020	90.2000		905	95
9030	90.3000		904	96
9040	90.4000		910	90
9050	90.5000		912	88
9060	90.6000		916	84
9070	90.7000		918	82
9080	90.8000		917	83
9090	90.9000		914	86
9100	91.0000		915	85
9110	91.1000		918	82
9120	91.2000		922	78
9130	91.3000		926	74
9140	91.4000		924	76
9150	91.5000		927	73
9160	91.6000		923	77
9170	91.7000		918	82
9180	91.8000		919	81
9190	91.9000		921	79
9200	92.0000		918	82
9210	92.1000		912	88
9220	92.2000		917	83
9230	92.3000		917	83
9240	92.4000		912	88
9250	92.5000		912	88
9260	92.6000		909	91
9270	92.7000		909	91
9280	92.8000		908	92
9290	92.9000		897	103
9300	93.0000		897	103
9310	93.1000		900	100
9320	93.2000		902	98
9330	93.3000		906	94
9340	93.4000		911	89
9350	93.5000		909	91
9360	93.6000		906	94
9370	93.7000		904	96
9380	93.8000		898	102
9390	93.9000		895	105
9400	94.0000		891	109
9410	94.1000		890	110
9420	94.2000		892	108
9430	94.3000		894	106
9440	94.4000		897	103
9450	94.5000		897	103
9460	94.6000		900	100
9470	94.7000		896	104
9480	94.8000		890	110
9490	94.9000		891	109
9500	95.0000		893	107
9510	95.1000		905	95
9520	95.2000		902	98
9530	95.3000		900	100
9540	95.4000		897	103
9550	95.5000		893	107
9560	95.6000		899	101
9570	95.7000		906	94
9580	95.8000		904	96
9590	95.9000		912	88
9600	96.0000		907	93
9610	96.1000		901	99
9620	96.2000		911	89
9630	96.3000		912	88
9640	96.4000		908	92
9650	96.5000		909	91
9660	96.6000		908	92
9670	96.7000		902	98
9680	96.8000		902	98
9690	96.9000		908	92
9700	97.0000		908	92
9710	97.1000		908	92
9720	97.2000		908	92
9730	97.3000		906	94
9740	97.4000		906	94
9750	97.5000		893	107
9760	97.6000		898	102
9770	97.7000		900	100
9780	97.8000		903	97
9790	97.9000		906	94
9800	98.0000		912	88
9810	98.1000		911	89
9820	98.2000		904	96
9830	98.3000		903	97
9840	98.4000		912	88
9850	98.5000		907	93
9860	98.6000		910	90
9870	98.7000		906	94
9880	98.8000		905	95
9890	98.9000		905	95
9900	99.0000		904	96
9910	99.1000		903	97
9920	99.2000		905	95
9930	99.3000		907	93
9940	99.4000		905	95
9950	99.5000		909	91
9960	99.6000		919	81
9970	99.7000		914	86
9980	99.8000		919	81
9990	99.9000		925	75
10000	100.0000		919	81
# Simulation completed.
