# Creating system...
# System created with N=1000 particles

# Initial state:
# Susceptibles: 999, Infected: 1

# Starting simulation...
# Step	Time		S	I
0	0.0000		999	1
10	0.1000		999	1
20	0.2000		999	1
30	0.3000		998	2
40	0.4000		996	4
50	0.5000		997	3
60	0.6000		997	3
70	0.7000		997	3
80	0.8000		998	2
90	0.9000		998	2
100	1.0000		998	2
110	1.1000		998	2
120	1.2000		995	5
130	1.3000		994	6
140	1.4000		991	9
150	1.5000		991	9
160	1.6000		989	11
170	1.7000		986	14
180	1.8000		984	16
190	1.9000		983	17
200	2.0000		983	17
210	2.1000		983	17
220	2.2000		983	17
230	2.3000		983	17
240	2.4000		980	20
250	2.5000		979	21
260	2.6000		981	19
270	2.7000		979	21
280	2.8000		977	23
290	2.9000		974	26
300	3.0000		974	26
310	3.1000		972	28
320	3.2000		970	30
330	3.3000		970	30
340	3.4000		970	30
350	3.5000		971	29
360	3.6000		970	30
370	3.7000		968	32
380	3.8000		971	29
390	3.9000		972	28
400	4.0000		970	30
410	4.1000		967	33
420	4.2000		967	33
430	4.3000		967	33
440	4.4000		962	38
450	4.5000		959	41
460	4.6000		958	42
470	4.7000		958	42
480	4.8000		952	48
490	4.9000		947	53
500	5.0000		948	52
510	5.1000		952	48
520	5.2000		951	49
530	5.3000		948	52
540	5.4000		945	55
550	5.5000		943	57
560	5.6000		940	60
570	5.7000		943	57
580	5.8000		939	61
590	5.9000		942	58
600	6.0000		939	61
610	6.1000		939	61
620	6.2000		931	69
630	6.3000		926	74
640	6.4000		928	72
650	6.5000		928	72
660	6.6000		935	65
670	6.7000		936	64
680	6.8000		936	64
690	6.9000		939	61
700	7.0000		938	62
710	7.1000		943	57
720	7.2000		941	59
730	7.3000		937	63
740	7.4000		935	65
750	7.5000		930	70
760	7.6000		923	77
770	7.7000		924	76
780	7.8000		918	82
790	7.9000		916	84
800	8.0000		917	83
810	8.1000		918	82
820	8.2000		917	83
830	8.3000		916	84
840	8.4000		907	93
850	8.5000		902	98
860	8.6000		903	97
870	8.7000		906	94
880	8.8000		906	94
890	8.9000		906	94
900	9.0000		902	98
910	9.1000		898	102
920	9.2000		896	104
930	9.3000		886	114
940	9.4000		887	113
950	9.5000		882	118
960	9.6000		882	118
970	9.7000		879	121
980	9.8000		876	124
990	9.9000		871	129
1000	10.0000		871	129
1010	10.1000		867	133
1020	10.2000		863	137
1030	10.3000		865	135
1040	10.4000		864	136
1050	10.5000		866	134
1060	10.6000		858	142
1070	10.7000		855	145
1080	10.8000		852	148
1090	10.9000		854	146
1100	11.0000		844	156
1110	11.1000		840	160
1120	11.2000		836	164
1130	11.3000		836	164
1140	11.4000		826	174
1150	11.5000		831	169
1160	11.6000		833	167
1170	11.7000		824	176
1180	11.8000		822	178
1190	11.9000		827	173
1200	12.0000		830	170
1210	12.1000		830	170
1220	12.2000		823	177
1230	12.3000		818	182
1240	12.4000		808	192
1250	12.5000		806	194
1260	12.6000		800	200
1270	12.7000		798	202
1280	12.8000		799	201
1290	12.9000		796	204
1300	13.0000		794	206
1310	13.1000		789	211
1320	13.2000		777	223
1330	13.3000		766	234
1340	13.4000		750	250
1350	13.5000		755	245
1360	13.6000		745	255
1370	13.7000		748	252
1380	13.8000		751	249
1390	13.9000		750	250
1400	14.0000		748	252
1410	14.1000		741	259
1420	14.2000		749	251
1430	14.3000		747	253
1440	14.4000		751	249
1450	14.5000		729	271
1460	14.6000		717	283
1470	14.7000		714	286
1480	14.8000		704	296
1490	14.9000		696	304
1500	15.0000		700	300
1510	15.1000		708	292
1520	15.2000		719	281
1530	15.3000		714	286
1540	15.4000		706	294
1550	15.5000		701	299
1560	15.6000		698	302
1570	15.7000		694	306
1580	15.8000		700	300
1590	15.9000		701	299
1600	16.0000		694	306
1610	16.1000		695	305
1620	16.2000		691	309
1630	16.3000		694	306
1640	16.4000		687	313
1650	16.5000		701	299
1660	16.6000		700	300
1670	16.7000		691	309
1680	16.8000		694	306
1690	16.9000		697	303
1700	17.0000		703	297
1710	17.1000		706	294
1720	17.2000		709	291
1730	17.3000		706	294
1740	17.4000		700	300
1750	17.5000		696	304
1760	17.6000		687	313
1770	17.7000		698	302
1780	17.8000		701	299
1790	17.9000		702	298
1800	18.0000		696	304
1810	18.1000		684	316
1820	18.2000		674	326
1830	18.3000		669	331
1840	18.4000		667	333
1850	18.5000		669	331
1860	18.6000		676	324
1870	18.7000		686	314
1880	18.8000		686	314
1890	18.9000		683	317
1900	19.0000		658	342
1910	19.1000		642	358
1920	19.2000		645	355
1930	19.3000		645	355
1940	19.4000		632	368
1950	19.5000		624	376
1960	19.6000		612	388
1970	19.7000		607	393
1980	19.8000		594	406
1990	19.9000		595	405
2000	20.0000		592	408
2010	20.1000		594	406
2020	20.2000		585	415
2030	20.3000		603	397
2040	20.4000		608	392
2050	20.5000		612	388
2060	20.6000		619	381
2070	20.7000		624	376
2080	20.8000		629	371
2090	20.9000		605	395
2100	21.0000		602	398
2110	21.1000		605	395
2120	21.2000		595	405
2130	21.3000		596	404
2140	21.4000		586	414
2150	21.5000		594	406
2160	21.6000		592	408
2170	21.7000		580	420
2180	21.8000		561	439
2190	21.9000		561	439
2200	22.0000		553	447
2210	22.1000		559	441
2220	22.2000		548	452
2230	22.3000		536	464
2240	22.4000		536	464
2250	22.5000		534	466
2260	22.6000		525	475
2270	22.7000		524	476
2280	22.8000		524	476
2290	22.9000		515	485
2300	23.0000		511	489
2310	23.1000		501	499
2320	23.2000		508	492
2330	23.3000		501	499
2340	23.4000		513	487
2350	23.5000		524	476
2360	23.6000		523	477
2370	23.7000		511	489
2380	23.8000		503	497
2390	23.9000		516	484
2400	24.0000		511	489
2410	24.1000		519	481
2420	24.2000		511	489
2430	24.3000		504	496
2440	24.4000		504	496
2450	24.5000		505	495
2460	24.6000		486	514
2470	24.7000		499	501
2480	24.8000		504	496
2490	24.9000		497	503
2500	25.0000		493	507
2510	25.1000		487	513
2520	25.2000		476	524
2530	25.3000		472	528
2540	25.4000		477	523
2550	25.5000		495	505
2560	25.6000		496	504
2570	25.7000		479	521
2580	25.8000		479	521
2590	25.9000		473	527
2600	26.0000		471	529
2610	26.1000		464	536
2620	26.2000		460	540
2630	26.3000		485	515
2640	26.4000		483	517
2650	26.5000		479	521
2660	26.6000		483	517
2670	26.7000		468	532
2680	26.8000		471	529
2690	26.9000		484	516
2700	27.0000		478	522
2710	27.1000		472	528
2720	27.2000		478	522
2730	27.3000		464	536
2740	27.4000		463	537
2750	27.5000		465	535
2760	27.6000		458	542
2770	27.7000		449	551
2780	27.8000		449	551
2790	27.9000		436	564
2800	28.0000		446	554
2810	28.1000		439	561
2820	28.2000		434	566
2830	28.3000		435	565
2840	28.4000		429	571
2850	28.5000		433	567
2860	28.6000		434	566
2870	28.7000		439	561
2880	28.8000		440	560
2890	28.9000		440	560
2900	29.0000		450	550
2910	29.1000		456	544
2920	29.2000		447	553
2930	29.3000		455	545
2940	29.4000		466	534
2950	29.5000		456	544
2960	29.6000		448	552
2970	29.7000		450	550
2980	29.8000		456	544
2990	29.9000		471	529
3000	30.0000		475	525
3010	30.1000		473	527
3020	30.2000		472	528
3030	30.3000		472	528
3040	30.4000		458	542
3050	30.5000		466	534
3060	30.6000		470	530
3070	30.7000		469	531
3080	30.8000		443	557
3090	30.9000		448	552
3100	31.0000		442	558
3110	31.1000		453	547
3120	31.2000		444	556
3130	31.3000		461	539
3140	31.4000		442	558
3150	31.5000		433	567
3160	31.6000		439	561
3170	31.7000		433	567
3180	31.8000		445	555
3190	31.9000		429	571
3200	32.0000		432	568
3210	32.1000		452	548
3220	32.2000		453	547
3230	32.3000		449	551
3240	32.4000		457	543
3250	32.5000		456	544
3260	32.6000		460	540
3270	32.7000		460	540
3280	32.8000		464	536
3290	32.9000		459	541
3300	33.0000		458	542
3310	33.1000		458	542
3320	33.2000		446	554
3330	33.3000		452	548
3340	33.4000		445	555
3350	33.5000		446	554
3360	33.6000		458	542
3370	33.7000		451	549
3380	33.8000		473	527
3390	33.9000		462	538
3400	34.0000		458	542
3410	34.1000		465	535
3420	34.2000		468	532
3430	34.3000		454	546
3440	34.4000		441	559
3450	34.5000		432	568
3460	34.6000		449	551
3470	34.7000		454	546
3480	34.8000		459	541
3490	34.9000		455	545
3500	35.0000		459	541
3510	35.1000		462	538
3520	35.2000		464	536
3530	35.3000		470	530
3540	35.4000		491	509
3550	35.5000		471	529
3560	35.6000		466	534
3570	35.7000		480	520
3580	35.8000		466	534
3590	35.9000		475	525
3600	36.0000		485	515
3610	36.1000		475	525
3620	36.2000		460	540
3630	36.3000		473	527
3640	36.4000		484	516
3650	36.5000		469	531
3660	36.6000		465	535
3670	36.7000		486	514
3680	36.8000		482	518
3690	36.9000		473	527
3700	37.0000		464	536
3710	37.1000		476	524
3720	37.2000		478	522
3730	37.3000		472	528
3740	37.4000		475	525
3750	37.5000		467	533
3760	37.6000		472	528
3770	37.7000		473	527
3780	37.8000		477	523
3790	37.9000		480	520
3800	38.0000		473	527
3810	38.1000		480	520
3820	38.2000		491	509
3830	38.3000		481	519
3840	38.4000		488	512
3850	38.5000		477	523
3860	38.6000		488	512
3870	38.7000		483	517
3880	38.8000		473	527
3890	38.9000		470	530
3900	39.0000		476	524
3910	39.1000		486	514
3920	39.2000		511	489
3930	39.3000		510	490
3940	39.4000		497	503
3950	39.5000		511	489
3960	39.6000		513	487
3970	39.7000		500	500
3980	39.8000		475	525
3990	39.9000		493	507
4000	40.0000		496	504
4010	40.1000		481	519
4020	40.2000		477	523
4030	40.3000		472	528
4040	40.4000		465	535
4050	40.5000		471	529
4060	40.6000		485	515
4070	40.7000		486	514
4080	40.8000		503	497
4090	40.9000		503	497
4100	41.0000		511	489
4110	41.1000		487	513
4120	41.2000		497	503
4130	41.3000		486	514
4140	41.4000		481	519
4150	41.5000		463	537
4160	41.6000		463	537
4170	41.7000		465	535
4180	41.8000		460	540
4190	41.9000		470	530
4200	42.0000		462	538
4210	42.1000		460	540
4220	42.2000		480	520
4230	42.3000		479	521
4240	42.4000		484	516
4250	42.5000		482	518
4260	42.6000		467	533
4270	42.7000		466	534
4280	42.8000		473	527
4290	42.9000		467	533
4300	43.0000		468	532
4310	43.1000		461	539
4320	43.2000		460	540
4330	43.3000		480	520
4340	43.4000		490	510
4350	43.5000		485	515
4360	43.6000		489	511
4370	43.7000		470	530
4380	43.8000		470	530
4390	43.9000		483	517
4400	44.0000		486	514
4410	44.1000		491	509
4420	44.2000		498	502
4430	44.3000		477	523
4440	44.4000		478	522
4450	44.5000		480	520
4460	44.6000		483	517
4470	44.7000		502	498
4480	44.8000		509	491
4490	44.9000		521	479
4500	45.0000		509	491
4510	45.1000		521	479
4520	45.2000		520	480
4530	45.3000		527	473
4540	45.4000		513	487
4550	45.5000		504	496
4560	45.6000		487	513
4570	45.7000		487	513
4580	45.8000		493	507
4590	45.9000		496	504
4600	46.0000		490	510
4610	46.1000		495	505
4620	46.2000		490	510
4630	46.3000		483	517
4640	46.4000		482	518
4650	46.5000		484	516
4660	46.6000		476	524
4670	46.7000		475	525
4680	46.8000		484	516
4690	46.9000		469	531
4700	47.0000		478	522
4710	47.1000		476	524
4720	47.2000		487	513
4730	47.3000		485	515
4740	47.4000		494	506
4750	47.5000		483	517
4760	47.6000		485	515
4770	47.7000		482	518
4780	47.8000		476	524
4790	47.9000		477	523
4800	48.0000		478	522
4810	48.1000		472	528
4820	48.2000		477	523
4830	48.3000		493	507
4840	48.4000		484	516
4850	48.5000		483	517
4860	48.6000		473	527
4870	48.7000		471	529
4880	48.8000		464	536
4890	48.9000		448	552
4900	49.0000		469	531
4910	49.1000		471	529
4920	49.2000		471	529
4930	49.3000		463	537
4940	49.4000		473	527
4950	49.5000		459	541
4960	49.6000		452	548
4970	49.7000		469	531
4980	49.8000		474	526
4990	49.9000		479	521
5000	50.0000		475	525
5010	50.1000		471	529
5020	50.2000		474	526
5030	50.3000		474	526
5040	50.4000		486	514
5050	50.5000		488	512
5060	50.6000		500	500
5070	50.7000		507	493
5080	50.8000		523	477
5090	50.9000		520	480
5100	51.0000		506	494
5110	51.1000		506	494
5120	51.2000		506	494
5130	51.3000		501	499
5140	51.4000		491	509
5150	51.5000		492	508
5160	51.6000		474	526
5170	51.7000		475	525
5180	51.8000		481	519
5190	51.9000		472	528
5200	52.0000		471	529
5210	52.1000		477	523
5220	52.2000		477	523
5230	52.3000		484	516
5240	52.4000		481	519
5250	52.5000		475	525
5260	52.6000		470	530
5270	52.7000		472	528
5280	52.8000		487	513
5290	52.9000		504	496
5300	53.0000		508	492
5310	53.1000		510	490
5320	53.2000		505	495
5330	53.3000		498	502
5340	53.4000		488	512
5350	53.5000		478	522
5360	53.6000		461	539
5370	53.7000		463	537
5380	53.8000		462	538
5390	53.9000		456	544
5400	54.0000		464	536
5410	54.1000		467	533
5420	54.2000		463	537
5430	54.3000		446	554
5440	54.4000		433	567
5450	54.5000		446	554
5460	54.6000		451	549
5470	54.7000		480	520
5480	54.8000		458	542
5490	54.9000		461	539
5500	55.0000		469	531
5510	55.1000		477	523
5520	55.2000		459	541
5530	55.3000		454	546
5540	55.4000		458	542
5550	55.5000		457	543
5560	55.6000		466	534
5570	55.7000		475	525
5580	55.8000		465	535
5590	55.9000		469	531
5600	56.0000		471	529
5610	56.1000		451	549
5620	56.2000		459	541
5630	56.3000		443	557
5640	56.4000		428	572
5650	56.5000		437	563
5660	56.6000		436	564
5670	56.7000		427	573
5680	56.8000		432	568
5690	56.9000		438	562
5700	57.0000		432	568
5710	57.1000		429	571
5720	57.2000		435	565
5730	57.3000		432	568
5740	57.4000		432	568
5750	57.5000		452	548
5760	57.6000		444	556
5770	57.7000		437	563
5780	57.8000		437	563
5790	57.9000		444	556
5800	58.0000		445	555
5810	58.1000		439	561
5820	58.2000		445	555
5830	58.3000		456	544
5840	58.4000		472	528
5850	58.5000		476	524
5860	58.6000		485	515
5870	58.7000		478	522
5880	58.8000		477	523
5890	58.9000		478	522
5900	59.0000		480	520
5910	59.1000		481	519
5920	59.2000		461	539
5930	59.3000		477	523
5940	59.4000		477	523
5950	59.5000		474	526
5960	59.6000		464	536
5970	59.7000		462	538
5980	59.8000		457	543
5990	59.9000		465	535
6000	60.0000		481	519
6010	60.1000		485	515
6020	60.2000		476	524
6030	60.3000		489	511
6040	60.4000		479	521
6050	60.5000		477	523
6060	60.6000		458	542
6070	60.7000		442	558
6080	60.8000		440	560
6090	60.9000		450	550
6100	61.0000		456	544
6110	61.1000		455	545
6120	61.2000		466	534
6130	61.3000		476	524
6140	61.4000		490	510
6150	61.5000		488	512
6160	61.6000		475	525
6170	61.7000		483	517
6180	61.8000		477	523
6190	61.9000		468	532
6200	62.0000		462	538
6210	62.1000		466	534
6220	62.2000		467	533
6230	62.3000		455	545
6240	62.4000		463	537
6250	62.5000		461	539
6260	62.6000		459	541
6270	62.7000		444	556
6280	62.8000		457	543
6290	62.9000		458	542
6300	63.0000		469	531
6310	63.1000		476	524
6320	63.2000		463	537
6330	63.3000		467	533
6340	63.4000		472	528
6350	63.5000		485	515
6360	63.6000		482	518
6370	63.7000		477	523
6380	63.8000		476	524
6390	63.9000		478	522
6400	64.0000		484	516
6410	64.1000		465	535
6420	64.2000		458	542
6430	64.3000		473	527
6440	64.4000		472	528
6450	64.5000		482	518
6460	64.6000		487	513
6470	64.7000		473	527
6480	64.8000		475	525
6490	64.9000		462	538
6500	65.0000		474	526
6510	65.1000		465	535
6520	65.2000		474	526
6530	65.3000		481	519
6540	65.4000		483	517
6550	65.5000		486	514
6560	65.6000		476	524
6570	65.7000		477	523
6580	65.8000		486	514
6590	65.9000		482	518
6600	66.0000		488	512
6610	66.1000		490	510
6620	66.2000		496	504
6630	66.3000		495	505
6640	66.4000		500	500
6650	66.5000		509	491
6660	66.6000		512	488
6670	66.7000		505	495
6680	66.8000		509	491
6690	66.9000		505	495
6700	67.0000		512	488
6710	67.1000		519	481
6720	67.2000		520	480
6730	67.3000		513	487
6740	67.4000		486	514
6750	67.5000		491	509
6760	67.6000		489	511
6770	67.7000		499	501
6780	67.8000		492	508
6790	67.9000		518	482
6800	68.0000		528	472
6810	68.1000		516	484
6820	68.2000		495	505
6830	68.3000		502	498
6840	68.4000		501	499
6850	68.5000		506	494
6860	68.6000		506	494
6870	68.7000		508	492
6880	68.8000		507	493
6890	68.9000		495	505
6900	69.0000		476	524
6910	69.1000		483	517
6920	69.2000		490	510
6930	69.3000		499	501
6940	69.4000		499	501
6950	69.5000		496	504
6960	69.6000		494	506
6970	69.7000		487	513
6980	69.8000		475	525
6990	69.9000		477	523
7000	70.0000		468	532
7010	70.1000		475	525
7020	70.2000		472	528
7030	70.3000		475	525
7040	70.4000		482	518
7050	70.5000		472	528
7060	70.6000		487	513
7070	70.7000		504	496
7080	70.8000		498	502
7090	70.9000		495	505
7100	71.0000		485	515
7110	71.1000		485	515
7120	71.2000		478	522
7130	71.3000		487	513
7140	71.4000		478	522
7150	71.5000		460	540
7160	71.6000		468	532
7170	71.7000		464	536
7180	71.8000		463	537
7190	71.9000		442	558
7200	72.0000		442	558
7210	72.1000		425	575
7220	72.2000		436	564
7230	72.3000		433	567
7240	72.4000		428	572
7250	72.5000		425	575
7260	72.6000		432	568
7270	72.7000		433	567
7280	72.8000		450	550
7290	72.9000		456	544
7300	73.0000		452	548
7310	73.1000		458	542
7320	73.2000		462	538
7330	73.3000		471	529
7340	73.4000		455	545
7350	73.5000		456	544
7360	73.6000		458	542
7370	73.7000		455	545
7380	73.8000		448	552
7390	73.9000		458	542
7400	74.0000		464	536
7410	74.1000		456	544
7420	74.2000		454	546
7430	74.3000		452	548
7440	74.4000		454	546
7450	74.5000		462	538
7460	74.6000		471	529
7470	74.7000		476	524
7480	74.8000		480	520
7490	74.9000		474	526
7500	75.0000		467	533
7510	75.1000		467	533
7520	75.2000		469	531
7530	75.3000		469	531
7540	75.4000		469	531
7550	75.5000		464	536
7560	75.6000		467	533
7570	75.7000		469	531
7580	75.8000		485	515
7590	75.9000		493	507
7600	76.0000		480	520
7610	76.1000		473	527
7620	76.2000		464	536
7630	76.3000		460	540
7640	76.4000		458	542
7650	76.5000		458	542
7660	76.6000		456	544
7670	76.7000		455	545
7680	76.8000		448	552
7690	76.9000		448	552
7700	77.0000		449	551
7710	77.1000		446	554
7720	77.2000		439	561
7730	77.3000		436	564
7740	77.4000		443	557
7750	77.5000		458	542
7760	77.6000		457	543
7770	77.7000		458	542
7780	77.8000		465	535
7790	77.9000		476	524
7800	78.0000		482	518
7810	78.1000		483	517
7820	78.2000		486	514
7830	78.3000		479	521
7840	78.4000		469	531
7850	78.5000		472	528
7860	78.6000		461	539
7870	78.7000		446	554
7880	78.8000		451	549
7890	78.9000		452	548
7900	79.0000		473	527
7910	79.1000		488	512
7920	79.2000		473	527
7930	79.3000		462	538
7940	79.4000		468	532
7950	79.5000		480	520
7960	79.6000		480	520
7970	79.7000		482	518
7980	79.8000		495	505
7990	79.9000		496	504
8000	80.0000		489	511
8010	80.1000		500	500
8020	80.2000		497	503
8030	80.3000		503	497
8040	80.4000		495	505
8050	80.5000		503	497
8060	80.6000		501	499
8070	80.7000		510	490
8080	80.8000		507	493
8090	80.9000		498	502
8100	81.0000		492	508
8110	81.1000		484	516
8120	81.2000		486	514
8130	81.3000		479	521
8140	81.4000		459	541
8150	81.5000		452	548
8160	81.6000		447	553
8170	81.7000		465	535
8180	81.8000		470	530
8190	81.9000		485	515
8200	82.0000		478	522
8210	82.1000		468	532
8220	82.2000		473	527
8230	82.3000		467	533
8240	82.4000		475	525
8250	82.5000		447	553
8260	82.6000		443	557
8270	82.7000		440	560
8280	82.8000		443	557
8290	82.9000		442	558
8300	83.0000		433	567
8310	83.1000		438	562
8320	83.2000		444	556
8330	83.3000		445	555
8340	83.4000		451	549
8350	83.5000		449	551
8360	83.6000		448	552
8370	83.7000		443	557
8380	83.8000		452	548
8390	83.9000		450	550
8400	84.0000		448	552
8410	84.1000		453	547
8420	84.2000		462	538
8430	84.3000		467	533
8440	84.4000		465	535
8450	84.5000		470	530
8460	84.6000		490	510
8470	84.7000		491	509
8480	84.8000		487	513
8490	84.9000		479	521
8500	85.0000		491	509
8510	85.1000		484	516
8520	85.2000		482	518
8530	85.3000		483	517
8540	85.4000		479	521
8550	85.5000		453	547
8560	85.6000		450	550
8570	85.7000		463	537
8580	85.8000		490	510
8590	85.9000		488	512
8600	86.0000		467	533
8610	86.1000		459	541
8620	86.2000		466	534
8630	86.3000		473	527
8640	86.4000		469	531
8650	86.5000		468	532
8660	86.6000		454	546
8670	86.7000		468	532
8680	86.8000		475	525
8690	86.9000		468	532
8700	87.0000		474	526
8710	87.1000		476	524
8720	87.2000		492	508
8730	87.3000		489	511
8740	87.4000		478	522
8750	87.5000		483	517
8760	87.6000		486	514
8770	87.7000		498	502
8780	87.8000		490	510
8790	87.9000		498	502
8800	88.0000		505	495
8810	88.1000		513	487
8820	88.2000		520	480
8830	88.3000		525	475
8840	88.4000		533	467
8850	88.5000		535	465
8860	88.6000		536	464
8870	88.7000		539	461
8880	88.8000		542	458
8890	88.9000		540	460
8900	89.0000		531	469
8910	89.1000		524	476
8920	89.2000		509	491
8930	89.3000		499	501
8940	89.4000		496	504
8950	89.5000		507	493
8960	89.6000		495	505
8970	89.7000		491	509
8980	89.8000		496	504
8990	89.9000		484	516
9000	90.0000		490	510
9010	90.1000		492	508
9020	90.2000		487	513
9030	90.3000		497	503
9040	90.4000		499	501
9050	90.5000		520	480
9060	90.6000		506	494
9070	90.7000		497	503
9080	90.8000		504	496
9090	90.9000		501	499
9100	91.0000		499	501
9110	91.1000		505	495
9120	91.2000		495	505
9130	91.3000		478	522
9140	91.4000		490	510
9150	91.5000		498	502
9160	91.6000		493	507
9170	91.7000		494	506
9180	91.8000		488	512
9190	91.9000		486	514
9200	92.0000		481	519
9210	92.1000		477	523
9220	92.2000		481	519
9230	92.3000		472	528
9240	92.4000		479	521
9250	92.5000		501	499
9260	92.6000		484	516
9270	92.7000		491	509
9280	92.8000		497	503
9290	92.9000		490	510
9300	93.0000		484	516
9310	93.1000		476	524
9320	93.2000		480	520
9330	93.3000		478	522
9340	93.4000		483	517
9350	93.5000		489	511
9360	93.6000		498	502
9370	93.7000		499	501
9380	93.8000		484	516
9390	93.9000		505	495
9400	94.0000		500	500
9410	94.1000		509	491
9420	94.2000		502	498
9430	94.3000		513	487
9440	94.4000		508	492
9450	94.5000		512	488
9460	94.6000		510	490
9470	94.7000		503	497
9480	94.8000		513	487
9490	94.9000		520	480
9500	95.0000		516	484
9510	95.1000		516	484
9520	95.2000		530	470
9530	95.3000		520	480
9540	95.4000		505	495
9550	95.5000		497	503
9560	95.6000		487	513
9570	95.7000		492	508
9580	95.8000		513	487
9590	95.9000		524	476
9600	96.0000		516	484
9610	96.1000		515	485
9620	96.2000		505	495
9630	96.3000		501	499
9640	96.4000		497	503
9650	96.5000		491	509
9660	96.6000		493	507
9670	96.7000		497	503
9680	96.8000		503	497
9690	96.9000		510	490
9700	97.0000		519	481
9710	97.1000		519	481
9720	97.2000		514	486
9730	97.3000		501	499
9740	97.4000		495	505
9750	97.5000		499	501
9760	97.6000		493	507
9770	97.7000		480	520
9780	97.8000		483	517
9790	97.9000		474	526
9800	98.0000		471	529
9810	98.1000		472	528
9820	98.2000		476	524
9830	98.3000		460	540
9840	98.4000		449	551
9850	98.5000		452	548
9860	98.6000		453	547
9870	98.7000		464	536
9880	98.8000		460	540
9890	98.9000		452	548
9900	99.0000		437	563
9910	99.1000		438	562
9920	99.2000		425	575
9930	99.3000		428	572
9940	99.4000		425	575
9950	99.5000		431	569
9960	99.6000		432	568
9970	99.7000		420	580
9980	99.8000		429	571
9990	99.9000		434	566
10000	100.0000		444	556
# Simulation completed.
