# Creating system...
# System created with N=1000 particles

# Initial state:
# Susceptibles: 999, Infected: 1

# Starting simulation...
# Step	Time		S	I
0	0.0000		999	1
10	0.1000		999	1
20	0.2000		999	1
30	0.3000		998	2
40	0.4000		997	3
50	0.5000		997	3
60	0.6000		997	3
70	0.7000		996	4
80	0.8000		995	5
90	0.9000		994	6
100	1.0000		992	8
110	1.1000		994	6
120	1.2000		994	6
130	1.3000		993	7
140	1.4000		992	8
150	1.5000		992	8
160	1.6000		991	9
170	1.7000		994	6
180	1.8000		994	6
190	1.9000		993	7
200	2.0000		992	8
210	2.1000		993	7
220	2.2000		992	8
230	2.3000		991	9
240	2.4000		993	7
250	2.5000		994	6
260	2.6000		995	5
270	2.7000		995	5
280	2.8000		995	5
290	2.9000		994	6
300	3.0000		993	7
310	3.1000		991	9
320	3.2000		992	8
330	3.3000		991	9
340	3.4000		992	8
350	3.5000		993	7
360	3.6000		992	8
370	3.7000		991	9
380	3.8000		989	11
390	3.9000		990	10
400	4.0000		988	12
410	4.1000		988	12
420	4.2000		987	13
430	4.3000		988	12
440	4.4000		988	12
450	4.5000		990	10
460	4.6000		988	12
470	4.7000		986	14
480	4.8000		987	13
490	4.9000		988	12
500	5.0000		986	14
510	5.1000		989	11
520	5.2000		987	13
530	5.3000		986	14
540	5.4000		985	15
550	5.5000		984	16
560	5.6000		983	17
570	5.7000		983	17
580	5.8000		983	17
590	5.9000		981	19
600	6.0000		980	20
610	6.1000		978	22
620	6.2000		979	21
630	6.3000		979	21
640	6.4000		979	21
650	6.5000		978	22
660	6.6000		977	23
670	6.7000		978	22
680	6.8000		976	24
690	6.9000		977	23
700	7.0000		973	27
710	7.1000		975	25
720	7.2000		974	26
730	7.3000		973	27
740	7.4000		973	27
750	7.5000		971	29
760	7.6000		972	28
770	7.7000		973	27
780	7.8000		972	28
790	7.9000		975	25
800	8.0000		974	26
810	8.1000		971	29
820	8.2000		971	29
830	8.3000		969	31
840	8.4000		965	35
850	8.5000		965	35
860	8.6000		967	33
870	8.7000		964	36
880	8.8000		960	40
890	8.9000		958	42
900	9.0000		955	45
910	9.1000		956	44
920	9.2000		960	40
930	9.3000		962	38
940	9.4000		959	41
950	9.5000		961	39
960	9.6000		959	41
970	9.7000		960	40
980	9.8000		958	42
990	9.9000		957	43
1000	10.0000		958	42
1010	10.1000		956	44
1020	10.2000		953	47
1030	10.3000		952	48
1040	10.4000		948	52
1050	10.5000		940	60
1060	10.6000		938	62
1070	10.7000		941	59
1080	10.8000		942	58
1090	10.9000		941	59
1100	11.0000		944	56
1110	11.1000		937	63
1120	11.2000		939	61
1130	11.3000		940	60
1140	11.4000		942	58
1150	11.5000		945	55
1160	11.6000		939	61
1170	11.7000		940	60
1180	11.8000		942	58
1190	11.9000		938	62
1200	12.0000		944	56
1210	12.1000		942	58
1220	12.2000		942	58
1230	12.3000		937	63
1240	12.4000		943	57
1250	12.5000		941	59
1260	12.6000		937	63
1270	12.7000		930	70
1280	12.8000		929	71
1290	12.9000		930	70
1300	13.0000		928	72
1310	13.1000		929	71
1320	13.2000		935	65
1330	13.3000		937	63
1340	13.4000		937	63
1350	13.5000		934	66
1360	13.6000		936	64
1370	13.7000		930	70
1380	13.8000		924	76
1390	13.9000		925	75
1400	14.0000		927	73
1410	14.1000		929	71
1420	14.2000		925	75
1430	14.3000		931	69
1440	14.4000		928	72
1450	14.5000		924	76
1460	14.6000		921	79
1470	14.7000		918	82
1480	14.8000		914	86
1490	14.9000		912	88
1500	15.0000		909	91
1510	15.1000		908	92
1520	15.2000		917	83
1530	15.3000		914	86
1540	15.4000		910	90
1550	15.5000		905	95
1560	15.6000		899	101
1570	15.7000		901	99
1580	15.8000		903	97
1590	15.9000		896	104
1600	16.0000		898	102
1610	16.1000		894	106
1620	16.2000		894	106
1630	16.3000		889	111
1640	16.4000		884	116
1650	16.5000		869	131
1660	16.6000		876	124
1670	16.7000		872	128
1680	16.8000		878	122
1690	16.9000		874	126
1700	17.0000		879	121
1710	17.1000		874	126
1720	17.2000		874	126
1730	17.3000		873	127
1740	17.4000		868	132
1750	17.5000		861	139
1760	17.6000		854	146
1770	17.7000		858	142
1780	17.8000		855	145
1790	17.9000		852	148
1800	18.0000		852	148
1810	18.1000		849	151
1820	18.2000		849	151
1830	18.3000		848	152
1840	18.4000		839	161
1850	18.5000		836	164
1860	18.6000		833	167
1870	18.7000		828	172
1880	18.8000		818	182
1890	18.9000		815	185
1900	19.0000		812	188
1910	19.1000		808	192
1920	19.2000		800	200
1930	19.3000		794	206
1940	19.4000		792	208
1950	19.5000		791	209
1960	19.6000		788	212
1970	19.7000		780	220
1980	19.8000		773	227
1990	19.9000		776	224
2000	20.0000		779	221
2010	20.1000		781	219
2020	20.2000		782	218
2030	20.3000		785	215
2040	20.4000		793	207
2050	20.5000		786	214
2060	20.6000		759	241
2070	20.7000		758	242
2080	20.8000		754	246
2090	20.9000		751	249
2100	21.0000		762	238
2110	21.1000		761	239
2120	21.2000		748	252
2130	21.3000		745	255
2140	21.4000		740	260
2150	21.5000		737	263
2160	21.6000		722	278
2170	21.7000		721	279
2180	21.8000		720	280
2190	21.9000		724	276
2200	22.0000		717	283
2210	22.1000		719	281
2220	22.2000		721	279
2230	22.3000		717	283
2240	22.4000		724	276
2250	22.5000		724	276
2260	22.6000		717	283
2270	22.7000		699	301
2280	22.8000		703	297
2290	22.9000		697	303
2300	23.0000		702	298
2310	23.1000		705	295
2320	23.2000		716	284
2330	23.3000		711	289
2340	23.4000		695	305
2350	23.5000		699	301
2360	23.6000		700	300
2370	23.7000		693	307
2380	23.8000		686	314
2390	23.9000		680	320
2400	24.0000		680	320
2410	24.1000		677	323
2420	24.2000		667	333
2430	24.3000		668	332
2440	24.4000		668	332
2450	24.5000		672	328
2460	24.6000		657	343
2470	24.7000		654	346
2480	24.8000		649	351
2490	24.9000		642	358
2500	25.0000		643	357
2510	25.1000		647	353
2520	25.2000		633	367
2530	25.3000		635	365
2540	25.4000		622	378
2550	25.5000		610	390
2560	25.6000		613	387
2570	25.7000		615	385
2580	25.8000		617	383
2590	25.9000		623	377
2600	26.0000		615	385
2610	26.1000		607	393
2620	26.2000		612	388
2630	26.3000		597	403
2640	26.4000		604	396
2650	26.5000		595	405
2660	26.6000		595	405
2670	26.7000		585	415
2680	26.8000		580	420
2690	26.9000		574	426
2700	27.0000		578	422
2710	27.1000		560	440
2720	27.2000		563	437
2730	27.3000		556	444
2740	27.4000		560	440
2750	27.5000		556	444
2760	27.6000		544	456
2770	27.7000		529	471
2780	27.8000		521	479
2790	27.9000		520	480
2800	28.0000		522	478
2810	28.1000		524	476
2820	28.2000		526	474
2830	28.3000		519	481
2840	28.4000		510	490
2850	28.5000		515	485
2860	28.6000		509	491
2870	28.7000		523	477
2880	28.8000		528	472
2890	28.9000		510	490
2900	29.0000		509	491
2910	29.1000		504	496
2920	29.2000		505	495
2930	29.3000		513	487
2940	29.4000		501	499
2950	29.5000		495	505
2960	29.6000		492	508
2970	29.7000		505	495
2980	29.8000		500	500
2990	29.9000		504	496
3000	30.0000		510	490
3010	30.1000		491	509
3020	30.2000		502	498
3030	30.3000		499	501
3040	30.4000		511	489
3050	30.5000		513	487
3060	30.6000		509	491
3070	30.7000		502	498
3080	30.8000		492	508
3090	30.9000		484	516
3100	31.0000		495	505
3110	31.1000		490	510
3120	31.2000		489	511
3130	31.3000		477	523
3140	31.4000		484	516
3150	31.5000		496	504
3160	31.6000		499	501
3170	31.7000		497	503
3180	31.8000		505	495
3190	31.9000		498	502
3200	32.0000		504	496
3210	32.1000		511	489
3220	32.2000		508	492
3230	32.3000		492	508
3240	32.4000		483	517
3250	32.5000		487	513
3260	32.6000		490	510
3270	32.7000		489	511
3280	32.8000		503	497
3290	32.9000		499	501
3300	33.0000		503	497
3310	33.1000		493	507
3320	33.2000		480	520
3330	33.3000		474	526
3340	33.4000		477	523
3350	33.5000		473	527
3360	33.6000		461	539
3370	33.7000		457	543
3380	33.8000		448	552
3390	33.9000		453	547
3400	34.0000		458	542
3410	34.1000		467	533
3420	34.2000		475	525
3430	34.3000		489	511
3440	34.4000		480	520
3450	34.5000		493	507
3460	34.6000		486	514
3470	34.7000		499	501
3480	34.8000		498	502
3490	34.9000		484	516
3500	35.0000		483	517
3510	35.1000		472	528
3520	35.2000		484	516
3530	35.3000		483	517
3540	35.4000		484	516
3550	35.5000		486	514
3560	35.6000		476	524
3570	35.7000		471	529
3580	35.8000		481	519
3590	35.9000		486	514
3600	36.0000		466	534
3610	36.1000		458	542
3620	36.2000		458	542
3630	36.3000		457	543
3640	36.4000		459	541
3650	36.5000		475	525
3660	36.6000		474	526
3670	36.7000		485	515
3680	36.8000		475	525
3690	36.9000		472	528
3700	37.0000		468	532
3710	37.1000		473	527
3720	37.2000		465	535
3730	37.3000		476	524
3740	37.4000		460	540
3750	37.5000		460	540
3760	37.6000		449	551
3770	37.7000		449	551
3780	37.8000		463	537
3790	37.9000		470	530
3800	38.0000		477	523
3810	38.1000		489	511
3820	38.2000		481	519
3830	38.3000		490	510
3840	38.4000		498	502
3850	38.5000		486	514
3860	38.6000		475	525
3870	38.7000		489	511
3880	38.8000		475	525
3890	38.9000		490	510
3900	39.0000		514	486
3910	39.1000		512	488
3920	39.2000		506	494
3930	39.3000		504	496
3940	39.4000		501	499
3950	39.5000		490	510
3960	39.6000		496	504
3970	39.7000		498	502
3980	39.8000		492	508
3990	39.9000		466	534
4000	40.0000		480	520
4010	40.1000		482	518
4020	40.2000		475	525
4030	40.3000		474	526
4040	40.4000		471	529
4050	40.5000		469	531
4060	40.6000		466	534
4070	40.7000		452	548
4080	40.8000		455	545
4090	40.9000		459	541
4100	41.0000		454	546
4110	41.1000		450	550
4120	41.2000		460	540
4130	41.3000		463	537
4140	41.4000		457	543
4150	41.5000		463	537
4160	41.6000		474	526
4170	41.7000		483	517
4180	41.8000		487	513
4190	41.9000		485	515
4200	42.0000		477	523
4210	42.1000		462	538
4220	42.2000		467	533
4230	42.3000		462	538
4240	42.4000		463	537
4250	42.5000		466	534
4260	42.6000		460	540
4270	42.7000		451	549
4280	42.8000		458	542
4290	42.9000		459	541
4300	43.0000		442	558
4310	43.1000		465	535
4320	43.2000		452	548
4330	43.3000		457	543
4340	43.4000		452	548
4350	43.5000		448	552
4360	43.6000		452	548
4370	43.7000		469	531
4380	43.8000		474	526
4390	43.9000		469	531
4400	44.0000		454	546
4410	44.1000		449	551
4420	44.2000		446	554
4430	44.3000		451	549
4440	44.4000		436	564
4450	44.5000		442	558
4460	44.6000		447	553
4470	44.7000		444	556
4480	44.8000		454	546
4490	44.9000		451	549
4500	45.0000		445	555
4510	45.1000		439	561
4520	45.2000		426	574
4530	45.3000		410	590
4540	45.4000		410	590
4550	45.5000		410	590
4560	45.6000		423	577
4570	45.7000		430	570
4580	45.8000		435	565
4590	45.9000		439	561
4600	46.0000		443	557
4610	46.1000		437	563
4620	46.2000		459	541
4630	46.3000		464	536
4640	46.4000		453	547
4650	46.5000		441	559
4660	46.6000		446	554
4670	46.7000		443	557
4680	46.8000		449	551
4690	46.9000		437	563
4700	47.0000		429	571
4710	47.1000		428	572
4720	47.2000		426	574
4730	47.3000		427	573
4740	47.4000		440	560
4750	47.5000		439	561
4760	47.6000		437	563
4770	47.7000		457	543
4780	47.8000		472	528
4790	47.9000		485	515
4800	48.0000		459	541
4810	48.1000		454	546
4820	48.2000		457	543
4830	48.3000		462	538
4840	48.4000		448	552
4850	48.5000		468	532
4860	48.6000		473	527
4870	48.7000		464	536
4880	48.8000		465	535
4890	48.9000		470	530
4900	49.0000		455	545
4910	49.1000		457	543
4920	49.2000		468	532
4930	49.3000		472	528
4940	49.4000		479	521
4950	49.5000		504	496
4960	49.6000		509	491
4970	49.7000		500	500
4980	49.8000		489	511
4990	49.9000		509	491
5000	50.0000		511	489
5010	50.1000		514	486
5020	50.2000		502	498
5030	50.3000		482	518
5040	50.4000		500	500
5050	50.5000		502	498
5060	50.6000		495	505
5070	50.7000		511	489
5080	50.8000		491	509
5090	50.9000		502	498
5100	51.0000		498	502
5110	51.1000		494	506
5120	51.2000		487	513
5130	51.3000		486	514
5140	51.4000		492	508
5150	51.5000		488	512
5160	51.6000		488	512
5170	51.7000		480	520
5180	51.8000		477	523
5190	51.9000		464	536
5200	52.0000		475	525
5210	52.1000		488	512
5220	52.2000		475	525
5230	52.3000		489	511
5240	52.4000		495	505
5250	52.5000		494	506
5260	52.6000		495	505
5270	52.7000		496	504
5280	52.8000		490	510
5290	52.9000		496	504
5300	53.0000		497	503
5310	53.1000		504	496
5320	53.2000		501	499
5330	53.3000		495	505
5340	53.4000		481	519
5350	53.5000		487	513
5360	53.6000		484	516
5370	53.7000		485	515
5380	53.8000		486	514
5390	53.9000		485	515
5400	54.0000		473	527
5410	54.1000		466	534
5420	54.2000		465	535
5430	54.3000		462	538
5440	54.4000		457	543
5450	54.5000		460	540
5460	54.6000		457	543
5470	54.7000		445	555
5480	54.8000		436	564
5490	54.9000		442	558
5500	55.0000		433	567
5510	55.1000		436	564
5520	55.2000		445	555
5530	55.3000		452	548
5540	55.4000		445	555
5550	55.5000		454	546
5560	55.6000		463	537
5570	55.7000		450	550
5580	55.8000		460	540
5590	55.9000		464	536
5600	56.0000		464	536
5610	56.1000		460	540
5620	56.2000		463	537
5630	56.3000		474	526
5640	56.4000		485	515
5650	56.5000		483	517
5660	56.6000		476	524
5670	56.7000		461	539
5680	56.8000		467	533
5690	56.9000		449	551
5700	57.0000		466	534
5710	57.1000		468	532
5720	57.2000		463	537
5730	57.3000		465	535
5740	57.4000		459	541
5750	57.5000		459	541
5760	57.6000		454	546
5770	57.7000		456	544
5780	57.8000		458	542
5790	57.9000		449	551
5800	58.0000		440	560
5810	58.1000		440	560
5820	58.2000		439	561
5830	58.3000		447	553
5840	58.4000		450	550
5850	58.5000		455	545
5860	58.6000		434	566
5870	58.7000		423	577
5880	58.8000		402	598
5890	58.9000		410	590
5900	59.0000		403	597
5910	59.1000		403	597
5920	59.2000		417	583
5930	59.3000		414	586
5940	59.4000		414	586
5950	59.5000		421	579
5960	59.6000		424	576
5970	59.7000		404	596
5980	59.8000		412	588
5990	59.9000		415	585
6000	60.0000		422	578
6010	60.1000		415	585
6020	60.2000		407	593
6030	60.3000		404	596
6040	60.4000		425	575
6050	60.5000		410	590
6060	60.6000		430	570
6070	60.7000		450	550
6080	60.8000		447	553
6090	60.9000		442	558
6100	61.0000		451	549
6110	61.1000		468	532
6120	61.2000		474	526
6130	61.3000		454	546
6140	61.4000		468	532
6150	61.5000		466	534
6160	61.6000		473	527
6170	61.7000		485	515
6180	61.8000		482	518
6190	61.9000		479	521
6200	62.0000		466	534
6210	62.1000		473	527
6220	62.2000		474	526
6230	62.3000		477	523
6240	62.4000		484	516
6250	62.5000		493	507
6260	62.6000		497	503
6270	62.7000		499	501
6280	62.8000		496	504
6290	62.9000		489	511
6300	63.0000		484	516
6310	63.1000		490	510
6320	63.2000		487	513
6330	63.3000		485	515
6340	63.4000		495	505
6350	63.5000		497	503
6360	63.6000		486	514
6370	63.7000		484	516
6380	63.8000		495	505
6390	63.9000		486	514
6400	64.0000		496	504
6410	64.1000		495	505
6420	64.2000		487	513
6430	64.3000		489	511
6440	64.4000		466	534
6450	64.5000		480	520
6460	64.6000		462	538
6470	64.7000		464	536
6480	64.8000		469	531
6490	64.9000		465	535
6500	65.0000		464	536
6510	65.1000		461	539
6520	65.2000		464	536
6530	65.3000		459	541
6540	65.4000		456	544
6550	65.5000		457	543
6560	65.6000		470	530
6570	65.7000		477	523
6580	65.8000		474	526
6590	65.9000		458	542
6600	66.0000		479	521
6610	66.1000		486	514
6620	66.2000		481	519
6630	66.3000		487	513
6640	66.4000		484	516
6650	66.5000		471	529
6660	66.6000		479	521
6670	66.7000		484	516
6680	66.8000		484	516
6690	66.9000		475	525
6700	67.0000		465	535
6710	67.1000		459	541
6720	67.2000		462	538
6730	67.3000		468	532
6740	67.4000		472	528
6750	67.5000		466	534
6760	67.6000		473	527
6770	67.7000		476	524
6780	67.8000		478	522
6790	67.9000		487	513
6800	68.0000		484	516
6810	68.1000		507	493
6820	68.2000		503	497
6830	68.3000		492	508
6840	68.4000		488	512
6850	68.5000		469	531
6860	68.6000		481	519
6870	68.7000		478	522
6880	68.8000		485	515
6890	68.9000		487	513
6900	69.0000		479	521
6910	69.1000		472	528
6920	69.2000		472	528
6930	69.3000		471	529
6940	69.4000		459	541
6950	69.5000		461	539
6960	69.6000		454	546
6970	69.7000		454	546
6980	69.8000		444	556
6990	69.9000		427	573
7000	70.0000		444	556
7010	70.1000		446	554
7020	70.2000		429	571
7030	70.3000		415	585
7040	70.4000		428	572
7050	70.5000		445	555
7060	70.6000		457	543
7070	70.7000		460	540
7080	70.8000		455	545
7090	70.9000		459	541
7100	71.0000		472	528
7110	71.1000		461	539
7120	71.2000		463	537
7130	71.3000		458	542
7140	71.4000		462	538
7150	71.5000		468	532
7160	71.6000		469	531
7170	71.7000		485	515
7180	71.8000		484	516
7190	71.9000		488	512
7200	72.0000		483	517
7210	72.1000		474	526
7220	72.2000		476	524
7230	72.3000		481	519
7240	72.4000		466	534
7250	72.5000		461	539
7260	72.6000		463	537
7270	72.7000		460	540
7280	72.8000		489	511
7290	72.9000		490	510
7300	73.0000		494	506
7310	73.1000		492	508
7320	73.2000		469	531
7330	73.3000		489	511
7340	73.4000		506	494
7350	73.5000		503	497
7360	73.6000		490	510
7370	73.7000		494	506
7380	73.8000		489	511
7390	73.9000		476	524
7400	74.0000		482	518
7410	74.1000		471	529
7420	74.2000		474	526
7430	74.3000		465	535
7440	74.4000		453	547
7450	74.5000		446	554
7460	74.6000		435	565
7470	74.7000		424	576
7480	74.8000		407	593
7490	74.9000		420	580
7500	75.0000		413	587
7510	75.1000		429	571
7520	75.2000		426	574
7530	75.3000		434	566
7540	75.4000		450	550
7550	75.5000		451	549
7560	75.6000		460	540
7570	75.7000		460	540
7580	75.8000		479	521
7590	75.9000		495	505
7600	76.0000		478	522
7610	76.1000		477	523
7620	76.2000		475	525
7630	76.3000		477	523
7640	76.4000		480	520
7650	76.5000		474	526
7660	76.6000		475	525
7670	76.7000		481	519
7680	76.8000		491	509
7690	76.9000		492	508
7700	77.0000		473	527
7710	77.1000		477	523
7720	77.2000		473	527
7730	77.3000		453	547
7740	77.4000		463	537
7750	77.5000		456	544
7760	77.6000		460	540
7770	77.7000		467	533
7780	77.8000		466	534
7790	77.9000		466	534
7800	78.0000		454	546
7810	78.1000		472	528
7820	78.2000		464	536
7830	78.3000		474	526
7840	78.4000		485	515
7850	78.5000		479	521
7860	78.6000		482	518
7870	78.7000		502	498
7880	78.8000		498	502
7890	78.9000		484	516
7900	79.0000		484	516
7910	79.1000		469	531
7920	79.2000		454	546
7930	79.3000		449	551
7940	79.4000		453	547
7950	79.5000		454	546
7960	79.6000		466	534
7970	79.7000		460	540
7980	79.8000		472	528
7990	79.9000		466	534
8000	80.0000		482	518
8010	80.1000		477	523
8020	80.2000		487	513
8030	80.3000		495	505
8040	80.4000		488	512
8050	80.5000		478	522
8060	80.6000		481	519
8070	80.7000		473	527
8080	80.8000		474	526
8090	80.9000		467	533
8100	81.0000		468	532
8110	81.1000		466	534
8120	81.2000		469	531
8130	81.3000		452	548
8140	81.4000		456	544
8150	81.5000		452	548
8160	81.6000		466	534
8170	81.7000		467	533
8180	81.8000		460	540
8190	81.9000		459	541
8200	82.0000		446	554
8210	82.1000		449	551
8220	82.2000		456	544
8230	82.3000		458	542
8240	82.4000		480	520
8250	82.5000		479	521
8260	82.6000		478	522
8270	82.7000		479	521
8280	82.8000		497	503
8290	82.9000		494	506
8300	83.0000		477	523
8310	83.1000		462	538
8320	83.2000		449	551
8330	83.3000		450	550
8340	83.4000		454	546
8350	83.5000		464	536
8360	83.6000		463	537
8370	83.7000		454	546
8380	83.8000		475	525
8390	83.9000		479	521
8400	84.0000		481	519
8410	84.1000		470	530
8420	84.2000		469	531
8430	84.3000		475	525
8440	84.4000		488	512
8450	84.5000		473	527
8460	84.6000		486	514
8470	84.7000		481	519
8480	84.8000		476	524
8490	84.9000		463	537
8500	85.0000		454	546
8510	85.1000		453	547
8520	85.2000		466	534
8530	85.3000		460	540
8540	85.4000		463	537
8550	85.5000		468	532
8560	85.6000		459	541
8570	85.7000		458	542
8580	85.8000		458	542
8590	85.9000		452	548
8600	86.0000		462	538
8610	86.1000		482	518
8620	86.2000		462	538
8630	86.3000		454	546
8640	86.4000		463	537
8650	86.5000		464	536
8660	86.6000		474	526
8670	86.7000		469	531
8680	86.8000		468	532
8690	86.9000		473	527
8700	87.0000		475	525
8710	87.1000		475	525
8720	87.2000		479	521
8730	87.3000		481	519
8740	87.4000		481	519
8750	87.5000		488	512
8760	87.6000		489	511
8770	87.7000		494	506
8780	87.8000		491	509
8790	87.9000		488	512
8800	88.0000		488	512
8810	88.1000		481	519
8820	88.2000		465	535
8830	88.3000		463	537
8840	88.4000		459	541
8850	88.5000		455	545
8860	88.6000		458	542
8870	88.7000		465	535
8880	88.8000		455	545
8890	88.9000		457	543
8900	89.0000		466	534
8910	89.1000		465	535
8920	89.2000		464	536
8930	89.3000		452	548
8940	89.4000		458	542
8950	89.5000		470	530
8960	89.6000		475	525
8970	89.7000		474	526
8980	89.8000		481	519
8990	89.9000		485	515
9000	90.0000		497	503
9010	90.1000		489	511
9020	90.2000		498	502
9030	90.3000		506	494
9040	90.4000		501	499
9050	90.5000		481	519
9060	90.6000		473	527
9070	90.7000		473	527
9080	90.8000		477	523
9090	90.9000		497	503
9100	91.0000		483	517
9110	91.1000		471	529
9120	91.2000		468	532
9130	91.3000		475	525
9140	91.4000		492	508
9150	91.5000		494	506
9160	91.6000		477	523
9170	91.7000		479	521
9180	91.8000		481	519
9190	91.9000		482	518
9200	92.0000		483	517
9210	92.1000		484	516
9220	92.2000		477	523
9230	92.3000		477	523
9240	92.4000		464	536
9250	92.5000		457	543
9260	92.6000		449	551
9270	92.7000		454	546
9280	92.8000		465	535
9290	92.9000		462	538
9300	93.0000		473	527
9310	93.1000		454	546
9320	93.2000		459	541
9330	93.3000		466	534
9340	93.4000		462	538
9350	93.5000		466	534
9360	93.6000		464	536
9370	93.7000		469	531
9380	93.8000		478	522
9390	93.9000		462	538
9400	94.0000		452	548
9410	94.1000		441	559
9420	94.2000		438	562
9430	94.3000		438	562
9440	94.4000		440	560
9450	94.5000		433	567
9460	94.6000		428	572
9470	94.7000		452	548
9480	94.8000		461	539
9490	94.9000		457	543
9500	95.0000		466	534
9510	95.1000		458	542
9520	95.2000		476	524
9530	95.3000		460	540
9540	95.4000		444	556
9550	95.5000		444	556
9560	95.6000		450	550
9570	95.7000		444	556
9580	95.8000		445	555
9590	95.9000		452	548
9600	96.0000		450	550
9610	96.1000		438	562
9620	96.2000		432	568
9630	96.3000		445	555
9640	96.4000		470	530
9650	96.5000		471	529
9660	96.6000		478	522
9670	96.7000		474	526
9680	96.8000		479	521
9690	96.9000		462	538
9700	97.0000		464	536
9710	97.1000		475	525
9720	97.2000		480	520
9730	97.3000		496	504
9740	97.4000		488	512
9750	97.5000		496	504
9760	97.6000		501	499
9770	97.7000		484	516
9780	97.8000		487	513
9790	97.9000		478	522
9800	98.0000		488	512
9810	98.1000		483	517
9820	98.2000		475	525
9830	98.3000		486	514
9840	98.4000		502	498
9850	98.5000		477	523
9860	98.6000		480	520
9870	98.7000		480	520
9880	98.8000		473	527
9890	98.9000		469	531
9900	99.0000		475	525
9910	99.1000		464	536
9920	99.2000		455	545
9930	99.3000		449	551
9940	99.4000		445	555
9950	99.5000		443	557
9960	99.6000		460	540
9970	99.7000		465	535
9980	99.8000		457	543
9990	99.9000		456	544
10000	100.0000		461	539
# Simulation completed.
