# Creating system...
# System created with N=1000 particles

# Initial state:
# Susceptibles: 999, Infected: 1

# Starting simulation...
# Step	Time		S	I
0	0.0000		999	1
10	0.1000		998	2
20	0.2000		997	3
30	0.3000		996	4
40	0.4000		996	4
50	0.5000		995	5
60	0.6000		996	4
70	0.7000		995	5
80	0.8000		995	5
90	0.9000		996	4
100	1.0000		996	4
110	1.1000		996	4
120	1.2000		996	4
130	1.3000		996	4
140	1.4000		994	6
150	1.5000		994	6
160	1.6000		993	7
170	1.7000		993	7
180	1.8000		992	8
190	1.9000		991	9
200	2.0000		991	9
210	2.1000		991	9
220	2.2000		990	10
230	2.3000		989	11
240	2.4000		988	12
250	2.5000		988	12
260	2.6000		986	14
270	2.7000		985	15
280	2.8000		985	15
290	2.9000		987	13
300	3.0000		986	14
310	3.1000		986	14
320	3.2000		988	12
330	3.3000		989	11
340	3.4000		989	11
350	3.5000		990	10
360	3.6000		990	10
370	3.7000		991	9
380	3.8000		991	9
390	3.9000		992	8
400	4.0000		991	9
410	4.1000		992	8
420	4.2000		992	8
430	4.3000		992	8
440	4.4000		992	8
450	4.5000		988	12
460	4.6000		987	13
470	4.7000		986	14
480	4.8000		983	17
490	4.9000		981	19
500	5.0000		978	22
510	5.1000		982	18
520	5.2000		982	18
530	5.3000		982	18
540	5.4000		982	18
550	5.5000		980	20
560	5.6000		980	20
570	5.7000		979	21
580	5.8000		979	21
590	5.9000		977	23
600	6.0000		976	24
610	6.1000		976	24
620	6.2000		975	25
630	6.3000		971	29
640	6.4000		970	30
650	6.5000		971	29
660	6.6000		969	31
670	6.7000		967	33
680	6.8000		968	32
690	6.9000		969	31
700	7.0000		966	34
710	7.1000		969	31
720	7.2000		969	31
730	7.3000		967	33
740	7.4000		967	33
750	7.5000		971	29
760	7.6000		971	29
770	7.7000		967	33
780	7.8000		967	33
790	7.9000		966	34
800	8.0000		965	35
810	8.1000		957	43
820	8.2000		955	45
830	8.3000		950	50
840	8.4000		950	50
850	8.5000		948	52
860	8.6000		945	55
870	8.7000		942	58
880	8.8000		936	64
890	8.9000		938	62
900	9.0000		937	63
910	9.1000		936	64
920	9.2000		935	65
930	9.3000		934	66
940	9.4000		939	61
950	9.5000		939	61
960	9.6000		934	66
970	9.7000		927	73
980	9.8000		924	76
990	9.9000		923	77
1000	10.0000		929	71
1010	10.1000		931	69
1020	10.2000		931	69
1030	10.3000		925	75
1040	10.4000		920	80
1050	10.5000		919	81
1060	10.6000		922	78
1070	10.7000		919	81
1080	10.8000		913	87
1090	10.9000		911	89
1100	11.0000		906	94
1110	11.1000		911	89
1120	11.2000		915	85
1130	11.3000		915	85
1140	11.4000		913	87
1150	11.5000		911	89
1160	11.6000		911	89
1170	11.7000		905	95
1180	11.8000		901	99
1190	11.9000		902	98
1200	12.0000		903	97
1210	12.1000		897	103
1220	12.2000		894	106
1230	12.3000		891	109
1240	12.4000		892	108
1250	12.5000		888	112
1260	12.6000		886	114
1270	12.7000		890	110
1280	12.8000		894	106
1290	12.9000		894	106
1300	13.0000		893	107
1310	13.1000		885	115
1320	13.2000		885	115
1330	13.3000		885	115
1340	13.4000		878	122
1350	13.5000		881	119
1360	13.6000		878	122
1370	13.7000		872	128
1380	13.8000		865	135
1390	13.9000		853	147
1400	14.0000		857	143
1410	14.1000		858	142
1420	14.2000		859	141
1430	14.3000		858	142
1440	14.4000		853	147
1450	14.5000		836	164
1460	14.6000		841	159
1470	14.7000		843	157
1480	14.8000		845	155
1490	14.9000		848	152
1500	15.0000		844	156
1510	15.1000		839	161
1520	15.2000		834	166
1530	15.3000		829	171
1540	15.4000		811	189
1550	15.5000		809	191
1560	15.6000		815	185
1570	15.7000		821	179
1580	15.8000		817	183
1590	15.9000		811	189
1600	16.0000		812	188
1610	16.1000		816	184
1620	16.2000		824	176
1630	16.3000		819	181
1640	16.4000		809	191
1650	16.5000		808	192
1660	16.6000		813	187
1670	16.7000		806	194
1680	16.8000		802	198
1690	16.9000		804	196
1700	17.0000		805	195
1710	17.1000		786	214
1720	17.2000		779	221
1730	17.3000		775	225
1740	17.4000		770	230
1750	17.5000		769	231
1760	17.6000		766	234
1770	17.7000		762	238
1780	17.8000		763	237
1790	17.9000		752	248
1800	18.0000		743	257
1810	18.1000		731	269
1820	18.2000		742	258
1830	18.3000		736	264
1840	18.4000		741	259
1850	18.5000		729	271
1860	18.6000		722	278
1870	18.7000		711	289
1880	18.8000		709	291
1890	18.9000		700	300
1900	19.0000		688	312
1910	19.1000		681	319
1920	19.2000		688	312
1930	19.3000		683	317
1940	19.4000		671	329
1950	19.5000		668	332
1960	19.6000		655	345
1970	19.7000		647	353
1980	19.8000		652	348
1990	19.9000		646	354
2000	20.0000		640	360
2010	20.1000		649	351
2020	20.2000		635	365
2030	20.3000		627	373
2040	20.4000		635	365
2050	20.5000		636	364
2060	20.6000		637	363
2070	20.7000		628	372
2080	20.8000		624	376
2090	20.9000		628	372
2100	21.0000		620	380
2110	21.1000		621	379
2120	21.2000		623	377
2130	21.3000		619	381
2140	21.4000		624	376
2150	21.5000		605	395
2160	21.6000		611	389
2170	21.7000		612	388
2180	21.8000		606	394
2190	21.9000		599	401
2200	22.0000		595	405
2210	22.1000		581	419
2220	22.2000		590	410
2230	22.3000		588	412
2240	22.4000		567	433
2250	22.5000		564	436
2260	22.6000		578	422
2270	22.7000		588	412
2280	22.8000		596	404
2290	22.9000		596	404
2300	23.0000		605	395
2310	23.1000		614	386
2320	23.2000		599	401
2330	23.3000		595	405
2340	23.4000		575	425
2350	23.5000		579	421
2360	23.6000		584	416
2370	23.7000		589	411
2380	23.8000		595	405
2390	23.9000		590	410
2400	24.0000		594	406
2410	24.1000		590	410
2420	24.2000		589	411
2430	24.3000		591	409
2440	24.4000		593	407
2450	24.5000		589	411
2460	24.6000		585	415
2470	24.7000		582	418
2480	24.8000		592	408
2490	24.9000		585	415
2500	25.0000		579	421
2510	25.1000		564	436
2520	25.2000		558	442
2530	25.3000		545	455
2540	25.4000		559	441
2550	25.5000		559	441
2560	25.6000		558	442
2570	25.7000		567	433
2580	25.8000		562	438
2590	25.9000		559	441
2600	26.0000		544	456
2610	26.1000		547	453
2620	26.2000		554	446
2630	26.3000		545	455
2640	26.4000		539	461
2650	26.5000		526	474
2660	26.6000		519	481
2670	26.7000		506	494
2680	26.8000		520	480
2690	26.9000		524	476
2700	27.0000		519	481
2710	27.1000		513	487
2720	27.2000		512	488
2730	27.3000		518	482
2740	27.4000		516	484
2750	27.5000		497	503
2760	27.6000		485	515
2770	27.7000		498	502
2780	27.8000		497	503
2790	27.9000		484	516
2800	28.0000		486	514
2810	28.1000		492	508
2820	28.2000		507	493
2830	28.3000		498	502
2840	28.4000		503	497
2850	28.5000		510	490
2860	28.6000		509	491
2870	28.7000		506	494
2880	28.8000		502	498
2890	28.9000		494	506
2900	29.0000		500	500
2910	29.1000		499	501
2920	29.2000		480	520
2930	29.3000		481	519
2940	29.4000		488	512
2950	29.5000		480	520
2960	29.6000		494	506
2970	29.7000		479	521
2980	29.8000		466	534
2990	29.9000		455	545
3000	30.0000		479	521
3010	30.1000		483	517
3020	30.2000		477	523
3030	30.3000		489	511
3040	30.4000		499	501
3050	30.5000		497	503
3060	30.6000		499	501
3070	30.7000		485	515
3080	30.8000		476	524
3090	30.9000		460	540
3100	31.0000		468	532
3110	31.1000		463	537
3120	31.2000		472	528
3130	31.3000		473	527
3140	31.4000		464	536
3150	31.5000		455	545
3160	31.6000		462	538
3170	31.7000		453	547
3180	31.8000		450	550
3190	31.9000		454	546
3200	32.0000		457	543
3210	32.1000		473	527
3220	32.2000		481	519
3230	32.3000		477	523
3240	32.4000		473	527
3250	32.5000		464	536
3260	32.6000		444	556
3270	32.7000		461	539
3280	32.8000		457	543
3290	32.9000		472	528
3300	33.0000		484	516
3310	33.1000		483	517
3320	33.2000		482	518
3330	33.3000		469	531
3340	33.4000		481	519
3350	33.5000		482	518
3360	33.6000		469	531
3370	33.7000		468	532
3380	33.8000		457	543
3390	33.9000		459	541
3400	34.0000		451	549
3410	34.1000		458	542
3420	34.2000		458	542
3430	34.3000		459	541
3440	34.4000		459	541
3450	34.5000		461	539
3460	34.6000		466	534
3470	34.7000		466	534
3480	34.8000		478	522
3490	34.9000		491	509
3500	35.0000		505	495
3510	35.1000		506	494
3520	35.2000		501	499
3530	35.3000		498	502
3540	35.4000		501	499
3550	35.5000		476	524
3560	35.6000		482	518
3570	35.7000		478	522
3580	35.8000		477	523
3590	35.9000		483	517
3600	36.0000		495	505
3610	36.1000		501	499
3620	36.2000		501	499
3630	36.3000		497	503
3640	36.4000		476	524
3650	36.5000		472	528
3660	36.6000		477	523
3670	36.7000		479	521
3680	36.8000		496	504
3690	36.9000		510	490
3700	37.0000		496	504
3710	37.1000		496	504
3720	37.2000		488	512
3730	37.3000		505	495
3740	37.4000		513	487
3750	37.5000		521	479
3760	37.6000		522	478
3770	37.7000		518	482
3780	37.8000		500	500
3790	37.9000		495	505
3800	38.0000		497	503
3810	38.1000		481	519
3820	38.2000		498	502
3830	38.3000		483	517
3840	38.4000		490	510
3850	38.5000		494	506
3860	38.6000		514	486
3870	38.7000		508	492
3880	38.8000		505	495
3890	38.9000		500	500
3900	39.0000		504	496
3910	39.1000		496	504
3920	39.2000		518	482
3930	39.3000		510	490
3940	39.4000		503	497
3950	39.5000		495	505
3960	39.6000		491	509
3970	39.7000		486	514
3980	39.8000		481	519
3990	39.9000		485	515
4000	40.0000		477	523
4010	40.1000		474	526
4020	40.2000		474	526
4030	40.3000		489	511
4040	40.4000		480	520
4050	40.5000		468	532
4060	40.6000		477	523
4070	40.7000		489	511
4080	40.8000		481	519
4090	40.9000		487	513
4100	41.0000		474	526
4110	41.1000		468	532
4120	41.2000		478	522
4130	41.3000		468	532
4140	41.4000		459	541
4150	41.5000		456	544
4160	41.6000		471	529
4170	41.7000		469	531
4180	41.8000		477	523
4190	41.9000		475	525
4200	42.0000		474	526
4210	42.1000		450	550
4220	42.2000		446	554
4230	42.3000		446	554
4240	42.4000		438	562
4250	42.5000		433	567
4260	42.6000		423	577
4270	42.7000		415	585
4280	42.8000		408	592
4290	42.9000		405	595
4300	43.0000		418	582
4310	43.1000		424	576
4320	43.2000		433	567
4330	43.3000		431	569
4340	43.4000		430	570
4350	43.5000		431	569
4360	43.6000		421	579
4370	43.7000		431	569
4380	43.8000		432	568
4390	43.9000		440	560
4400	44.0000		446	554
4410	44.1000		441	559
4420	44.2000		444	556
4430	44.3000		444	556
4440	44.4000		448	552
4450	44.5000		445	555
4460	44.6000		439	561
4470	44.7000		441	559
4480	44.8000		450	550
4490	44.9000		450	550
4500	45.0000		442	558
4510	45.1000		451	549
4520	45.2000		458	542
4530	45.3000		449	551
4540	45.4000		450	550
4550	45.5000		451	549
4560	45.6000		462	538
4570	45.7000		457	543
4580	45.8000		446	554
4590	45.9000		450	550
4600	46.0000		438	562
4610	46.1000		443	557
4620	46.2000		426	574
4630	46.3000		439	561
4640	46.4000		446	554
4650	46.5000		453	547
4660	46.6000		444	556
4670	46.7000		455	545
4680	46.8000		444	556
4690	46.9000		434	566
4700	47.0000		452	548
4710	47.1000		461	539
4720	47.2000		459	541
4730	47.3000		451	549
4740	47.4000		447	553
4750	47.5000		437	563
4760	47.6000		443	557
4770	47.7000		439	561
4780	47.8000		437	563
4790	47.9000		452	548
4800	48.0000		452	548
4810	48.1000		446	554
4820	48.2000		452	548
4830	48.3000		449	551
4840	48.4000		459	541
4850	48.5000		477	523
4860	48.6000		482	518
4870	48.7000		479	521
4880	48.8000		463	537
4890	48.9000		471	529
4900	49.0000		466	534
4910	49.1000		493	507
4920	49.2000		480	520
4930	49.3000		491	509
4940	49.4000		490	510
4950	49.5000		480	520
4960	49.6000		493	507
4970	49.7000		479	521
4980	49.8000		483	517
4990	49.9000		480	520
5000	50.0000		498	502
5010	50.1000		489	511
5020	50.2000		481	519
5030	50.3000		467	533
5040	50.4000		463	537
5050	50.5000		461	539
5060	50.6000		470	530
5070	50.7000		445	555
5080	50.8000		438	562
5090	50.9000		435	565
5100	51.0000		440	560
5110	51.1000		447	553
5120	51.2000		463	537
5130	51.3000		469	531
5140	51.4000		450	550
5150	51.5000		455	545
5160	51.6000		456	544
5170	51.7000		449	551
5180	51.8000		446	554
5190	51.9000		450	550
5200	52.0000		441	559
5210	52.1000		426	574
5220	52.2000		432	568
5230	52.3000		427	573
5240	52.4000		427	573
5250	52.5000		440	560
5260	52.6000		450	550
5270	52.7000		444	556
5280	52.8000		445	555
5290	52.9000		433	567
5300	53.0000		419	581
5310	53.1000		415	585
5320	53.2000		425	575
5330	53.3000		429	571
5340	53.4000		431	569
5350	53.5000		432	568
5360	53.6000		433	567
5370	53.7000		434	566
5380	53.8000		435	565
5390	53.9000		440	560
5400	54.0000		424	576
5410	54.1000		432	568
5420	54.2000		435	565
5430	54.3000		442	558
5440	54.4000		440	560
5450	54.5000		448	552
5460	54.6000		449	551
5470	54.7000		440	560
5480	54.8000		449	551
5490	54.9000		437	563
5500	55.0000		437	563
5510	55.1000		435	565
5520	55.2000		422	578
5530	55.3000		429	571
5540	55.4000		427	573
5550	55.5000		424	576
5560	55.6000		434	566
5570	55.7000		437	563
5580	55.8000		439	561
5590	55.9000		442	558
5600	56.0000		438	562
5610	56.1000		453	547
5620	56.2000		440	560
5630	56.3000		446	554
5640	56.4000		457	543
5650	56.5000		453	547
5660	56.6000		471	529
5670	56.7000		466	534
5680	56.8000		452	548
5690	56.9000		447	553
5700	57.0000		440	560
5710	57.1000		441	559
5720	57.2000		435	565
5730	57.3000		445	555
5740	57.4000		446	554
5750	57.5000		424	576
5760	57.6000		436	564
5770	57.7000		461	539
5780	57.8000		458	542
5790	57.9000		460	540
5800	58.0000		452	548
5810	58.1000		455	545
5820	58.2000		462	538
5830	58.3000		467	533
5840	58.4000		450	550
5850	58.5000		459	541
5860	58.6000		451	549
5870	58.7000		438	562
5880	58.8000		447	553
5890	58.9000		445	555
5900	59.0000		458	542
5910	59.1000		448	552
5920	59.2000		452	548
5930	59.3000		456	544
5940	59.4000		477	523
5950	59.5000		482	518
5960	59.6000		505	495
5970	59.7000		495	505
5980	59.8000		497	503
5990	59.9000		481	519
6000	60.0000		469	531
6010	60.1000		471	529
6020	60.2000		457	543
6030	60.3000		446	554
6040	60.4000		438	562
6050	60.5000		466	534
6060	60.6000		469	531
6070	60.7000		472	528
6080	60.8000		459	541
6090	60.9000		463	537
6100	61.0000		474	526
6110	61.1000		479	521
6120	61.2000		470	530
6130	61.3000		483	517
6140	61.4000		489	511
6150	61.5000		476	524
6160	61.6000		474	526
6170	61.7000		461	539
6180	61.8000		446	554
6190	61.9000		460	540
6200	62.0000		452	548
6210	62.1000		464	536
6220	62.2000		461	539
6230	62.3000		480	520
6240	62.4000		483	517
6250	62.5000		484	516
6260	62.6000		481	519
6270	62.7000		488	512
6280	62.8000		500	500
6290	62.9000		509	491
6300	63.0000		513	487
6310	63.1000		517	483
6320	63.2000		511	489
6330	63.3000		514	486
6340	63.4000		508	492
6350	63.5000		501	499
6360	63.6000		504	496
6370	63.7000		483	517
6380	63.8000		485	515
6390	63.9000		486	514
6400	64.0000		497	503
6410	64.1000		493	507
6420	64.2000		480	520
6430	64.3000		474	526
6440	64.4000		472	528
6450	64.5000		458	542
6460	64.6000		457	543
6470	64.7000		466	534
6480	64.8000		458	542
6490	64.9000		438	562
6500	65.0000		450	550
6510	65.1000		438	562
6520	65.2000		445	555
6530	65.3000		442	558
6540	65.4000		448	552
6550	65.5000		450	550
6560	65.6000		451	549
6570	65.7000		476	524
6580	65.8000		481	519
6590	65.9000		469	531
6600	66.0000		478	522
6610	66.1000		460	540
6620	66.2000		461	539
6630	66.3000		474	526
6640	66.4000		474	526
6650	66.5000		461	539
6660	66.6000		460	540
6670	66.7000		459	541
6680	66.8000		470	530
6690	66.9000		459	541
6700	67.0000		452	548
6710	67.1000		470	530
6720	67.2000		480	520
6730	67.3000		485	515
6740	67.4000		489	511
6750	67.5000		487	513
6760	67.6000		490	510
6770	67.7000		481	519
6780	67.8000		466	534
6790	67.9000		483	517
6800	68.0000		491	509
6810	68.1000		479	521
6820	68.2000		475	525
6830	68.3000		474	526
6840	68.4000		476	524
6850	68.5000		475	525
6860	68.6000		483	517
6870	68.7000		480	520
6880	68.8000		470	530
6890	68.9000		476	524
6900	69.0000		471	529
6910	69.1000		468	532
6920	69.2000		475	525
6930	69.3000		478	522
6940	69.4000		472	528
6950	69.5000		472	528
6960	69.6000		470	530
6970	69.7000		479	521
6980	69.8000		490	510
6990	69.9000		500	500
7000	70.0000		492	508
7010	70.1000		486	514
7020	70.2000		494	506
7030	70.3000		478	522
7040	70.4000		477	523
7050	70.5000		474	526
7060	70.6000		485	515
7070	70.7000		491	509
7080	70.8000		474	526
7090	70.9000		461	539
7100	71.0000		457	543
7110	71.1000		468	532
7120	71.2000		466	534
7130	71.3000		465	535
7140	71.4000		485	515
7150	71.5000		473	527
7160	71.6000		493	507
7170	71.7000		490	510
7180	71.8000		485	515
7190	71.9000		489	511
7200	72.0000		481	519
7210	72.1000		461	539
7220	72.2000		465	535
7230	72.3000		471	529
7240	72.4000		468	532
7250	72.5000		480	520
7260	72.6000		470	530
7270	72.7000		460	540
7280	72.8000		466	534
7290	72.9000		462	538
7300	73.0000		462	538
7310	73.1000		442	558
7320	73.2000		447	553
7330	73.3000		448	552
7340	73.4000		454	546
7350	73.5000		445	555
7360	73.6000		429	571
7370	73.7000		437	563
7380	73.8000		449	551
7390	73.9000		449	551
7400	74.0000		426	574
7410	74.1000		416	584
7420	74.2000		420	580
7430	74.3000		422	578
7440	74.4000		429	571
7450	74.5000		431	569
7460	74.6000		432	568
7470	74.7000		430	570
7480	74.8000		445	555
7490	74.9000		433	567
7500	75.0000		421	579
7510	75.1000		422	578
7520	75.2000		434	566
7530	75.3000		426	574
7540	75.4000		427	573
7550	75.5000		436	564
7560	75.6000		444	556
7570	75.7000		453	547
7580	75.8000		451	549
7590	75.9000		450	550
7600	76.0000		453	547
7610	76.1000		445	555
7620	76.2000		447	553
7630	76.3000		451	549
7640	76.4000		456	544
7650	76.5000		451	549
7660	76.6000		447	553
7670	76.7000		449	551
7680	76.8000		453	547
7690	76.9000		463	537
7700	77.0000		466	534
7710	77.1000		467	533
7720	77.2000		460	540
7730	77.3000		452	548
7740	77.4000		453	547
7750	77.5000		468	532
7760	77.6000		459	541
7770	77.7000		461	539
7780	77.8000		455	545
7790	77.9000		452	548
7800	78.0000		469	531
7810	78.1000		465	535
7820	78.2000		478	522
7830	78.3000		463	537
7840	78.4000		481	519
7850	78.5000		470	530
7860	78.6000		463	537
7870	78.7000		458	542
7880	78.8000		454	546
7890	78.9000		448	552
7900	79.0000		452	548
7910	79.1000		457	543
7920	79.2000		445	555
7930	79.3000		449	551
7940	79.4000		449	551
7950	79.5000		450	550
7960	79.6000		456	544
7970	79.7000		450	550
7980	79.8000		458	542
7990	79.9000		448	552
8000	80.0000		449	551
8010	80.1000		451	549
8020	80.2000		458	542
8030	80.3000		469	531
8040	80.4000		474	526
8050	80.5000		468	532
8060	80.6000		464	536
8070	80.7000		457	543
8080	80.8000		461	539
8090	80.9000		470	530
8100	81.0000		494	506
8110	81.1000		497	503
8120	81.2000		484	516
8130	81.3000		491	509
8140	81.4000		489	511
8150	81.5000		493	507
8160	81.6000		483	517
8170	81.7000		489	511
8180	81.8000		497	503
8190	81.9000		489	511
8200	82.0000		480	520
8210	82.1000		484	516
8220	82.2000		469	531
8230	82.3000		469	531
8240	82.4000		472	528
8250	82.5000		450	550
8260	82.6000		461	539
8270	82.7000		480	520
8280	82.8000		469	531
8290	82.9000		459	541
8300	83.0000		457	543
8310	83.1000		455	545
8320	83.2000		462	538
8330	83.3000		458	542
8340	83.4000		469	531
8350	83.5000		455	545
8360	83.6000		452	548
8370	83.7000		449	551
8380	83.8000		464	536
8390	83.9000		466	534
8400	84.0000		466	534
8410	84.1000		472	528
8420	84.2000		473	527
8430	84.3000		472	528
8440	84.4000		470	530
8450	84.5000		461	539
8460	84.6000		458	542
8470	84.7000		438	562
8480	84.8000		455	545
8490	84.9000		463	537
8500	85.0000		469	531
8510	85.1000		464	536
8520	85.2000		461	539
8530	85.3000		473	527
8540	85.4000		482	518
8550	85.5000		499	501
8560	85.6000		498	502
8570	85.7000		508	492
8580	85.8000		502	498
8590	85.9000		505	495
8600	86.0000		497	503
8610	86.1000		497	503
8620	86.2000		495	505
8630	86.3000		484	516
8640	86.4000		479	521
8650	86.5000		466	534
8660	86.6000		479	521
8670	86.7000		458	542
8680	86.8000		465	535
8690	86.9000		473	527
8700	87.0000		463	537
8710	87.1000		442	558
8720	87.2000		447	553
8730	87.3000		440	560
8740	87.4000		445	555
8750	87.5000		439	561
8760	87.6000		440	560
8770	87.7000		427	573
8780	87.8000		426	574
8790	87.9000		426	574
8800	88.0000		433	567
8810	88.1000		444	556
8820	88.2000		447	553
8830	88.3000		444	556
8840	88.4000		446	554
8850	88.5000		457	543
8860	88.6000		461	539
8870	88.7000		464	536
8880	88.8000		470	530
8890	88.9000		466	534
8900	89.0000		454	546
8910	89.1000		468	532
8920	89.2000		475	525
8930	89.3000		475	525
8940	89.4000		467	533
8950	89.5000		486	514
8960	89.6000		503	497
8970	89.7000		504	496
8980	89.8000		494	506
8990	89.9000		494	506
9000	90.0000		484	516
9010	90.1000		492	508
9020	90.2000		499	501
9030	90.3000		495	505
9040	90.4000		502	498
9050	90.5000		490	510
9060	90.6000		498	502
9070	90.7000		491	509
9080	90.8000		492	508
9090	90.9000		469	531
9100	91.0000		476	524
9110	91.1000		489	511
9120	91.2000		484	516
9130	91.3000		477	523
9140	91.4000		478	522
9150	91.5000		474	526
9160	91.6000		461	539
9170	91.7000		457	543
9180	91.8000		463	537
9190	91.9000		452	548
9200	92.0000		479	521
9210	92.1000		487	513
9220	92.2000		480	520
9230	92.3000		477	523
9240	92.4000		496	504
9250	92.5000		489	511
9260	92.6000		508	492
9270	92.7000		495	505
9280	92.8000		505	495
9290	92.9000		505	495
9300	93.0000		476	524
9310	93.1000		479	521
9320	93.2000		498	502
9330	93.3000		503	497
9340	93.4000		508	492
9350	93.5000		515	485
9360	93.6000		507	493
9370	93.7000		498	502
9380	93.8000		504	496
9390	93.9000		503	497
9400	94.0000		513	487
9410	94.1000		517	483
9420	94.2000		520	480
9430	94.3000		509	491
9440	94.4000		500	500
9450	94.5000		502	498
9460	94.6000		497	503
9470	94.7000		500	500
9480	94.8000		512	488
9490	94.9000		517	483
9500	95.0000		507	493
9510	95.1000		517	483
9520	95.2000		510	490
9530	95.3000		502	498
9540	95.4000		491	509
9550	95.5000		495	505
9560	95.6000		481	519
9570	95.7000		480	520
9580	95.8000		461	539
9590	95.9000		459	541
9600	96.0000		452	548
9610	96.1000		470	530
9620	96.2000		467	533
9630	96.3000		470	530
9640	96.4000		459	541
9650	96.5000		461	539
9660	96.6000		471	529
9670	96.7000		476	524
9680	96.8000		458	542
9690	96.9000		461	539
9700	97.0000		468	532
9710	97.1000		463	537
9720	97.2000		465	535
9730	97.3000		453	547
9740	97.4000		438	562
9750	97.5000		431	569
9760	97.6000		437	563
9770	97.7000		447	553
9780	97.8000		477	523
9790	97.9000		501	499
9800	98.0000		502	498
9810	98.1000		508	492
9820	98.2000		499	501
9830	98.3000		479	521
9840	98.4000		493	507
9850	98.5000		483	517
9860	98.6000		475	525
9870	98.7000		479	521
9880	98.8000		474	526
9890	98.9000		466	534
9900	99.0000		477	523
9910	99.1000		458	542
9920	99.2000		472	528
9930	99.3000		478	522
9940	99.4000		467	533
9950	99.5000		485	515
9960	99.6000		475	525
9970	99.7000		468	532
9980	99.8000		473	527
9990	99.9000		470	530
10000	100.0000		465	535
# Simulation completed.
