# Creating system...
# System created with N=1000 particles

# Initial state:
# Susceptibles: 999, Infected: 1

# Starting simulation...
# Step	Time		S	I
0	0.0000		999	1
10	0.1000		999	1
20	0.2000		999	1
30	0.3000		998	2
40	0.4000		998	2
50	0.5000		998	2
60	0.6000		998	2
70	0.7000		998	2
80	0.8000		997	3
90	0.9000		998	2
100	1.0000		998	2
110	1.1000		998	2
120	1.2000		998	2
130	1.3000		998	2
140	1.4000		999	1
150	1.5000		999	1
160	1.6000		996	4
170	1.7000		996	4
180	1.8000		996	4
190	1.9000		996	4
200	2.0000		995	5
210	2.1000		996	4
220	2.2000		996	4
230	2.3000		996	4
240	2.4000		996	4
250	2.5000		997	3
260	2.6000		996	4
270	2.7000		997	3
280	2.8000		998	2
290	2.9000		999	1
300	3.0000		999	1
310	3.1000		999	1
320	3.2000		999	1
330	3.3000		999	1
340	3.4000		999	1
350	3.5000		999	1
360	3.6000		998	2
370	3.7000		998	2
380	3.8000		998	2
390	3.9000		996	4
400	4.0000		996	4
410	4.1000		996	4
420	4.2000		995	5
430	4.3000		995	5
440	4.4000		995	5
450	4.5000		993	7
460	4.6000		993	7
470	4.7000		992	8
480	4.8000		993	7
490	4.9000		993	7
500	5.0000		992	8
510	5.1000		992	8
520	5.2000		992	8
530	5.3000		988	12
540	5.4000		986	14
550	5.5000		982	18
560	5.6000		982	18
570	5.7000		982	18
580	5.8000		981	19
590	5.9000		977	23
600	6.0000		977	23
610	6.1000		978	22
620	6.2000		977	23
630	6.3000		980	20
640	6.4000		981	19
650	6.5000		979	21
660	6.6000		979	21
670	6.7000		975	25
680	6.8000		973	27
690	6.9000		976	24
700	7.0000		976	24
710	7.1000		977	23
720	7.2000		975	25
730	7.3000		971	29
740	7.4000		973	27
750	7.5000		972	28
760	7.6000		971	29
770	7.7000		973	27
780	7.8000		969	31
790	7.9000		967	33
800	8.0000		965	35
810	8.1000		968	32
820	8.2000		968	32
830	8.3000		968	32
840	8.4000		971	29
850	8.5000		966	34
860	8.6000		964	36
870	8.7000		966	34
880	8.8000		958	42
890	8.9000		956	44
900	9.0000		950	50
910	9.1000		946	54
920	9.2000		950	50
930	9.3000		949	51
940	9.4000		940	60
950	9.5000		943	57
960	9.6000		942	58
970	9.7000		943	57
980	9.8000		941	59
990	9.9000		938	62
1000	10.0000		937	63
1010	10.1000		931	69
1020	10.2000		923	77
1030	10.3000		917	83
1040	10.4000		916	84
1050	10.5000		918	82
1060	10.6000		922	78
1070	10.7000		914	86
1080	10.8000		917	83
1090	10.9000		917	83
1100	11.0000		915	85
1110	11.1000		921	79
1120	11.2000		916	84
1130	11.3000		914	86
1140	11.4000		915	85
1150	11.5000		905	95
1160	11.6000		906	94
1170	11.7000		905	95
1180	11.8000		898	102
1190	11.9000		890	110
1200	12.0000		886	114
1210	12.1000		879	121
1220	12.2000		878	122
1230	12.3000		870	130
1240	12.4000		867	133
1250	12.5000		867	133
1260	12.6000		863	137
1270	12.7000		862	138
1280	12.8000		863	137
1290	12.9000		857	143
1300	13.0000		859	141
1310	13.1000		859	141
1320	13.2000		853	147
1330	13.3000		853	147
1340	13.4000		852	148
1350	13.5000		854	146
1360	13.6000		847	153
1370	13.7000		842	158
1380	13.8000		834	166
1390	13.9000		834	166
1400	14.0000		826	174
1410	14.1000		813	187
1420	14.2000		796	204
1430	14.3000		798	202
1440	14.4000		795	205
1450	14.5000		787	213
1460	14.6000		784	216
1470	14.7000		790	210
1480	14.8000		792	208
1490	14.9000		788	212
1500	15.0000		776	224
1510	15.1000		769	231
1520	15.2000		764	236
1530	15.3000		759	241
1540	15.4000		750	250
1550	15.5000		752	248
1560	15.6000		746	254
1570	15.7000		746	254
1580	15.8000		749	251
1590	15.9000		738	262
1600	16.0000		747	253
1610	16.1000		747	253
1620	16.2000		735	265
1630	16.3000		730	270
1640	16.4000		727	273
1650	16.5000		721	279
1660	16.6000		709	291
1670	16.7000		701	299
1680	16.8000		701	299
1690	16.9000		697	303
1700	17.0000		703	297
1710	17.1000		699	301
1720	17.2000		698	302
1730	17.3000		691	309
1740	17.4000		684	316
1750	17.5000		680	320
1760	17.6000		681	319
1770	17.7000		673	327
1780	17.8000		677	323
1790	17.9000		677	323
1800	18.0000		668	332
1810	18.1000		667	333
1820	18.2000		659	341
1830	18.3000		664	336
1840	18.4000		673	327
1850	18.5000		667	333
1860	18.6000		659	341
1870	18.7000		673	327
1880	18.8000		678	322
1890	18.9000		663	337
1900	19.0000		659	341
1910	19.1000		667	333
1920	19.2000		652	348
1930	19.3000		640	360
1940	19.4000		641	359
1950	19.5000		643	357
1960	19.6000		650	350
1970	19.7000		645	355
1980	19.8000		637	363
1990	19.9000		647	353
2000	20.0000		640	360
2010	20.1000		633	367
2020	20.2000		625	375
2030	20.3000		628	372
2040	20.4000		631	369
2050	20.5000		628	372
2060	20.6000		641	359
2070	20.7000		625	375
2080	20.8000		621	379
2090	20.9000		621	379
2100	21.0000		619	381
2110	21.1000		624	376
2120	21.2000		613	387
2130	21.3000		607	393
2140	21.4000		614	386
2150	21.5000		607	393
2160	21.6000		599	401
2170	21.7000		601	399
2180	21.8000		594	406
2190	21.9000		594	406
2200	22.0000		588	412
2210	22.1000		587	413
2220	22.2000		590	410
2230	22.3000		586	414
2240	22.4000		578	422
2250	22.5000		568	432
2260	22.6000		567	433
2270	22.7000		574	426
2280	22.8000		568	432
2290	22.9000		574	426
2300	23.0000		569	431
2310	23.1000		559	441
2320	23.2000		554	446
2330	23.3000		543	457
2340	23.4000		544	456
2350	23.5000		543	457
2360	23.6000		540	460
2370	23.7000		545	455
2380	23.8000		548	452
2390	23.9000		549	451
2400	24.0000		551	449
2410	24.1000		528	472
2420	24.2000		535	465
2430	24.3000		531	469
2440	24.4000		513	487
2450	24.5000		513	487
2460	24.6000		520	480
2470	24.7000		516	484
2480	24.8000		506	494
2490	24.9000		513	487
2500	25.0000		514	486
2510	25.1000		520	480
2520	25.2000		532	468
2530	25.3000		518	482
2540	25.4000		516	484
2550	25.5000		501	499
2560	25.6000		494	506
2570	25.7000		485	515
2580	25.8000		484	516
2590	25.9000		482	518
2600	26.0000		488	512
2610	26.1000		481	519
2620	26.2000		489	511
2630	26.3000		478	522
2640	26.4000		460	540
2650	26.5000		448	552
2660	26.6000		445	555
2670	26.7000		435	565
2680	26.8000		425	575
2690	26.9000		432	568
2700	27.0000		436	564
2710	27.1000		444	556
2720	27.2000		460	540
2730	27.3000		466	534
2740	27.4000		466	534
2750	27.5000		468	532
2760	27.6000		470	530
2770	27.7000		472	528
2780	27.8000		471	529
2790	27.9000		474	526
2800	28.0000		487	513
2810	28.1000		492	508
2820	28.2000		484	516
2830	28.3000		485	515
2840	28.4000		492	508
2850	28.5000		492	508
2860	28.6000		477	523
2870	28.7000		466	534
2880	28.8000		465	535
2890	28.9000		457	543
2900	29.0000		470	530
2910	29.1000		470	530
2920	29.2000		468	532
2930	29.3000		448	552
2940	29.4000		444	556
2950	29.5000		446	554
2960	29.6000		447	553
2970	29.7000		454	546
2980	29.8000		436	564
2990	29.9000		435	565
3000	30.0000		440	560
3010	30.1000		433	567
3020	30.2000		433	567
3030	30.3000		423	577
3040	30.4000		419	581
3050	30.5000		411	589
3060	30.6000		405	595
3070	30.7000		408	592
3080	30.8000		413	587
3090	30.9000		421	579
3100	31.0000		435	565
3110	31.1000		437	563
3120	31.2000		443	557
3130	31.3000		438	562
3140	31.4000		437	563
3150	31.5000		423	577
3160	31.6000		427	573
3170	31.7000		428	572
3180	31.8000		436	564
3190	31.9000		460	540
3200	32.0000		469	531
3210	32.1000		464	536
3220	32.2000		472	528
3230	32.3000		475	525
3240	32.4000		459	541
3250	32.5000		459	541
3260	32.6000		459	541
3270	32.7000		457	543
3280	32.8000		475	525
3290	32.9000		470	530
3300	33.0000		456	544
3310	33.1000		462	538
3320	33.2000		454	546
3330	33.3000		447	553
3340	33.4000		454	546
3350	33.5000		451	549
3360	33.6000		462	538
3370	33.7000		453	547
3380	33.8000		443	557
3390	33.9000		445	555
3400	34.0000		447	553
3410	34.1000		439	561
3420	34.2000		437	563
3430	34.3000		444	556
3440	34.4000		454	546
3450	34.5000		464	536
3460	34.6000		465	535
3470	34.7000		464	536
3480	34.8000		465	535
3490	34.9000		458	542
3500	35.0000		452	548
3510	35.1000		433	567
3520	35.2000		437	563
3530	35.3000		446	554
3540	35.4000		457	543
3550	35.5000		454	546
3560	35.6000		446	554
3570	35.7000		440	560
3580	35.8000		433	567
3590	35.9000		432	568
3600	36.0000		414	586
3610	36.1000		421	579
3620	36.2000		431	569
3630	36.3000		437	563
3640	36.4000		444	556
3650	36.5000		456	544
3660	36.6000		456	544
3670	36.7000		458	542
3680	36.8000		471	529
3690	36.9000		471	529
3700	37.0000		473	527
3710	37.1000		477	523
3720	37.2000		482	518
3730	37.3000		482	518
3740	37.4000		479	521
3750	37.5000		481	519
3760	37.6000		460	540
3770	37.7000		465	535
3780	37.8000		479	521
3790	37.9000		496	504
3800	38.0000		487	513
3810	38.1000		490	510
3820	38.2000		493	507
3830	38.3000		492	508
3840	38.4000		497	503
3850	38.5000		491	509
3860	38.6000		498	502
3870	38.7000		504	496
3880	38.8000		511	489
3890	38.9000		512	488
3900	39.0000		515	485
3910	39.1000		500	500
3920	39.2000		495	505
3930	39.3000		482	518
3940	39.4000		495	505
3950	39.5000		492	508
3960	39.6000		487	513
3970	39.7000		491	509
3980	39.8000		484	516
3990	39.9000		481	519
4000	40.0000		481	519
4010	40.1000		463	537
4020	40.2000		479	521
4030	40.3000		459	541
4040	40.4000		464	536
4050	40.5000		464	536
4060	40.6000		455	545
4070	40.7000		462	538
4080	40.8000		460	540
4090	40.9000		459	541
4100	41.0000		474	526
4110	41.1000		487	513
4120	41.2000		473	527
4130	41.3000		477	523
4140	41.4000		480	520
4150	41.5000		469	531
4160	41.6000		472	528
4170	41.7000		475	525
4180	41.8000		475	525
4190	41.9000		474	526
4200	42.0000		478	522
4210	42.1000		481	519
4220	42.2000		466	534
4230	42.3000		460	540
4240	42.4000		442	558
4250	42.5000		459	541
4260	42.6000		465	535
4270	42.7000		470	530
4280	42.8000		489	511
4290	42.9000		485	515
4300	43.0000		477	523
4310	43.1000		465	535
4320	43.2000		488	512
4330	43.3000		490	510
4340	43.4000		489	511
4350	43.5000		476	524
4360	43.6000		468	532
4370	43.7000		447	553
4380	43.8000		438	562
4390	43.9000		434	566
4400	44.0000		420	580
4410	44.1000		434	566
4420	44.2000		439	561
4430	44.3000		453	547
4440	44.4000		437	563
4450	44.5000		444	556
4460	44.6000		444	556
4470	44.7000		415	585
4480	44.8000		408	592
4490	44.9000		419	581
4500	45.0000		426	574
4510	45.1000		431	569
4520	45.2000		422	578
4530	45.3000		413	587
4540	45.4000		424	576
4550	45.5000		435	565
4560	45.6000		447	553
4570	45.7000		439	561
4580	45.8000		456	544
4590	45.9000		471	529
4600	46.0000		465	535
4610	46.1000		479	521
4620	46.2000		470	530
4630	46.3000		460	540
4640	46.4000		460	540
4650	46.5000		478	522
4660	46.6000		476	524
4670	46.7000		480	520
4680	46.8000		490	510
4690	46.9000		489	511
4700	47.0000		506	494
4710	47.1000		498	502
4720	47.2000		504	496
4730	47.3000		505	495
4740	47.4000		505	495
4750	47.5000		484	516
4760	47.6000		483	517
4770	47.7000		486	514
4780	47.8000		470	530
4790	47.9000		479	521
4800	48.0000		495	505
4810	48.1000		500	500
4820	48.2000		479	521
4830	48.3000		482	518
4840	48.4000		475	525
4850	48.5000		461	539
4860	48.6000		476	524
4870	48.7000		464	536
4880	48.8000		465	535
4890	48.9000		469	531
4900	49.0000		473	527
4910	49.1000		477	523
4920	49.2000		458	542
4930	49.3000		463	537
4940	49.4000		468	532
4950	49.5000		465	535
4960	49.6000		468	532
4970	49.7000		462	538
4980	49.8000		464	536
4990	49.9000		464	536
5000	50.0000		472	528
5010	50.1000		477	523
5020	50.2000		483	517
5030	50.3000		477	523
5040	50.4000		461	539
5050	50.5000		463	537
5060	50.6000		469	531
5070	50.7000		478	522
5080	50.8000		474	526
5090	50.9000		460	540
5100	51.0000		452	548
5110	51.1000		459	541
5120	51.2000		462	538
5130	51.3000		450	550
5140	51.4000		460	540
5150	51.5000		456	544
5160	51.6000		467	533
5170	51.7000		467	533
5180	51.8000		465	535
5190	51.9000		468	532
5200	52.0000		463	537
5210	52.1000		461	539
5220	52.2000		465	535
5230	52.3000		472	528
5240	52.4000		478	522
5250	52.5000		479	521
5260	52.6000		465	535
5270	52.7000		464	536
5280	52.8000		468	532
5290	52.9000		472	528
5300	53.0000		481	519
5310	53.1000		467	533
5320	53.2000		459	541
5330	53.3000		466	534
5340	53.4000		474	526
5350	53.5000		481	519
5360	53.6000		482	518
5370	53.7000		488	512
5380	53.8000		495	505
5390	53.9000		502	498
5400	54.0000		509	491
5410	54.1000		500	500
5420	54.2000		496	504
5430	54.3000		493	507
5440	54.4000		479	521
5450	54.5000		482	518
5460	54.6000		474	526
5470	54.7000		461	539
5480	54.8000		448	552
5490	54.9000		452	548
5500	55.0000		459	541
5510	55.1000		456	544
5520	55.2000		455	545
5530	55.3000		461	539
5540	55.4000		471	529
5550	55.5000		458	542
5560	55.6000		457	543
5570	55.7000		464	536
5580	55.8000		460	540
5590	55.9000		462	538
5600	56.0000		475	525
5610	56.1000		487	513
5620	56.2000		492	508
5630	56.3000		482	518
5640	56.4000		468	532
5650	56.5000		470	530
5660	56.6000		475	525
5670	56.7000		484	516
5680	56.8000		490	510
5690	56.9000		478	522
5700	57.0000		485	515
5710	57.1000		481	519
5720	57.2000		490	510
5730	57.3000		482	518
5740	57.4000		475	525
5750	57.5000		466	534
5760	57.6000		469	531
5770	57.7000		473	527
5780	57.8000		473	527
5790	57.9000		471	529
5800	58.0000		468	532
5810	58.1000		472	528
5820	58.2000		464	536
5830	58.3000		471	529
5840	58.4000		472	528
5850	58.5000		481	519
5860	58.6000		487	513
5870	58.7000		499	501
5880	58.8000		496	504
5890	58.9000		498	502
5900	59.0000		489	511
5910	59.1000		479	521
5920	59.2000		482	518
5930	59.3000		467	533
5940	59.4000		471	529
5950	59.5000		471	529
5960	59.6000		455	545
5970	59.7000		452	548
5980	59.8000		455	545
5990	59.9000		451	549
6000	60.0000		453	547
6010	60.1000		465	535
6020	60.2000		471	529
6030	60.3000		460	540
6040	60.4000		459	541
6050	60.5000		450	550
6060	60.6000		465	535
6070	60.7000		474	526
6080	60.8000		474	526
6090	60.9000		486	514
6100	61.0000		475	525
6110	61.1000		468	532
6120	61.2000		451	549
6130	61.3000		459	541
6140	61.4000		453	547
6150	61.5000		440	560
6160	61.6000		429	571
6170	61.7000		428	572
6180	61.8000		429	571
6190	61.9000		433	567
6200	62.0000		434	566
6210	62.1000		441	559
6220	62.2000		447	553
6230	62.3000		431	569
6240	62.4000		418	582
6250	62.5000		422	578
6260	62.6000		404	596
6270	62.7000		408	592
6280	62.8000		422	578
6290	62.9000		437	563
6300	63.0000		441	559
6310	63.1000		446	554
6320	63.2000		435	565
6330	63.3000		429	571
6340	63.4000		439	561
6350	63.5000		439	561
6360	63.6000		440	560
6370	63.7000		438	562
6380	63.8000		456	544
6390	63.9000		453	547
6400	64.0000		447	553
6410	64.1000		445	555
6420	64.2000		436	564
6430	64.3000		432	568
6440	64.4000		424	576
6450	64.5000		436	564
6460	64.6000		434	566
6470	64.7000		444	556
6480	64.8000		456	544
6490	64.9000		470	530
6500	65.0000		457	543
6510	65.1000		443	557
6520	65.2000		449	551
6530	65.3000		444	556
6540	65.4000		449	551
6550	65.5000		451	549
6560	65.6000		456	544
6570	65.7000		463	537
6580	65.8000		469	531
6590	65.9000		474	526
6600	66.0000		479	521
6610	66.1000		472	528
6620	66.2000		467	533
6630	66.3000		448	552
6640	66.4000		450	550
6650	66.5000		443	557
6660	66.6000		466	534
6670	66.7000		463	537
6680	66.8000		449	551
6690	66.9000		452	548
6700	67.0000		465	535
6710	67.1000		450	550
6720	67.2000		444	556
6730	67.3000		439	561
6740	67.4000		431	569
6750	67.5000		432	568
6760	67.6000		423	577
6770	67.7000		422	578
6780	67.8000		443	557
6790	67.9000		431	569
6800	68.0000		428	572
6810	68.1000		423	577
6820	68.2000		425	575
6830	68.3000		432	568
6840	68.4000		432	568
6850	68.5000		432	568
6860	68.6000		443	557
6870	68.7000		468	532
6880	68.8000		447	553
6890	68.9000		442	558
6900	69.0000		462	538
6910	69.1000		473	527
6920	69.2000		469	531
6930	69.3000		472	528
6940	69.4000		476	524
6950	69.5000		469	531
6960	69.6000		465	535
6970	69.7000		472	528
6980	69.8000		478	522
6990	69.9000		490	510
7000	70.0000		467	533
7010	70.1000		465	535
7020	70.2000		463	537
7030	70.3000		461	539
7040	70.4000		457	543
7050	70.5000		453	547
7060	70.6000		455	545
7070	70.7000		434	566
7080	70.8000		450	550
7090	70.9000		452	548
7100	71.0000		460	540
7110	71.1000		457	543
7120	71.2000		467	533
7130	71.3000		459	541
7140	71.4000		456	544
7150	71.5000		455	545
7160	71.6000		454	546
7170	71.7000		454	546
7180	71.8000		442	558
7190	71.9000		443	557
7200	72.0000		436	564
7210	72.1000		449	551
7220	72.2000		451	549
7230	72.3000		465	535
7240	72.4000		456	544
7250	72.5000		458	542
7260	72.6000		461	539
7270	72.7000		470	530
7280	72.8000		476	524
7290	72.9000		476	524
7300	73.0000		463	537
7310	73.1000		459	541
7320	73.2000		463	537
7330	73.3000		450	550
7340	73.4000		443	557
7350	73.5000		455	545
7360	73.6000		467	533
7370	73.7000		470	530
7380	73.8000		467	533
7390	73.9000		458	542
7400	74.0000		451	549
7410	74.1000		461	539
7420	74.2000		456	544
7430	74.3000		465	535
7440	74.4000		462	538
7450	74.5000		472	528
7460	74.6000		480	520
7470	74.7000		470	530
7480	74.8000		469	531
7490	74.9000		471	529
7500	75.0000		455	545
7510	75.1000		446	554
7520	75.2000		452	548
7530	75.3000		461	539
7540	75.4000		460	540
7550	75.5000		471	529
7560	75.6000		470	530
7570	75.7000		453	547
7580	75.8000		443	557
7590	75.9000		434	566
7600	76.0000		430	570
7610	76.1000		434	566
7620	76.2000		435	565
7630	76.3000		429	571
7640	76.4000		416	584
7650	76.5000		428	572
7660	76.6000		451	549
7670	76.7000		460	540
7680	76.8000		469	531
7690	76.9000		471	529
7700	77.0000		477	523
7710	77.1000		473	527
7720	77.2000		471	529
7730	77.3000		478	522
7740	77.4000		476	524
7750	77.5000		495	505
7760	77.6000		491	509
7770	77.7000		487	513
7780	77.8000		500	500
7790	77.9000		491	509
7800	78.0000		490	510
7810	78.1000		504	496
7820	78.2000		504	496
7830	78.3000		508	492
7840	78.4000		484	516
7850	78.5000		481	519
7860	78.6000		474	526
7870	78.7000		480	520
7880	78.8000		498	502
7890	78.9000		479	521
7900	79.0000		473	527
7910	79.1000		478	522
7920	79.2000		470	530
7930	79.3000		477	523
7940	79.4000		467	533
7950	79.5000		455	545
7960	79.6000		477	523
7970	79.7000		473	527
7980	79.8000		474	526
7990	79.9000		464	536
8000	80.0000		478	522
8010	80.1000		473	527
8020	80.2000		460	540
8030	80.3000		467	533
8040	80.4000		466	534
8050	80.5000		455	545
8060	80.6000		452	548
8070	80.7000		451	549
8080	80.8000		448	552
8090	80.9000		444	556
8100	81.0000		451	549
8110	81.1000		450	550
8120	81.2000		463	537
8130	81.3000		458	542
8140	81.4000		448	552
8150	81.5000		428	572
8160	81.6000		435	565
8170	81.7000		440	560
8180	81.8000		434	566
8190	81.9000		427	573
8200	82.0000		437	563
8210	82.1000		446	554
8220	82.2000		444	556
8230	82.3000		441	559
8240	82.4000		428	572
8250	82.5000		416	584
8260	82.6000		419	581
8270	82.7000		415	585
8280	82.8000		433	567
8290	82.9000		447	553
8300	83.0000		441	559
8310	83.1000		453	547
8320	83.2000		454	546
8330	83.3000		440	560
8340	83.4000		442	558
8350	83.5000		438	562
8360	83.6000		464	536
8370	83.7000		466	534
8380	83.8000		480	520
8390	83.9000		486	514
8400	84.0000		509	491
8410	84.1000		515	485
8420	84.2000		514	486
8430	84.3000		511	489
8440	84.4000		513	487
8450	84.5000		527	473
8460	84.6000		529	471
8470	84.7000		525	475
8480	84.8000		515	485
8490	84.9000		518	482
8500	85.0000		515	485
8510	85.1000		509	491
8520	85.2000		507	493
8530	85.3000		493	507
8540	85.4000		491	509
8550	85.5000		495	505
8560	85.6000		498	502
8570	85.7000		509	491
8580	85.8000		494	506
8590	85.9000		494	506
8600	86.0000		500	500
8610	86.1000		494	506
8620	86.2000		498	502
8630	86.3000		507	493
8640	86.4000		489	511
8650	86.5000		466	534
8660	86.6000		475	525
8670	86.7000		467	533
8680	86.8000		465	535
8690	86.9000		470	530
8700	87.0000		471	529
8710	87.1000		474	526
8720	87.2000		481	519
8730	87.3000		465	535
8740	87.4000		456	544
8750	87.5000		436	564
8760	87.6000		432	568
8770	87.7000		452	548
8780	87.8000		447	553
8790	87.9000		445	555
8800	88.0000		443	557
8810	88.1000		430	570
8820	88.2000		434	566
8830	88.3000		438	562
8840	88.4000		438	562
8850	88.5000		445	555
8860	88.6000		444	556
8870	88.7000		451	549
8880	88.8000		444	556
8890	88.9000		439	561
8900	89.0000		437	563
8910	89.1000		441	559
8920	89.2000		452	548
8930	89.3000		447	553
8940	89.4000		453	547
8950	89.5000		444	556
8960	89.6000		447	553
8970	89.7000		444	556
8980	89.8000		426	574
8990	89.9000		432	568
9000	90.0000		448	552
9010	90.1000		457	543
9020	90.2000		464	536
9030	90.3000		463	537
9040	90.4000		476	524
9050	90.5000		473	527
9060	90.6000		480	520
9070	90.7000		480	520
9080	90.8000		480	520
9090	90.9000		470	530
9100	91.0000		456	544
9110	91.1000		454	546
9120	91.2000		464	536
9130	91.3000		466	534
9140	91.4000		455	545
9150	91.5000		463	537
9160	91.6000		461	539
9170	91.7000		466	534
9180	91.8000		467	533
9190	91.9000		461	539
9200	92.0000		461	539
9210	92.1000		465	535
9220	92.2000		468	532
9230	92.3000		463	537
9240	92.4000		466	534
9250	92.5000		471	529
9260	92.6000		447	553
9270	92.7000		454	546
9280	92.8000		452	548
9290	92.9000		448	552
9300	93.0000		470	530
9310	93.1000		481	519
9320	93.2000		480	520
9330	93.3000		478	522
9340	93.4000		487	513
9350	93.5000		491	509
9360	93.6000		477	523
9370	93.7000		467	533
9380	93.8000		454	546
9390	93.9000		453	547
9400	94.0000		467	533
9410	94.1000		463	537
9420	94.2000		472	528
9430	94.3000		492	508
9440	94.4000		492	508
9450	94.5000		486	514
9460	94.6000		480	520
9470	94.7000		471	529
9480	94.8000		460	540
9490	94.9000		450	550
9500	95.0000		451	549
9510	95.1000		459	541
9520	95.2000		457	543
9530	95.3000		466	534
9540	95.4000		456	544
9550	95.5000		469	531
9560	95.6000		477	523
9570	95.7000		480	520
9580	95.8000		483	517
9590	95.9000		481	519
9600	96.0000		480	520
9610	96.1000		476	524
9620	96.2000		476	524
9630	96.3000		462	538
9640	96.4000		451	549
9650	96.5000		445	555
9660	96.6000		456	544
9670	96.7000		451	549
9680	96.8000		441	559
9690	96.9000		456	544
9700	97.0000		449	551
9710	97.1000		452	548
9720	97.2000		445	555
9730	97.3000		448	552
9740	97.4000		443	557
9750	97.5000		431	569
9760	97.6000		445	555
9770	97.7000		421	579
9780	97.8000		410	590
9790	97.9000		412	588
9800	98.0000		412	588
9810	98.1000		422	578
9820	98.2000		438	562
9830	98.3000		432	568
9840	98.4000		432	568
9850	98.5000		443	557
9860	98.6000		442	558
9870	98.7000		431	569
9880	98.8000		438	562
9890	98.9000		442	558
9900	99.0000		454	546
9910	99.1000		456	544
9920	99.2000		458	542
9930	99.3000		462	538
9940	99.4000		457	543
9950	99.5000		445	555
9960	99.6000		456	544
9970	99.7000		446	554
9980	99.8000		455	545
9990	99.9000		451	549
10000	100.0000		462	538
# Simulation completed.
