# Creating system...
# System created with N=1000 particles

# Initial state:
# Susceptibles: 999, Infected: 1

# Starting simulation...
# Step	Time		S	I
0	0.0000		999	1
10	0.1000		999	1
20	0.2000		999	1
30	0.3000		998	2
40	0.4000		997	3
50	0.5000		996	4
60	0.6000		996	4
70	0.7000		997	3
80	0.8000		997	3
90	0.9000		998	2
100	1.0000		997	3
110	1.1000		998	2
120	1.2000		997	3
130	1.3000		997	3
140	1.4000		996	4
150	1.5000		996	4
160	1.6000		997	3
170	1.7000		997	3
180	1.8000		997	3
190	1.9000		997	3
200	2.0000		997	3
210	2.1000		997	3
220	2.2000		997	3
230	2.3000		996	4
240	2.4000		995	5
250	2.5000		994	6
260	2.6000		994	6
270	2.7000		994	6
280	2.8000		993	7
290	2.9000		995	5
300	3.0000		995	5
310	3.1000		996	4
320	3.2000		995	5
330	3.3000		996	4
340	3.4000		997	3
350	3.5000		999	1
360	3.6000		999	1
370	3.7000		999	1
380	3.8000		999	1
390	3.9000		999	1
400	4.0000		999	1
410	4.1000		999	1
420	4.2000		999	1
430	4.3000		999	1
440	4.4000		999	1
450	4.5000		999	1
460	4.6000		999	1
470	4.7000		999	1
480	4.8000		999	1
490	4.9000		999	1
500	5.0000		999	1
510	5.1000		998	2
520	5.2000		998	2
530	5.3000		998	2
540	5.4000		997	3
550	5.5000		997	3
560	5.6000		997	3
570	5.7000		997	3
580	5.8000		998	2
590	5.9000		998	2
600	6.0000		998	2
610	6.1000		998	2
620	6.2000		998	2
630	6.3000		998	2
640	6.4000		998	2
650	6.5000		998	2
660	6.6000		998	2
670	6.7000		998	2
680	6.8000		998	2
690	6.9000		999	1
700	7.0000		998	2
710	7.1000		998	2
720	7.2000		996	4
730	7.3000		998	2
740	7.4000		998	2
750	7.5000		997	3
760	7.6000		997	3
770	7.7000		997	3
780	7.8000		997	3
790	7.9000		996	4
800	8.0000		995	5
810	8.1000		994	6
820	8.2000		994	6
830	8.3000		994	6
840	8.4000		993	7
850	8.5000		992	8
860	8.6000		990	10
870	8.7000		991	9
880	8.8000		992	8
890	8.9000		992	8
900	9.0000		992	8
910	9.1000		991	9
920	9.2000		990	10
930	9.3000		989	11
940	9.4000		990	10
950	9.5000		989	11
960	9.6000		989	11
970	9.7000		989	11
980	9.8000		990	10
990	9.9000		993	7
1000	10.0000		992	8
1010	10.1000		993	7
1020	10.2000		993	7
1030	10.3000		993	7
1040	10.4000		996	4
1050	10.5000		995	5
1060	10.6000		994	6
1070	10.7000		992	8
1080	10.8000		992	8
1090	10.9000		991	9
1100	11.0000		991	9
1110	11.1000		990	10
1120	11.2000		991	9
1130	11.3000		991	9
1140	11.4000		990	10
1150	11.5000		989	11
1160	11.6000		989	11
1170	11.7000		989	11
1180	11.8000		988	12
1190	11.9000		990	10
1200	12.0000		989	11
1210	12.1000		987	13
1220	12.2000		987	13
1230	12.3000		984	16
1240	12.4000		985	15
1250	12.5000		988	12
1260	12.6000		986	14
1270	12.7000		983	17
1280	12.8000		980	20
1290	12.9000		979	21
1300	13.0000		981	19
1310	13.1000		978	22
1320	13.2000		978	22
1330	13.3000		977	23
1340	13.4000		977	23
1350	13.5000		978	22
1360	13.6000		976	24
1370	13.7000		975	25
1380	13.8000		977	23
1390	13.9000		977	23
1400	14.0000		974	26
1410	14.1000		973	27
1420	14.2000		971	29
1430	14.3000		970	30
1440	14.4000		968	32
1450	14.5000		965	35
1460	14.6000		966	34
1470	14.7000		963	37
1480	14.8000		963	37
1490	14.9000		963	37
1500	15.0000		964	36
1510	15.1000		962	38
1520	15.2000		959	41
1530	15.3000		961	39
1540	15.4000		959	41
1550	15.5000		962	38
1560	15.6000		962	38
1570	15.7000		963	37
1580	15.8000		963	37
1590	15.9000		968	32
1600	16.0000		967	33
1610	16.1000		965	35
1620	16.2000		967	33
1630	16.3000		968	32
1640	16.4000		967	33
1650	16.5000		968	32
1660	16.6000		967	33
1670	16.7000		965	35
1680	16.8000		960	40
1690	16.9000		958	42
1700	17.0000		950	50
1710	17.1000		948	52
1720	17.2000		945	55
1730	17.3000		941	59
1740	17.4000		941	59
1750	17.5000		936	64
1760	17.6000		931	69
1770	17.7000		935	65
1780	17.8000		943	57
1790	17.9000		941	59
1800	18.0000		934	66
1810	18.1000		936	64
1820	18.2000		932	68
1830	18.3000		934	66
1840	18.4000		929	71
1850	18.5000		929	71
1860	18.6000		927	73
1870	18.7000		924	76
1880	18.8000		922	78
1890	18.9000		918	82
1900	19.0000		911	89
1910	19.1000		909	91
1920	19.2000		908	92
1930	19.3000		908	92
1940	19.4000		913	87
1950	19.5000		912	88
1960	19.6000		911	89
1970	19.7000		901	99
1980	19.8000		890	110
1990	19.9000		882	118
2000	20.0000		886	114
2010	20.1000		888	112
2020	20.2000		879	121
2030	20.3000		881	119
2040	20.4000		868	132
2050	20.5000		871	129
2060	20.6000		877	123
2070	20.7000		877	123
2080	20.8000		867	133
2090	20.9000		874	126
2100	21.0000		867	133
2110	21.1000		865	135
2120	21.2000		865	135
2130	21.3000		861	139
2140	21.4000		850	150
2150	21.5000		841	159
2160	21.6000		847	153
2170	21.7000		841	159
2180	21.8000		838	162
2190	21.9000		837	163
2200	22.0000		838	162
2210	22.1000		832	168
2220	22.2000		829	171
2230	22.3000		834	166
2240	22.4000		833	167
2250	22.5000		820	180
2260	22.6000		806	194
2270	22.7000		804	196
2280	22.8000		802	198
2290	22.9000		805	195
2300	23.0000		797	203
2310	23.1000		798	202
2320	23.2000		790	210
2330	23.3000		799	201
2340	23.4000		786	214
2350	23.5000		776	224
2360	23.6000		759	241
2370	23.7000		753	247
2380	23.8000		754	246
2390	23.9000		745	255
2400	24.0000		759	241
2410	24.1000		760	240
2420	24.2000		755	245
2430	24.3000		755	245
2440	24.4000		748	252
2450	24.5000		754	246
2460	24.6000		744	256
2470	24.7000		737	263
2480	24.8000		725	275
2490	24.9000		719	281
2500	25.0000		708	292
2510	25.1000		705	295
2520	25.2000		696	304
2530	25.3000		703	297
2540	25.4000		701	299
2550	25.5000		685	315
2560	25.6000		678	322
2570	25.7000		678	322
2580	25.8000		667	333
2590	25.9000		662	338
2600	26.0000		663	337
2610	26.1000		667	333
2620	26.2000		647	353
2630	26.3000		658	342
2640	26.4000		648	352
2650	26.5000		642	358
2660	26.6000		640	360
2670	26.7000		624	376
2680	26.8000		629	371
2690	26.9000		628	372
2700	27.0000		624	376
2710	27.1000		613	387
2720	27.2000		629	371
2730	27.3000		635	365
2740	27.4000		627	373
2750	27.5000		626	374
2760	27.6000		632	368
2770	27.7000		619	381
2780	27.8000		625	375
2790	27.9000		632	368
2800	28.0000		621	379
2810	28.1000		621	379
2820	28.2000		610	390
2830	28.3000		600	400
2840	28.4000		596	404
2850	28.5000		596	404
2860	28.6000		591	409
2870	28.7000		580	420
2880	28.8000		567	433
2890	28.9000		568	432
2900	29.0000		568	432
2910	29.1000		555	445
2920	29.2000		548	452
2930	29.3000		559	441
2940	29.4000		552	448
2950	29.5000		564	436
2960	29.6000		546	454
2970	29.7000		550	450
2980	29.8000		533	467
2990	29.9000		515	485
3000	30.0000		511	489
3010	30.1000		497	503
3020	30.2000		502	498
3030	30.3000		511	489
3040	30.4000		513	487
3050	30.5000		508	492
3060	30.6000		510	490
3070	30.7000		508	492
3080	30.8000		526	474
3090	30.9000		522	478
3100	31.0000		524	476
3110	31.1000		510	490
3120	31.2000		509	491
3130	31.3000		510	490
3140	31.4000		506	494
3150	31.5000		507	493
3160	31.6000		504	496
3170	31.7000		497	503
3180	31.8000		489	511
3190	31.9000		474	526
3200	32.0000		497	503
3210	32.1000		492	508
3220	32.2000		485	515
3230	32.3000		479	521
3240	32.4000		478	522
3250	32.5000		466	534
3260	32.6000		464	536
3270	32.7000		447	553
3280	32.8000		445	555
3290	32.9000		455	545
3300	33.0000		457	543
3310	33.1000		453	547
3320	33.2000		437	563
3330	33.3000		436	564
3340	33.4000		443	557
3350	33.5000		445	555
3360	33.6000		447	553
3370	33.7000		451	549
3380	33.8000		447	553
3390	33.9000		445	555
3400	34.0000		456	544
3410	34.1000		448	552
3420	34.2000		469	531
3430	34.3000		474	526
3440	34.4000		469	531
3450	34.5000		478	522
3460	34.6000		477	523
3470	34.7000		480	520
3480	34.8000		471	529
3490	34.9000		475	525
3500	35.0000		466	534
3510	35.1000		476	524
3520	35.2000		471	529
3530	35.3000		462	538
3540	35.4000		476	524
3550	35.5000		470	530
3560	35.6000		478	522
3570	35.7000		480	520
3580	35.8000		487	513
3590	35.9000		485	515
3600	36.0000		488	512
3610	36.1000		496	504
3620	36.2000		492	508
3630	36.3000		483	517
3640	36.4000		487	513
3650	36.5000		492	508
3660	36.6000		508	492
3670	36.7000		510	490
3680	36.8000		500	500
3690	36.9000		499	501
3700	37.0000		502	498
3710	37.1000		484	516
3720	37.2000		491	509
3730	37.3000		489	511
3740	37.4000		479	521
3750	37.5000		474	526
3760	37.6000		466	534
3770	37.7000		456	544
3780	37.8000		458	542
3790	37.9000		458	542
3800	38.0000		443	557
3810	38.1000		438	562
3820	38.2000		450	550
3830	38.3000		458	542
3840	38.4000		464	536
3850	38.5000		455	545
3860	38.6000		452	548
3870	38.7000		459	541
3880	38.8000		442	558
3890	38.9000		445	555
3900	39.0000		441	559
3910	39.1000		441	559
3920	39.2000		450	550
3930	39.3000		463	537
3940	39.4000		471	529
3950	39.5000		480	520
3960	39.6000		466	534
3970	39.7000		466	534
3980	39.8000		479	521
3990	39.9000		474	526
4000	40.0000		466	534
4010	40.1000		477	523
4020	40.2000		497	503
4030	40.3000		504	496
4040	40.4000		505	495
4050	40.5000		502	498
4060	40.6000		499	501
4070	40.7000		494	506
4080	40.8000		495	505
4090	40.9000		484	516
4100	41.0000		481	519
4110	41.1000		476	524
4120	41.2000		460	540
4130	41.3000		455	545
4140	41.4000		458	542
4150	41.5000		453	547
4160	41.6000		441	559
4170	41.7000		434	566
4180	41.8000		422	578
4190	41.9000		430	570
4200	42.0000		442	558
4210	42.1000		458	542
4220	42.2000		457	543
4230	42.3000		463	537
4240	42.4000		457	543
4250	42.5000		450	550
4260	42.6000		450	550
4270	42.7000		448	552
4280	42.8000		439	561
4290	42.9000		453	547
4300	43.0000		455	545
4310	43.1000		456	544
4320	43.2000		463	537
4330	43.3000		486	514
4340	43.4000		471	529
4350	43.5000		480	520
4360	43.6000		466	534
4370	43.7000		479	521
4380	43.8000		466	534
4390	43.9000		471	529
4400	44.0000		463	537
4410	44.1000		453	547
4420	44.2000		450	550
4430	44.3000		447	553
4440	44.4000		448	552
4450	44.5000		447	553
4460	44.6000		444	556
4470	44.7000		442	558
4480	44.8000		452	548
4490	44.9000		462	538
4500	45.0000		459	541
4510	45.1000		450	550
4520	45.2000		457	543
4530	45.3000		449	551
4540	45.4000		451	549
4550	45.5000		470	530
4560	45.6000		454	546
4570	45.7000		461	539
4580	45.8000		463	537
4590	45.9000		453	547
4600	46.0000		473	527
4610	46.1000		473	527
4620	46.2000		490	510
4630	46.3000		484	516
4640	46.4000		479	521
4650	46.5000		474	526
4660	46.6000		472	528
4670	46.7000		479	521
4680	46.8000		480	520
4690	46.9000		485	515
4700	47.0000		465	535
4710	47.1000		455	545
4720	47.2000		460	540
4730	47.3000		450	550
4740	47.4000		457	543
4750	47.5000		451	549
4760	47.6000		445	555
4770	47.7000		462	538
4780	47.8000		463	537
4790	47.9000		469	531
4800	48.0000		465	535
4810	48.1000		476	524
4820	48.2000		484	516
4830	48.3000		484	516
4840	48.4000		497	503
4850	48.5000		490	510
4860	48.6000		484	516
4870	48.7000		470	530
4880	48.8000		471	529
4890	48.9000		483	517
4900	49.0000		472	528
4910	49.1000		475	525
4920	49.2000		488	512
4930	49.3000		482	518
4940	49.4000		493	507
4950	49.5000		494	506
4960	49.6000		491	509
4970	49.7000		481	519
4980	49.8000		490	510
4990	49.9000		492	508
5000	50.0000		475	525
5010	50.1000		462	538
5020	50.2000		469	531
5030	50.3000		470	530
5040	50.4000		473	527
5050	50.5000		467	533
5060	50.6000		468	532
5070	50.7000		469	531
5080	50.8000		478	522
5090	50.9000		485	515
5100	51.0000		492	508
5110	51.1000		486	514
5120	51.2000		487	513
5130	51.3000		495	505
5140	51.4000		479	521
5150	51.5000		477	523
5160	51.6000		475	525
5170	51.7000		476	524
5180	51.8000		493	507
5190	51.9000		484	516
5200	52.0000		498	502
5210	52.1000		496	504
5220	52.2000		500	500
5230	52.3000		506	494
5240	52.4000		508	492
5250	52.5000		489	511
5260	52.6000		488	512
5270	52.7000		484	516
5280	52.8000		481	519
5290	52.9000		493	507
5300	53.0000		479	521
5310	53.1000		476	524
5320	53.2000		481	519
5330	53.3000		479	521
5340	53.4000		481	519
5350	53.5000		475	525
5360	53.6000		462	538
5370	53.7000		459	541
5380	53.8000		459	541
5390	53.9000		443	557
5400	54.0000		466	534
5410	54.1000		475	525
5420	54.2000		471	529
5430	54.3000		491	509
5440	54.4000		483	517
5450	54.5000		483	517
5460	54.6000		491	509
5470	54.7000		509	491
5480	54.8000		509	491
5490	54.9000		500	500
5500	55.0000		515	485
5510	55.1000		513	487
5520	55.2000		512	488
5530	55.3000		525	475
5540	55.4000		520	480
5550	55.5000		506	494
5560	55.6000		502	498
5570	55.7000		492	508
5580	55.8000		478	522
5590	55.9000		472	528
5600	56.0000		473	527
5610	56.1000		481	519
5620	56.2000		485	515
5630	56.3000		479	521
5640	56.4000		470	530
5650	56.5000		469	531
5660	56.6000		483	517
5670	56.7000		472	528
5680	56.8000		473	527
5690	56.9000		482	518
5700	57.0000		481	519
5710	57.1000		493	507
5720	57.2000		482	518
5730	57.3000		496	504
5740	57.4000		501	499
5750	57.5000		495	505
5760	57.6000		491	509
5770	57.7000		496	504
5780	57.8000		498	502
5790	57.9000		513	487
5800	58.0000		516	484
5810	58.1000		537	463
5820	58.2000		532	468
5830	58.3000		515	485
5840	58.4000		496	504
5850	58.5000		480	520
5860	58.6000		474	526
5870	58.7000		486	514
5880	58.8000		490	510
5890	58.9000		498	502
5900	59.0000		497	503
5910	59.1000		484	516
5920	59.2000		455	545
5930	59.3000		463	537
5940	59.4000		471	529
5950	59.5000		468	532
5960	59.6000		439	561
5970	59.7000		450	550
5980	59.8000		451	549
5990	59.9000		436	564
6000	60.0000		448	552
6010	60.1000		449	551
6020	60.2000		451	549
6030	60.3000		451	549
6040	60.4000		460	540
6050	60.5000		491	509
6060	60.6000		493	507
6070	60.7000		498	502
6080	60.8000		501	499
6090	60.9000		484	516
6100	61.0000		454	546
6110	61.1000		466	534
6120	61.2000		464	536
6130	61.3000		467	533
6140	61.4000		464	536
6150	61.5000		455	545
6160	61.6000		460	540
6170	61.7000		451	549
6180	61.8000		455	545
6190	61.9000		465	535
6200	62.0000		452	548
6210	62.1000		450	550
6220	62.2000		450	550
6230	62.3000		448	552
6240	62.4000		458	542
6250	62.5000		449	551
6260	62.6000		449	551
6270	62.7000		453	547
6280	62.8000		475	525
6290	62.9000		471	529
6300	63.0000		480	520
6310	63.1000		482	518
6320	63.2000		473	527
6330	63.3000		477	523
6340	63.4000		481	519
6350	63.5000		470	530
6360	63.6000		469	531
6370	63.7000		474	526
6380	63.8000		466	534
6390	63.9000		460	540
6400	64.0000		476	524
6410	64.1000		471	529
6420	64.2000		465	535
6430	64.3000		459	541
6440	64.4000		468	532
6450	64.5000		468	532
6460	64.6000		485	515
6470	64.7000		468	532
6480	64.8000		446	554
6490	64.9000		451	549
6500	65.0000		448	552
6510	65.1000		442	558
6520	65.2000		432	568
6530	65.3000		437	563
6540	65.4000		442	558
6550	65.5000		457	543
6560	65.6000		460	540
6570	65.7000		456	544
6580	65.8000		462	538
6590	65.9000		470	530
6600	66.0000		474	526
6610	66.1000		455	545
6620	66.2000		442	558
6630	66.3000		430	570
6640	66.4000		429	571
6650	66.5000		438	562
6660	66.6000		424	576
6670	66.7000		426	574
6680	66.8000		426	574
6690	66.9000		429	571
6700	67.0000		414	586
6710	67.1000		421	579
6720	67.2000		421	579
6730	67.3000		440	560
6740	67.4000		449	551
6750	67.5000		460	540
6760	67.6000		462	538
6770	67.7000		469	531
6780	67.8000		458	542
6790	67.9000		479	521
6800	68.0000		483	517
6810	68.1000		484	516
6820	68.2000		485	515
6830	68.3000		491	509
6840	68.4000		482	518
6850	68.5000		479	521
6860	68.6000		495	505
6870	68.7000		492	508
6880	68.8000		503	497
6890	68.9000		499	501
6900	69.0000		495	505
6910	69.1000		495	505
6920	69.2000		484	516
6930	69.3000		473	527
6940	69.4000		470	530
6950	69.5000		466	534
6960	69.6000		453	547
6970	69.7000		456	544
6980	69.8000		476	524
6990	69.9000		459	541
7000	70.0000		452	548
7010	70.1000		454	546
7020	70.2000		457	543
7030	70.3000		449	551
7040	70.4000		460	540
7050	70.5000		453	547
7060	70.6000		472	528
7070	70.7000		477	523
7080	70.8000		465	535
7090	70.9000		479	521
7100	71.0000		472	528
7110	71.1000		474	526
7120	71.2000		473	527
7130	71.3000		488	512
7140	71.4000		478	522
7150	71.5000		481	519
7160	71.6000		485	515
7170	71.7000		488	512
7180	71.8000		483	517
7190	71.9000		489	511
7200	72.0000		476	524
7210	72.1000		465	535
7220	72.2000		464	536
7230	72.3000		463	537
7240	72.4000		468	532
7250	72.5000		472	528
7260	72.6000		472	528
7270	72.7000		471	529
7280	72.8000		482	518
7290	72.9000		498	502
7300	73.0000		500	500
7310	73.1000		514	486
7320	73.2000		508	492
7330	73.3000		505	495
7340	73.4000		510	490
7350	73.5000		501	499
7360	73.6000		498	502
7370	73.7000		482	518
7380	73.8000		479	521
7390	73.9000		473	527
7400	74.0000		469	531
7410	74.1000		473	527
7420	74.2000		476	524
7430	74.3000		482	518
7440	74.4000		498	502
7450	74.5000		491	509
7460	74.6000		487	513
7470	74.7000		490	510
7480	74.8000		491	509
7490	74.9000		490	510
7500	75.0000		489	511
7510	75.1000		490	510
7520	75.2000		479	521
7530	75.3000		503	497
7540	75.4000		496	504
7550	75.5000		497	503
7560	75.6000		496	504
7570	75.7000		491	509
7580	75.8000		488	512
7590	75.9000		495	505
7600	76.0000		495	505
7610	76.1000		507	493
7620	76.2000		508	492
7630	76.3000		516	484
7640	76.4000		503	497
7650	76.5000		496	504
7660	76.6000		483	517
7670	76.7000		490	510
7680	76.8000		481	519
7690	76.9000		471	529
7700	77.0000		478	522
7710	77.1000		493	507
7720	77.2000		484	516
7730	77.3000		484	516
7740	77.4000		474	526
7750	77.5000		488	512
7760	77.6000		487	513
7770	77.7000		477	523
7780	77.8000		469	531
7790	77.9000		461	539
7800	78.0000		457	543
7810	78.1000		454	546
7820	78.2000		455	545
7830	78.3000		473	527
7840	78.4000		478	522
7850	78.5000		474	526
7860	78.6000		490	510
7870	78.7000		481	519
7880	78.8000		483	517
7890	78.9000		474	526
7900	79.0000		470	530
7910	79.1000		465	535
7920	79.2000		455	545
7930	79.3000		456	544
7940	79.4000		440	560
7950	79.5000		441	559
7960	79.6000		426	574
7970	79.7000		428	572
7980	79.8000		434	566
7990	79.9000		431	569
8000	80.0000		449	551
8010	80.1000		446	554
8020	80.2000		451	549
8030	80.3000		459	541
8040	80.4000		454	546
8050	80.5000		454	546
8060	80.6000		452	548
8070	80.7000		439	561
8080	80.8000		447	553
8090	80.9000		446	554
8100	81.0000		446	554
8110	81.1000		456	544
8120	81.2000		456	544
8130	81.3000		477	523
8140	81.4000		472	528
8150	81.5000		470	530
8160	81.6000		463	537
8170	81.7000		449	551
8180	81.8000		450	550
8190	81.9000		455	545
8200	82.0000		460	540
8210	82.1000		468	532
8220	82.2000		472	528
8230	82.3000		482	518
8240	82.4000		465	535
8250	82.5000		462	538
8260	82.6000		474	526
8270	82.7000		465	535
8280	82.8000		475	525
8290	82.9000		462	538
8300	83.0000		459	541
8310	83.1000		447	553
8320	83.2000		453	547
8330	83.3000		464	536
8340	83.4000		466	534
8350	83.5000		466	534
8360	83.6000		467	533
8370	83.7000		461	539
8380	83.8000		474	526
8390	83.9000		480	520
8400	84.0000		468	532
8410	84.1000		481	519
8420	84.2000		478	522
8430	84.3000		480	520
8440	84.4000		480	520
8450	84.5000		490	510
8460	84.6000		487	513
8470	84.7000		487	513
8480	84.8000		494	506
8490	84.9000		488	512
8500	85.0000		493	507
8510	85.1000		494	506
8520	85.2000		490	510
8530	85.3000		501	499
8540	85.4000		504	496
8550	85.5000		486	514
8560	85.6000		467	533
8570	85.7000		460	540
8580	85.8000		446	554
8590	85.9000		441	559
8600	86.0000		424	576
8610	86.1000		439	561
8620	86.2000		444	556
8630	86.3000		454	546
8640	86.4000		430	570
8650	86.5000		441	559
8660	86.6000		451	549
8670	86.7000		443	557
8680	86.8000		448	552
8690	86.9000		448	552
8700	87.0000		432	568
8710	87.1000		441	559
8720	87.2000		453	547
8730	87.3000		455	545
8740	87.4000		470	530
8750	87.5000		464	536
8760	87.6000		473	527
8770	87.7000		467	533
8780	87.8000		468	532
8790	87.9000		474	526
8800	88.0000		479	521
8810	88.1000		483	517
8820	88.2000		493	507
8830	88.3000		483	517
8840	88.4000		491	509
8850	88.5000		508	492
8860	88.6000		496	504
8870	88.7000		506	494
8880	88.8000		505	495
8890	88.9000		501	499
8900	89.0000		513	487
8910	89.1000		524	476
8920	89.2000		521	479
8930	89.3000		519	481
8940	89.4000		520	480
8950	89.5000		508	492
8960	89.6000		506	494
8970	89.7000		496	504
8980	89.8000		508	492
8990	89.9000		508	492
9000	90.0000		510	490
9010	90.1000		517	483
9020	90.2000		524	476
9030	90.3000		519	481
9040	90.4000		507	493
9050	90.5000		497	503
9060	90.6000		490	510
9070	90.7000		497	503
9080	90.8000		489	511
9090	90.9000		484	516
9100	91.0000		495	505
9110	91.1000		493	507
9120	91.2000		502	498
9130	91.3000		504	496
9140	91.4000		498	502
9150	91.5000		519	481
9160	91.6000		519	481
9170	91.7000		520	480
9180	91.8000		508	492
9190	91.9000		520	480
9200	92.0000		507	493
9210	92.1000		512	488
9220	92.2000		501	499
9230	92.3000		491	509
9240	92.4000		502	498
9250	92.5000		511	489
9260	92.6000		502	498
9270	92.7000		494	506
9280	92.8000		488	512
9290	92.9000		497	503
9300	93.0000		504	496
9310	93.1000		497	503
9320	93.2000		508	492
9330	93.3000		528	472
9340	93.4000		525	475
9350	93.5000		511	489
9360	93.6000		500	500
9370	93.7000		496	504
9380	93.8000		496	504
9390	93.9000		502	498
9400	94.0000		503	497
9410	94.1000		499	501
9420	94.2000		496	504
9430	94.3000		493	507
9440	94.4000		487	513
9450	94.5000		470	530
9460	94.6000		481	519
9470	94.7000		479	521
9480	94.8000		481	519
9490	94.9000		471	529
9500	95.0000		476	524
9510	95.1000		465	535
9520	95.2000		467	533
9530	95.3000		463	537
9540	95.4000		482	518
9550	95.5000		468	532
9560	95.6000		479	521
9570	95.7000		476	524
9580	95.8000		501	499
9590	95.9000		507	493
9600	96.0000		507	493
9610	96.1000		512	488
9620	96.2000		486	514
9630	96.3000		489	511
9640	96.4000		491	509
9650	96.5000		487	513
9660	96.6000		486	514
9670	96.7000		492	508
9680	96.8000		492	508
9690	96.9000		495	505
9700	97.0000		495	505
9710	97.1000		495	505
9720	97.2000		493	507
9730	97.3000		503	497
9740	97.4000		503	497
9750	97.5000		501	499
9760	97.6000		517	483
9770	97.7000		517	483
9780	97.8000		532	468
9790	97.9000		521	479
9800	98.0000		501	499
9810	98.1000		488	512
9820	98.2000		501	499
9830	98.3000		502	498
9840	98.4000		483	517
9850	98.5000		493	507
9860	98.6000		482	518
9870	98.7000		479	521
9880	98.8000		472	528
9890	98.9000		472	528
9900	99.0000		474	526
9910	99.1000		471	529
9920	99.2000		473	527
9930	99.3000		476	524
9940	99.4000		473	527
9950	99.5000		463	537
9960	99.6000		464	536
9970	99.7000		471	529
9980	99.8000		466	534
9990	99.9000		477	523
10000	100.0000		479	521
# Simulation completed.
