# Creating system...
# System created with N=1000 particles

# Initial state:
# Susceptibles: 999, Infected: 1

# Starting simulation...
# Step	Time		S	I
0	0.0000		999	1
10	0.1000		999	1
20	0.2000		999	1
30	0.3000		999	1
40	0.4000		998	2
50	0.5000		998	2
60	0.6000		997	3
70	0.7000		996	4
80	0.8000		995	5
90	0.9000		995	5
100	1.0000		993	7
110	1.1000		995	5
120	1.2000		995	5
130	1.3000		993	7
140	1.4000		991	9
150	1.5000		991	9
160	1.6000		992	8
170	1.7000		992	8
180	1.8000		992	8
190	1.9000		992	8
200	2.0000		990	10
210	2.1000		989	11
220	2.2000		987	13
230	2.3000		987	13
240	2.4000		986	14
250	2.5000		988	12
260	2.6000		989	11
270	2.7000		989	11
280	2.8000		988	12
290	2.9000		990	10
300	3.0000		992	8
310	3.1000		993	7
320	3.2000		992	8
330	3.3000		992	8
340	3.4000		993	7
350	3.5000		990	10
360	3.6000		987	13
370	3.7000		988	12
380	3.8000		987	13
390	3.9000		986	14
400	4.0000		988	12
410	4.1000		991	9
420	4.2000		990	10
430	4.3000		989	11
440	4.4000		988	12
450	4.5000		989	11
460	4.6000		988	12
470	4.7000		987	13
480	4.8000		983	17
490	4.9000		981	19
500	5.0000		980	20
510	5.1000		978	22
520	5.2000		979	21
530	5.3000		981	19
540	5.4000		977	23
550	5.5000		979	21
560	5.6000		978	22
570	5.7000		976	24
580	5.8000		976	24
590	5.9000		976	24
600	6.0000		977	23
610	6.1000		973	27
620	6.2000		970	30
630	6.3000		971	29
640	6.4000		972	28
650	6.5000		971	29
660	6.6000		972	28
670	6.7000		973	27
680	6.8000		973	27
690	6.9000		973	27
700	7.0000		965	35
710	7.1000		968	32
720	7.2000		965	35
730	7.3000		966	34
740	7.4000		964	36
750	7.5000		964	36
760	7.6000		967	33
770	7.7000		967	33
780	7.8000		969	31
790	7.9000		968	32
800	8.0000		966	34
810	8.1000		968	32
820	8.2000		965	35
830	8.3000		969	31
840	8.4000		968	32
850	8.5000		967	33
860	8.6000		965	35
870	8.7000		960	40
880	8.8000		958	42
890	8.9000		957	43
900	9.0000		956	44
910	9.1000		951	49
920	9.2000		948	52
930	9.3000		947	53
940	9.4000		940	60
950	9.5000		931	69
960	9.6000		923	77
970	9.7000		928	72
980	9.8000		929	71
990	9.9000		926	74
1000	10.0000		929	71
1010	10.1000		928	72
1020	10.2000		921	79
1030	10.3000		918	82
1040	10.4000		922	78
1050	10.5000		918	82
1060	10.6000		910	90
1070	10.7000		914	86
1080	10.8000		917	83
1090	10.9000		905	95
1100	11.0000		900	100
1110	11.1000		904	96
1120	11.2000		907	93
1130	11.3000		907	93
1140	11.4000		908	92
1150	11.5000		906	94
1160	11.6000		913	87
1170	11.7000		914	86
1180	11.8000		906	94
1190	11.9000		913	87
1200	12.0000		917	83
1210	12.1000		911	89
1220	12.2000		901	99
1230	12.3000		905	95
1240	12.4000		903	97
1250	12.5000		903	97
1260	12.6000		899	101
1270	12.7000		893	107
1280	12.8000		891	109
1290	12.9000		892	108
1300	13.0000		885	115
1310	13.1000		887	113
1320	13.2000		888	112
1330	13.3000		886	114
1340	13.4000		884	116
1350	13.5000		880	120
1360	13.6000		879	121
1370	13.7000		880	120
1380	13.8000		877	123
1390	13.9000		871	129
1400	14.0000		870	130
1410	14.1000		863	137
1420	14.2000		864	136
1430	14.3000		857	143
1440	14.4000		861	139
1450	14.5000		857	143
1460	14.6000		854	146
1470	14.7000		854	146
1480	14.8000		851	149
1490	14.9000		849	151
1500	15.0000		851	149
1510	15.1000		851	149
1520	15.2000		850	150
1530	15.3000		853	147
1540	15.4000		853	147
1550	15.5000		846	154
1560	15.6000		850	150
1570	15.7000		847	153
1580	15.8000		842	158
1590	15.9000		837	163
1600	16.0000		834	166
1610	16.1000		848	152
1620	16.2000		844	156
1630	16.3000		839	161
1640	16.4000		832	168
1650	16.5000		820	180
1660	16.6000		822	178
1670	16.7000		831	169
1680	16.8000		827	173
1690	16.9000		826	174
1700	17.0000		826	174
1710	17.1000		821	179
1720	17.2000		809	191
1730	17.3000		804	196
1740	17.4000		796	204
1750	17.5000		799	201
1760	17.6000		800	200
1770	17.7000		794	206
1780	17.8000		795	205
1790	17.9000		794	206
1800	18.0000		786	214
1810	18.1000		793	207
1820	18.2000		794	206
1830	18.3000		795	205
1840	18.4000		796	204
1850	18.5000		786	214
1860	18.6000		776	224
1870	18.7000		768	232
1880	18.8000		776	224
1890	18.9000		782	218
1900	19.0000		772	228
1910	19.1000		763	237
1920	19.2000		764	236
1930	19.3000		751	249
1940	19.4000		754	246
1950	19.5000		759	241
1960	19.6000		768	232
1970	19.7000		766	234
1980	19.8000		761	239
1990	19.9000		774	226
2000	20.0000		770	230
2010	20.1000		770	230
2020	20.2000		759	241
2030	20.3000		744	256
2040	20.4000		728	272
2050	20.5000		721	279
2060	20.6000		719	281
2070	20.7000		705	295
2080	20.8000		708	292
2090	20.9000		713	287
2100	21.0000		701	299
2110	21.1000		699	301
2120	21.2000		706	294
2130	21.3000		706	294
2140	21.4000		712	288
2150	21.5000		715	285
2160	21.6000		707	293
2170	21.7000		696	304
2180	21.8000		691	309
2190	21.9000		687	313
2200	22.0000		676	324
2210	22.1000		679	321
2220	22.2000		677	323
2230	22.3000		665	335
2240	22.4000		659	341
2250	22.5000		652	348
2260	22.6000		657	343
2270	22.7000		662	338
2280	22.8000		646	354
2290	22.9000		637	363
2300	23.0000		631	369
2310	23.1000		634	366
2320	23.2000		633	367
2330	23.3000		633	367
2340	23.4000		634	366
2350	23.5000		611	389
2360	23.6000		631	369
2370	23.7000		642	358
2380	23.8000		639	361
2390	23.9000		640	360
2400	24.0000		634	366
2410	24.1000		625	375
2420	24.2000		628	372
2430	24.3000		624	376
2440	24.4000		618	382
2450	24.5000		612	388
2460	24.6000		611	389
2470	24.7000		619	381
2480	24.8000		613	387
2490	24.9000		600	400
2500	25.0000		588	412
2510	25.1000		591	409
2520	25.2000		579	421
2530	25.3000		582	418
2540	25.4000		579	421
2550	25.5000		571	429
2560	25.6000		570	430
2570	25.7000		562	438
2580	25.8000		562	438
2590	25.9000		562	438
2600	26.0000		555	445
2610	26.1000		552	448
2620	26.2000		553	447
2630	26.3000		564	436
2640	26.4000		561	439
2650	26.5000		576	424
2660	26.6000		569	431
2670	26.7000		556	444
2680	26.8000		565	435
2690	26.9000		548	452
2700	27.0000		537	463
2710	27.1000		529	471
2720	27.2000		523	477
2730	27.3000		518	482
2740	27.4000		508	492
2750	27.5000		507	493
2760	27.6000		483	517
2770	27.7000		483	517
2780	27.8000		479	521
2790	27.9000		470	530
2800	28.0000		465	535
2810	28.1000		466	534
2820	28.2000		477	523
2830	28.3000		464	536
2840	28.4000		476	524
2850	28.5000		475	525
2860	28.6000		460	540
2870	28.7000		471	529
2880	28.8000		469	531
2890	28.9000		478	522
2900	29.0000		475	525
2910	29.1000		475	525
2920	29.2000		478	522
2930	29.3000		468	532
2940	29.4000		480	520
2950	29.5000		471	529
2960	29.6000		462	538
2970	29.7000		452	548
2980	29.8000		465	535
2990	29.9000		471	529
3000	30.0000		472	528
3010	30.1000		477	523
3020	30.2000		484	516
3030	30.3000		476	524
3040	30.4000		483	517
3050	30.5000		494	506
3060	30.6000		488	512
3070	30.7000		494	506
3080	30.8000		483	517
3090	30.9000		461	539
3100	31.0000		461	539
3110	31.1000		440	560
3120	31.2000		437	563
3130	31.3000		446	554
3140	31.4000		441	559
3150	31.5000		439	561
3160	31.6000		431	569
3170	31.7000		436	564
3180	31.8000		440	560
3190	31.9000		445	555
3200	32.0000		438	562
3210	32.1000		430	570
3220	32.2000		434	566
3230	32.3000		443	557
3240	32.4000		456	544
3250	32.5000		467	533
3260	32.6000		474	526
3270	32.7000		458	542
3280	32.8000		457	543
3290	32.9000		451	549
3300	33.0000		456	544
3310	33.1000		451	549
3320	33.2000		467	533
3330	33.3000		459	541
3340	33.4000		471	529
3350	33.5000		478	522
3360	33.6000		478	522
3370	33.7000		480	520
3380	33.8000		481	519
3390	33.9000		475	525
3400	34.0000		468	532
3410	34.1000		468	532
3420	34.2000		478	522
3430	34.3000		488	512
3440	34.4000		489	511
3450	34.5000		499	501
3460	34.6000		496	504
3470	34.7000		500	500
3480	34.8000		497	503
3490	34.9000		493	507
3500	35.0000		491	509
3510	35.1000		496	504
3520	35.2000		472	528
3530	35.3000		462	538
3540	35.4000		479	521
3550	35.5000		487	513
3560	35.6000		479	521
3570	35.7000		486	514
3580	35.8000		491	509
3590	35.9000		488	512
3600	36.0000		494	506
3610	36.1000		498	502
3620	36.2000		494	506
3630	36.3000		484	516
3640	36.4000		478	522
3650	36.5000		475	525
3660	36.6000		472	528
3670	36.7000		481	519
3680	36.8000		477	523
3690	36.9000		482	518
3700	37.0000		463	537
3710	37.1000		471	529
3720	37.2000		482	518
3730	37.3000		488	512
3740	37.4000		491	509
3750	37.5000		475	525
3760	37.6000		473	527
3770	37.7000		484	516
3780	37.8000		478	522
3790	37.9000		493	507
3800	38.0000		484	516
3810	38.1000		482	518
3820	38.2000		478	522
3830	38.3000		480	520
3840	38.4000		471	529
3850	38.5000		485	515
3860	38.6000		471	529
3870	38.7000		490	510
3880	38.8000		503	497
3890	38.9000		486	514
3900	39.0000		496	504
3910	39.1000		485	515
3920	39.2000		503	497
3930	39.3000		501	499
3940	39.4000		497	503
3950	39.5000		492	508
3960	39.6000		484	516
3970	39.7000		477	523
3980	39.8000		488	512
3990	39.9000		472	528
4000	40.0000		461	539
4010	40.1000		473	527
4020	40.2000		461	539
4030	40.3000		465	535
4040	40.4000		473	527
4050	40.5000		479	521
4060	40.6000		483	517
4070	40.7000		476	524
4080	40.8000		482	518
4090	40.9000		476	524
4100	41.0000		481	519
4110	41.1000		479	521
4120	41.2000		471	529
4130	41.3000		487	513
4140	41.4000		487	513
4150	41.5000		495	505
4160	41.6000		494	506
4170	41.7000		491	509
4180	41.8000		505	495
4190	41.9000		516	484
4200	42.0000		532	468
4210	42.1000		526	474
4220	42.2000		522	478
4230	42.3000		540	460
4240	42.4000		530	470
4250	42.5000		531	469
4260	42.6000		523	477
4270	42.7000		517	483
4280	42.8000		495	505
4290	42.9000		487	513
4300	43.0000		483	517
4310	43.1000		473	527
4320	43.2000		483	517
4330	43.3000		483	517
4340	43.4000		470	530
4350	43.5000		472	528
4360	43.6000		486	514
4370	43.7000		483	517
4380	43.8000		478	522
4390	43.9000		481	519
4400	44.0000		478	522
4410	44.1000		477	523
4420	44.2000		475	525
4430	44.3000		493	507
4440	44.4000		496	504
4450	44.5000		491	509
4460	44.6000		498	502
4470	44.7000		488	512
4480	44.8000		491	509
4490	44.9000		510	490
4500	45.0000		503	497
4510	45.1000		494	506
4520	45.2000		480	520
4530	45.3000		480	520
4540	45.4000		472	528
4550	45.5000		463	537
4560	45.6000		474	526
4570	45.7000		474	526
4580	45.8000		467	533
4590	45.9000		448	552
4600	46.0000		463	537
4610	46.1000		458	542
4620	46.2000		468	532
4630	46.3000		469	531
4640	46.4000		474	526
4650	46.5000		458	542
4660	46.6000		446	554
4670	46.7000		441	559
4680	46.8000		433	567
4690	46.9000		430	570
4700	47.0000		417	583
4710	47.1000		419	581
4720	47.2000		412	588
4730	47.3000		408	592
4740	47.4000		412	588
4750	47.5000		422	578
4760	47.6000		445	555
4770	47.7000		455	545
4780	47.8000		456	544
4790	47.9000		470	530
4800	48.0000		468	532
4810	48.1000		473	527
4820	48.2000		464	536
4830	48.3000		470	530
4840	48.4000		477	523
4850	48.5000		474	526
4860	48.6000		484	516
4870	48.7000		485	515
4880	48.8000		483	517
4890	48.9000		470	530
4900	49.0000		465	535
4910	49.1000		459	541
4920	49.2000		462	538
4930	49.3000		460	540
4940	49.4000		431	569
4950	49.5000		432	568
4960	49.6000		426	574
4970	49.7000		422	578
4980	49.8000		431	569
4990	49.9000		433	567
5000	50.0000		430	570
5010	50.1000		451	549
5020	50.2000		461	539
5030	50.3000		461	539
5040	50.4000		462	538
5050	50.5000		465	535
5060	50.6000		465	535
5070	50.7000		460	540
5080	50.8000		457	543
5090	50.9000		475	525
5100	51.0000		467	533
5110	51.1000		474	526
5120	51.2000		473	527
5130	51.3000		474	526
5140	51.4000		456	544
5150	51.5000		465	535
5160	51.6000		464	536
5170	51.7000		462	538
5180	51.8000		462	538
5190	51.9000		473	527
5200	52.0000		481	519
5210	52.1000		491	509
5220	52.2000		492	508
5230	52.3000		501	499
5240	52.4000		497	503
5250	52.5000		505	495
5260	52.6000		503	497
5270	52.7000		503	497
5280	52.8000		519	481
5290	52.9000		501	499
5300	53.0000		513	487
5310	53.1000		507	493
5320	53.2000		497	503
5330	53.3000		509	491
5340	53.4000		506	494
5350	53.5000		505	495
5360	53.6000		507	493
5370	53.7000		498	502
5380	53.8000		495	505
5390	53.9000		503	497
5400	54.0000		493	507
5410	54.1000		487	513
5420	54.2000		497	503
5430	54.3000		504	496
5440	54.4000		501	499
5450	54.5000		508	492
5460	54.6000		503	497
5470	54.7000		509	491
5480	54.8000		516	484
5490	54.9000		504	496
5500	55.0000		500	500
5510	55.1000		502	498
5520	55.2000		503	497
5530	55.3000		495	505
5540	55.4000		505	495
5550	55.5000		496	504
5560	55.6000		495	505
5570	55.7000		489	511
5580	55.8000		472	528
5590	55.9000		460	540
5600	56.0000		443	557
5610	56.1000		450	550
5620	56.2000		441	559
5630	56.3000		442	558
5640	56.4000		432	568
5650	56.5000		418	582
5660	56.6000		414	586
5670	56.7000		432	568
5680	56.8000		444	556
5690	56.9000		448	552
5700	57.0000		452	548
5710	57.1000		462	538
5720	57.2000		459	541
5730	57.3000		465	535
5740	57.4000		479	521
5750	57.5000		476	524
5760	57.6000		477	523
5770	57.7000		465	535
5780	57.8000		446	554
5790	57.9000		449	551
5800	58.0000		442	558
5810	58.1000		455	545
5820	58.2000		463	537
5830	58.3000		474	526
5840	58.4000		482	518
5850	58.5000		482	518
5860	58.6000		482	518
5870	58.7000		485	515
5880	58.8000		486	514
5890	58.9000		494	506
5900	59.0000		494	506
5910	59.1000		493	507
5920	59.2000		493	507
5930	59.3000		503	497
5940	59.4000		498	502
5950	59.5000		495	505
5960	59.6000		492	508
5970	59.7000		487	513
5980	59.8000		476	524
5990	59.9000		485	515
6000	60.0000		484	516
6010	60.1000		474	526
6020	60.2000		464	536
6030	60.3000		466	534
6040	60.4000		462	538
6050	60.5000		476	524
6060	60.6000		475	525
6070	60.7000		472	528
6080	60.8000		459	541
6090	60.9000		472	528
6100	61.0000		478	522
6110	61.1000		494	506
6120	61.2000		502	498
6130	61.3000		494	506
6140	61.4000		490	510
6150	61.5000		500	500
6160	61.6000		496	504
6170	61.7000		501	499
6180	61.8000		507	493
6190	61.9000		502	498
6200	62.0000		494	506
6210	62.1000		498	502
6220	62.2000		495	505
6230	62.3000		497	503
6240	62.4000		489	511
6250	62.5000		483	517
6260	62.6000		470	530
6270	62.7000		481	519
6280	62.8000		487	513
6290	62.9000		487	513
6300	63.0000		511	489
6310	63.1000		504	496
6320	63.2000		504	496
6330	63.3000		482	518
6340	63.4000		487	513
6350	63.5000		496	504
6360	63.6000		488	512
6370	63.7000		486	514
6380	63.8000		486	514
6390	63.9000		491	509
6400	64.0000		487	513
6410	64.1000		493	507
6420	64.2000		485	515
6430	64.3000		481	519
6440	64.4000		486	514
6450	64.5000		491	509
6460	64.6000		486	514
6470	64.7000		489	511
6480	64.8000		475	525
6490	64.9000		468	532
6500	65.0000		479	521
6510	65.1000		485	515
6520	65.2000		491	509
6530	65.3000		493	507
6540	65.4000		480	520
6550	65.5000		492	508
6560	65.6000		494	506
6570	65.7000		492	508
6580	65.8000		502	498
6590	65.9000		506	494
6600	66.0000		486	514
6610	66.1000		490	510
6620	66.2000		489	511
6630	66.3000		497	503
6640	66.4000		504	496
6650	66.5000		503	497
6660	66.6000		498	502
6670	66.7000		504	496
6680	66.8000		498	502
6690	66.9000		513	487
6700	67.0000		512	488
6710	67.1000		513	487
6720	67.2000		517	483
6730	67.3000		509	491
6740	67.4000		518	482
6750	67.5000		506	494
6760	67.6000		496	504
6770	67.7000		508	492
6780	67.8000		496	504
6790	67.9000		491	509
6800	68.0000		479	521
6810	68.1000		468	532
6820	68.2000		476	524
6830	68.3000		479	521
6840	68.4000		494	506
6850	68.5000		501	499
6860	68.6000		516	484
6870	68.7000		514	486
6880	68.8000		524	476
6890	68.9000		520	480
6900	69.0000		507	493
6910	69.1000		491	509
6920	69.2000		480	520
6930	69.3000		468	532
6940	69.4000		458	542
6950	69.5000		459	541
6960	69.6000		480	520
6970	69.7000		475	525
6980	69.8000		478	522
6990	69.9000		493	507
7000	70.0000		483	517
7010	70.1000		492	508
7020	70.2000		501	499
7030	70.3000		492	508
7040	70.4000		486	514
7050	70.5000		484	516
7060	70.6000		488	512
7070	70.7000		504	496
7080	70.8000		502	498
7090	70.9000		504	496
7100	71.0000		520	480
7110	71.1000		498	502
7120	71.2000		494	506
7130	71.3000		496	504
7140	71.4000		498	502
7150	71.5000		485	515
7160	71.6000		490	510
7170	71.7000		479	521
7180	71.8000		463	537
7190	71.9000		450	550
7200	72.0000		460	540
7210	72.1000		454	546
7220	72.2000		459	541
7230	72.3000		463	537
7240	72.4000		465	535
7250	72.5000		463	537
7260	72.6000		448	552
7270	72.7000		444	556
7280	72.8000		458	542
7290	72.9000		455	545
7300	73.0000		456	544
7310	73.1000		465	535
7320	73.2000		472	528
7330	73.3000		469	531
7340	73.4000		494	506
7350	73.5000		492	508
7360	73.6000		477	523
7370	73.7000		470	530
7380	73.8000		485	515
7390	73.9000		497	503
7400	74.0000		504	496
7410	74.1000		492	508
7420	74.2000		491	509
7430	74.3000		498	502
7440	74.4000		509	491
7450	74.5000		517	483
7460	74.6000		531	469
7470	74.7000		535	465
7480	74.8000		533	467
7490	74.9000		531	469
7500	75.0000		528	472
7510	75.1000		516	484
7520	75.2000		516	484
7530	75.3000		505	495
7540	75.4000		493	507
7550	75.5000		486	514
7560	75.6000		486	514
7570	75.7000		486	514
7580	75.8000		484	516
7590	75.9000		492	508
7600	76.0000		487	513
7610	76.1000		497	503
7620	76.2000		491	509
7630	76.3000		482	518
7640	76.4000		485	515
7650	76.5000		504	496
7660	76.6000		492	508
7670	76.7000		484	516
7680	76.8000		490	510
7690	76.9000		493	507
7700	77.0000		506	494
7710	77.1000		506	494
7720	77.2000		508	492
7730	77.3000		502	498
7740	77.4000		498	502
7750	77.5000		499	501
7760	77.6000		503	497
7770	77.7000		496	504
7780	77.8000		492	508
7790	77.9000		485	515
7800	78.0000		491	509
7810	78.1000		502	498
7820	78.2000		494	506
7830	78.3000		491	509
7840	78.4000		512	488
7850	78.5000		503	497
7860	78.6000		496	504
7870	78.7000		486	514
7880	78.8000		469	531
7890	78.9000		460	540
7900	79.0000		449	551
7910	79.1000		448	552
7920	79.2000		453	547
7930	79.3000		461	539
7940	79.4000		473	527
7950	79.5000		475	525
7960	79.6000		468	532
7970	79.7000		474	526
7980	79.8000		461	539
7990	79.9000		465	535
8000	80.0000		467	533
8010	80.1000		468	532
8020	80.2000		472	528
8030	80.3000		489	511
8040	80.4000		480	520
8050	80.5000		481	519
8060	80.6000		468	532
8070	80.7000		472	528
8080	80.8000		477	523
8090	80.9000		468	532
8100	81.0000		463	537
8110	81.1000		464	536
8120	81.2000		478	522
8130	81.3000		452	548
8140	81.4000		463	537
8150	81.5000		473	527
8160	81.6000		465	535
8170	81.7000		459	541
8180	81.8000		459	541
8190	81.9000		458	542
8200	82.0000		456	544
8210	82.1000		453	547
8220	82.2000		451	549
8230	82.3000		456	544
8240	82.4000		476	524
8250	82.5000		468	532
8260	82.6000		460	540
8270	82.7000		459	541
8280	82.8000		453	547
8290	82.9000		457	543
8300	83.0000		451	549
8310	83.1000		446	554
8320	83.2000		456	544
8330	83.3000		449	551
8340	83.4000		443	557
8350	83.5000		435	565
8360	83.6000		432	568
8370	83.7000		437	563
8380	83.8000		443	557
8390	83.9000		443	557
8400	84.0000		453	547
8410	84.1000		464	536
8420	84.2000		470	530
8430	84.3000		454	546
8440	84.4000		460	540
8450	84.5000		456	544
8460	84.6000		443	557
8470	84.7000		460	540
8480	84.8000		469	531
8490	84.9000		470	530
8500	85.0000		462	538
8510	85.1000		468	532
8520	85.2000		452	548
8530	85.3000		464	536
8540	85.4000		460	540
8550	85.5000		458	542
8560	85.6000		451	549
8570	85.7000		445	555
8580	85.8000		441	559
8590	85.9000		450	550
8600	86.0000		459	541
8610	86.1000		454	546
8620	86.2000		441	559
8630	86.3000		437	563
8640	86.4000		433	567
8650	86.5000		430	570
8660	86.6000		446	554
8670	86.7000		458	542
8680	86.8000		444	556
8690	86.9000		451	549
8700	87.0000		452	548
8710	87.1000		445	555
8720	87.2000		426	574
8730	87.3000		429	571
8740	87.4000		439	561
8750	87.5000		439	561
8760	87.6000		440	560
8770	87.7000		436	564
8780	87.8000		433	567
8790	87.9000		432	568
8800	88.0000		427	573
8810	88.1000		434	566
8820	88.2000		427	573
8830	88.3000		427	573
8840	88.4000		418	582
8850	88.5000		423	577
8860	88.6000		426	574
8870	88.7000		424	576
8880	88.8000		425	575
8890	88.9000		420	580
8900	89.0000		428	572
8910	89.1000		437	563
8920	89.2000		440	560
8930	89.3000		455	545
8940	89.4000		450	550
8950	89.5000		462	538
8960	89.6000		460	540
8970	89.7000		468	532
8980	89.8000		475	525
8990	89.9000		480	520
9000	90.0000		470	530
9010	90.1000		462	538
9020	90.2000		459	541
9030	90.3000		466	534
9040	90.4000		474	526
9050	90.5000		473	527
9060	90.6000		458	542
9070	90.7000		458	542
9080	90.8000		447	553
9090	90.9000		440	560
9100	91.0000		439	561
9110	91.1000		438	562
9120	91.2000		436	564
9130	91.3000		448	552
9140	91.4000		441	559
9150	91.5000		433	567
9160	91.6000		450	550
9170	91.7000		468	532
9180	91.8000		473	527
9190	91.9000		478	522
9200	92.0000		491	509
9210	92.1000		483	517
9220	92.2000		475	525
9230	92.3000		464	536
9240	92.4000		478	522
9250	92.5000		485	515
9260	92.6000		485	515
9270	92.7000		492	508
9280	92.8000		486	514
9290	92.9000		488	512
9300	93.0000		477	523
9310	93.1000		488	512
9320	93.2000		480	520
9330	93.3000		474	526
9340	93.4000		480	520
9350	93.5000		477	523
9360	93.6000		480	520
9370	93.7000		491	509
9380	93.8000		492	508
9390	93.9000		504	496
9400	94.0000		487	513
9410	94.1000		478	522
9420	94.2000		484	516
9430	94.3000		483	517
9440	94.4000		489	511
9450	94.5000		479	521
9460	94.6000		469	531
9470	94.7000		479	521
9480	94.8000		485	515
9490	94.9000		486	514
9500	95.0000		473	527
9510	95.1000		487	513
9520	95.2000		485	515
9530	95.3000		490	510
9540	95.4000		484	516
9550	95.5000		481	519
9560	95.6000		471	529
9570	95.7000		466	534
9580	95.8000		470	530
9590	95.9000		465	535
9600	96.0000		452	548
9610	96.1000		449	551
9620	96.2000		454	546
9630	96.3000		445	555
9640	96.4000		453	547
9650	96.5000		457	543
9660	96.6000		463	537
9670	96.7000		461	539
9680	96.8000		452	548
9690	96.9000		445	555
9700	97.0000		444	556
9710	97.1000		462	538
9720	97.2000		454	546
9730	97.3000		452	548
9740	97.4000		455	545
9750	97.5000		483	517
9760	97.6000		492	508
9770	97.7000		482	518
9780	97.8000		463	537
9790	97.9000		468	532
9800	98.0000		481	519
9810	98.1000		488	512
9820	98.2000		496	504
9830	98.3000		503	497
9840	98.4000		496	504
9850	98.5000		500	500
9860	98.6000		504	496
9870	98.7000		490	510
9880	98.8000		500	500
9890	98.9000		494	506
9900	99.0000		489	511
9910	99.1000		481	519
9920	99.2000		493	507
9930	99.3000		486	514
9940	99.4000		489	511
9950	99.5000		496	504
9960	99.6000		490	510
9970	99.7000		481	519
9980	99.8000		463	537
9990	99.9000		462	538
10000	100.0000		453	547
# Simulation completed.
