# Creating system...
# System created with N=1000 particles

# Initial state:
# Susceptibles: 999, Infected: 1

# Starting simulation...
# Step	Time		S	I
0	0.0000		999	1
10	0.1000		999	1
20	0.2000		999	1
30	0.3000		998	2
40	0.4000		998	2
50	0.5000		998	2
60	0.6000		996	4
70	0.7000		996	4
80	0.8000		996	4
90	0.9000		999	1
100	1.0000		998	2
110	1.1000		998	2
120	1.2000		998	2
130	1.3000		998	2
140	1.4000		998	2
150	1.5000		997	3
160	1.6000		997	3
170	1.7000		996	4
180	1.8000		995	5
190	1.9000		994	6
200	2.0000		996	4
210	2.1000		996	4
220	2.2000		996	4
230	2.3000		996	4
240	2.4000		994	6
250	2.5000		993	7
260	2.6000		993	7
270	2.7000		991	9
280	2.8000		992	8
290	2.9000		990	10
300	3.0000		990	10
310	3.1000		990	10
320	3.2000		991	9
330	3.3000		991	9
340	3.4000		993	7
350	3.5000		993	7
360	3.6000		993	7
370	3.7000		994	6
380	3.8000		994	6
390	3.9000		994	6
400	4.0000		996	4
410	4.1000		997	3
420	4.2000		996	4
430	4.3000		995	5
440	4.4000		996	4
450	4.5000		996	4
460	4.6000		995	5
470	4.7000		992	8
480	4.8000		992	8
490	4.9000		992	8
500	5.0000		991	9
510	5.1000		992	8
520	5.2000		994	6
530	5.3000		994	6
540	5.4000		992	8
550	5.5000		993	7
560	5.6000		996	4
570	5.7000		996	4
580	5.8000		994	6
590	5.9000		994	6
600	6.0000		993	7
610	6.1000		993	7
620	6.2000		991	9
630	6.3000		991	9
640	6.4000		987	13
650	6.5000		987	13
660	6.6000		988	12
670	6.7000		989	11
680	6.8000		990	10
690	6.9000		989	11
700	7.0000		991	9
710	7.1000		991	9
720	7.2000		991	9
730	7.3000		989	11
740	7.4000		992	8
750	7.5000		992	8
760	7.6000		992	8
770	7.7000		993	7
780	7.8000		994	6
790	7.9000		995	5
800	8.0000		995	5
810	8.1000		995	5
820	8.2000		994	6
830	8.3000		993	7
840	8.4000		992	8
850	8.5000		992	8
860	8.6000		991	9
870	8.7000		991	9
880	8.8000		991	9
890	8.9000		991	9
900	9.0000		990	10
910	9.1000		989	11
920	9.2000		988	12
930	9.3000		990	10
940	9.4000		990	10
950	9.5000		991	9
960	9.6000		991	9
970	9.7000		992	8
980	9.8000		991	9
990	9.9000		991	9
1000	10.0000		988	12
1010	10.1000		985	15
1020	10.2000		983	17
1030	10.3000		983	17
1040	10.4000		981	19
1050	10.5000		984	16
1060	10.6000		982	18
1070	10.7000		983	17
1080	10.8000		981	19
1090	10.9000		981	19
1100	11.0000		978	22
1110	11.1000		972	28
1120	11.2000		971	29
1130	11.3000		969	31
1140	11.4000		972	28
1150	11.5000		971	29
1160	11.6000		971	29
1170	11.7000		972	28
1180	11.8000		968	32
1190	11.9000		966	34
1200	12.0000		965	35
1210	12.1000		963	37
1220	12.2000		958	42
1230	12.3000		959	41
1240	12.4000		960	40
1250	12.5000		956	44
1260	12.6000		954	46
1270	12.7000		951	49
1280	12.8000		953	47
1290	12.9000		947	53
1300	13.0000		951	49
1310	13.1000		952	48
1320	13.2000		949	51
1330	13.3000		945	55
1340	13.4000		941	59
1350	13.5000		943	57
1360	13.6000		942	58
1370	13.7000		945	55
1380	13.8000		939	61
1390	13.9000		938	62
1400	14.0000		936	64
1410	14.1000		932	68
1420	14.2000		936	64
1430	14.3000		937	63
1440	14.4000		936	64
1450	14.5000		936	64
1460	14.6000		932	68
1470	14.7000		929	71
1480	14.8000		924	76
1490	14.9000		920	80
1500	15.0000		919	81
1510	15.1000		917	83
1520	15.2000		913	87
1530	15.3000		916	84
1540	15.4000		913	87
1550	15.5000		918	82
1560	15.6000		918	82
1570	15.7000		915	85
1580	15.8000		907	93
1590	15.9000		906	94
1600	16.0000		903	97
1610	16.1000		905	95
1620	16.2000		908	92
1630	16.3000		904	96
1640	16.4000		896	104
1650	16.5000		898	102
1660	16.6000		884	116
1670	16.7000		889	111
1680	16.8000		891	109
1690	16.9000		902	98
1700	17.0000		904	96
1710	17.1000		901	99
1720	17.2000		904	96
1730	17.3000		893	107
1740	17.4000		897	103
1750	17.5000		892	108
1760	17.6000		892	108
1770	17.7000		882	118
1780	17.8000		884	116
1790	17.9000		875	125
1800	18.0000		872	128
1810	18.1000		867	133
1820	18.2000		870	130
1830	18.3000		873	127
1840	18.4000		857	143
1850	18.5000		856	144
1860	18.6000		852	148
1870	18.7000		846	154
1880	18.8000		839	161
1890	18.9000		837	163
1900	19.0000		832	168
1910	19.1000		827	173
1920	19.2000		826	174
1930	19.3000		826	174
1940	19.4000		826	174
1950	19.5000		830	170
1960	19.6000		831	169
1970	19.7000		834	166
1980	19.8000		824	176
1990	19.9000		827	173
2000	20.0000		825	175
2010	20.1000		832	168
2020	20.2000		826	174
2030	20.3000		819	181
2040	20.4000		811	189
2050	20.5000		811	189
2060	20.6000		803	197
2070	20.7000		807	193
2080	20.8000		806	194
2090	20.9000		809	191
2100	21.0000		807	193
2110	21.1000		803	197
2120	21.2000		816	184
2130	21.3000		812	188
2140	21.4000		804	196
2150	21.5000		800	200
2160	21.6000		802	198
2170	21.7000		800	200
2180	21.8000		789	211
2190	21.9000		781	219
2200	22.0000		783	217
2210	22.1000		772	228
2220	22.2000		772	228
2230	22.3000		762	238
2240	22.4000		762	238
2250	22.5000		761	239
2260	22.6000		758	242
2270	22.7000		749	251
2280	22.8000		762	238
2290	22.9000		751	249
2300	23.0000		749	251
2310	23.1000		752	248
2320	23.2000		751	249
2330	23.3000		750	250
2340	23.4000		743	257
2350	23.5000		738	262
2360	23.6000		742	258
2370	23.7000		740	260
2380	23.8000		741	259
2390	23.9000		736	264
2400	24.0000		721	279
2410	24.1000		718	282
2420	24.2000		707	293
2430	24.3000		700	300
2440	24.4000		712	288
2450	24.5000		714	286
2460	24.6000		705	295
2470	24.7000		692	308
2480	24.8000		700	300
2490	24.9000		687	313
2500	25.0000		688	312
2510	25.1000		679	321
2520	25.2000		701	299
2530	25.3000		702	298
2540	25.4000		709	291
2550	25.5000		709	291
2560	25.6000		707	293
2570	25.7000		707	293
2580	25.8000		699	301
2590	25.9000		671	329
2600	26.0000		665	335
2610	26.1000		661	339
2620	26.2000		663	337
2630	26.3000		665	335
2640	26.4000		674	326
2650	26.5000		673	327
2660	26.6000		667	333
2670	26.7000		656	344
2680	26.8000		664	336
2690	26.9000		658	342
2700	27.0000		647	353
2710	27.1000		629	371
2720	27.2000		629	371
2730	27.3000		625	375
2740	27.4000		618	382
2750	27.5000		610	390
2760	27.6000		606	394
2770	27.7000		599	401
2780	27.8000		603	397
2790	27.9000		585	415
2800	28.0000		578	422
2810	28.1000		581	419
2820	28.2000		593	407
2830	28.3000		590	410
2840	28.4000		580	420
2850	28.5000		588	412
2860	28.6000		591	409
2870	28.7000		582	418
2880	28.8000		586	414
2890	28.9000		583	417
2900	29.0000		566	434
2910	29.1000		562	438
2920	29.2000		561	439
2930	29.3000		569	431
2940	29.4000		568	432
2950	29.5000		560	440
2960	29.6000		554	446
2970	29.7000		550	450
2980	29.8000		535	465
2990	29.9000		526	474
3000	30.0000		512	488
3010	30.1000		501	499
3020	30.2000		495	505
3030	30.3000		503	497
3040	30.4000		490	510
3050	30.5000		491	509
3060	30.6000		481	519
3070	30.7000		480	520
3080	30.8000		487	513
3090	30.9000		497	503
3100	31.0000		503	497
3110	31.1000		511	489
3120	31.2000		521	479
3130	31.3000		514	486
3140	31.4000		515	485
3150	31.5000		521	479
3160	31.6000		517	483
3170	31.7000		509	491
3180	31.8000		508	492
3190	31.9000		501	499
3200	32.0000		482	518
3210	32.1000		491	509
3220	32.2000		497	503
3230	32.3000		500	500
3240	32.4000		493	507
3250	32.5000		488	512
3260	32.6000		498	502
3270	32.7000		490	510
3280	32.8000		487	513
3290	32.9000		497	503
3300	33.0000		495	505
3310	33.1000		488	512
3320	33.2000		493	507
3330	33.3000		479	521
3340	33.4000		478	522
3350	33.5000		478	522
3360	33.6000		479	521
3370	33.7000		460	540
3380	33.8000		482	518
3390	33.9000		480	520
3400	34.0000		487	513
3410	34.1000		487	513
3420	34.2000		479	521
3430	34.3000		477	523
3440	34.4000		460	540
3450	34.5000		450	550
3460	34.6000		453	547
3470	34.7000		447	553
3480	34.8000		440	560
3490	34.9000		452	548
3500	35.0000		452	548
3510	35.1000		464	536
3520	35.2000		474	526
3530	35.3000		470	530
3540	35.4000		462	538
3550	35.5000		473	527
3560	35.6000		462	538
3570	35.7000		445	555
3580	35.8000		456	544
3590	35.9000		450	550
3600	36.0000		465	535
3610	36.1000		475	525
3620	36.2000		480	520
3630	36.3000		472	528
3640	36.4000		474	526
3650	36.5000		478	522
3660	36.6000		461	539
3670	36.7000		461	539
3680	36.8000		462	538
3690	36.9000		461	539
3700	37.0000		466	534
3710	37.1000		466	534
3720	37.2000		472	528
3730	37.3000		463	537
3740	37.4000		473	527
3750	37.5000		464	536
3760	37.6000		462	538
3770	37.7000		465	535
3780	37.8000		468	532
3790	37.9000		488	512
3800	38.0000		483	517
3810	38.1000		489	511
3820	38.2000		484	516
3830	38.3000		478	522
3840	38.4000		473	527
3850	38.5000		485	515
3860	38.6000		494	506
3870	38.7000		506	494
3880	38.8000		497	503
3890	38.9000		503	497
3900	39.0000		494	506
3910	39.1000		493	507
3920	39.2000		473	527
3930	39.3000		484	516
3940	39.4000		484	516
3950	39.5000		489	511
3960	39.6000		486	514
3970	39.7000		487	513
3980	39.8000		475	525
3990	39.9000		480	520
4000	40.0000		468	532
4010	40.1000		475	525
4020	40.2000		472	528
4030	40.3000		456	544
4040	40.4000		480	520
4050	40.5000		485	515
4060	40.6000		481	519
4070	40.7000		471	529
4080	40.8000		478	522
4090	40.9000		465	535
4100	41.0000		448	552
4110	41.1000		444	556
4120	41.2000		461	539
4130	41.3000		447	553
4140	41.4000		464	536
4150	41.5000		455	545
4160	41.6000		452	548
4170	41.7000		469	531
4180	41.8000		472	528
4190	41.9000		475	525
4200	42.0000		468	532
4210	42.1000		458	542
4220	42.2000		464	536
4230	42.3000		443	557
4240	42.4000		464	536
4250	42.5000		482	518
4260	42.6000		486	514
4270	42.7000		488	512
4280	42.8000		475	525
4290	42.9000		470	530
4300	43.0000		464	536
4310	43.1000		452	548
4320	43.2000		455	545
4330	43.3000		455	545
4340	43.4000		455	545
4350	43.5000		459	541
4360	43.6000		479	521
4370	43.7000		474	526
4380	43.8000		481	519
4390	43.9000		487	513
4400	44.0000		501	499
4410	44.1000		505	495
4420	44.2000		510	490
4430	44.3000		512	488
4440	44.4000		509	491
4450	44.5000		503	497
4460	44.6000		490	510
4470	44.7000		496	504
4480	44.8000		490	510
4490	44.9000		490	510
4500	45.0000		497	503
4510	45.1000		494	506
4520	45.2000		491	509
4530	45.3000		486	514
4540	45.4000		486	514
4550	45.5000		483	517
4560	45.6000		464	536
4570	45.7000		450	550
4580	45.8000		454	546
4590	45.9000		463	537
4600	46.0000		462	538
4610	46.1000		462	538
4620	46.2000		463	537
4630	46.3000		447	553
4640	46.4000		454	546
4650	46.5000		451	549
4660	46.6000		461	539
4670	46.7000		466	534
4680	46.8000		476	524
4690	46.9000		477	523
4700	47.0000		473	527
4710	47.1000		461	539
4720	47.2000		469	531
4730	47.3000		459	541
4740	47.4000		462	538
4750	47.5000		476	524
4760	47.6000		485	515
4770	47.7000		494	506
4780	47.8000		478	522
4790	47.9000		480	520
4800	48.0000		481	519
4810	48.1000		474	526
4820	48.2000		476	524
4830	48.3000		482	518
4840	48.4000		480	520
4850	48.5000		479	521
4860	48.6000		473	527
4870	48.7000		494	506
4880	48.8000		487	513
4890	48.9000		483	517
4900	49.0000		470	530
4910	49.1000		472	528
4920	49.2000		465	535
4930	49.3000		469	531
4940	49.4000		454	546
4950	49.5000		436	564
4960	49.6000		443	557
4970	49.7000		453	547
4980	49.8000		456	544
4990	49.9000		440	560
5000	50.0000		447	553
5010	50.1000		465	535
5020	50.2000		464	536
5030	50.3000		464	536
5040	50.4000		467	533
5050	50.5000		476	524
5060	50.6000		471	529
5070	50.7000		474	526
5080	50.8000		486	514
5090	50.9000		492	508
5100	51.0000		482	518
5110	51.1000		478	522
5120	51.2000		493	507
5130	51.3000		493	507
5140	51.4000		479	521
5150	51.5000		489	511
5160	51.6000		499	501
5170	51.7000		505	495
5180	51.8000		510	490
5190	51.9000		509	491
5200	52.0000		502	498
5210	52.1000		511	489
5220	52.2000		531	469
5230	52.3000		520	480
5240	52.4000		511	489
5250	52.5000		521	479
5260	52.6000		512	488
5270	52.7000		509	491
5280	52.8000		511	489
5290	52.9000		510	490
5300	53.0000		509	491
5310	53.1000		487	513
5320	53.2000		472	528
5330	53.3000		467	533
5340	53.4000		471	529
5350	53.5000		462	538
5360	53.6000		466	534
5370	53.7000		475	525
5380	53.8000		456	544
5390	53.9000		463	537
5400	54.0000		461	539
5410	54.1000		461	539
5420	54.2000		449	551
5430	54.3000		450	550
5440	54.4000		448	552
5450	54.5000		456	544
5460	54.6000		462	538
5470	54.7000		461	539
5480	54.8000		462	538
5490	54.9000		467	533
5500	55.0000		474	526
5510	55.1000		489	511
5520	55.2000		498	502
5530	55.3000		494	506
5540	55.4000		486	514
5550	55.5000		494	506
5560	55.6000		486	514
5570	55.7000		485	515
5580	55.8000		496	504
5590	55.9000		491	509
5600	56.0000		506	494
5610	56.1000		516	484
5620	56.2000		511	489
5630	56.3000		510	490
5640	56.4000		517	483
5650	56.5000		503	497
5660	56.6000		484	516
5670	56.7000		494	506
5680	56.8000		481	519
5690	56.9000		486	514
5700	57.0000		469	531
5710	57.1000		463	537
5720	57.2000		470	530
5730	57.3000		466	534
5740	57.4000		464	536
5750	57.5000		455	545
5760	57.6000		452	548
5770	57.7000		457	543
5780	57.8000		453	547
5790	57.9000		450	550
5800	58.0000		448	552
5810	58.1000		448	552
5820	58.2000		440	560
5830	58.3000		441	559
5840	58.4000		456	544
5850	58.5000		455	545
5860	58.6000		450	550
5870	58.7000		433	567
5880	58.8000		450	550
5890	58.9000		441	559
5900	59.0000		438	562
5910	59.1000		437	563
5920	59.2000		426	574
5930	59.3000		449	551
5940	59.4000		457	543
5950	59.5000		452	548
5960	59.6000		444	556
5970	59.7000		446	554
5980	59.8000		438	562
5990	59.9000		445	555
6000	60.0000		463	537
6010	60.1000		460	540
6020	60.2000		461	539
6030	60.3000		457	543
6040	60.4000		456	544
6050	60.5000		457	543
6060	60.6000		462	538
6070	60.7000		465	535
6080	60.8000		467	533
6090	60.9000		482	518
6100	61.0000		469	531
6110	61.1000		470	530
6120	61.2000		475	525
6130	61.3000		466	534
6140	61.4000		467	533
6150	61.5000		470	530
6160	61.6000		470	530
6170	61.7000		465	535
6180	61.8000		456	544
6190	61.9000		457	543
6200	62.0000		455	545
6210	62.1000		458	542
6220	62.2000		465	535
6230	62.3000		455	545
6240	62.4000		451	549
6250	62.5000		456	544
6260	62.6000		433	567
6270	62.7000		446	554
6280	62.8000		450	550
6290	62.9000		441	559
6300	63.0000		445	555
6310	63.1000		457	543
6320	63.2000		439	561
6330	63.3000		448	552
6340	63.4000		457	543
6350	63.5000		476	524
6360	63.6000		471	529
6370	63.7000		465	535
6380	63.8000		481	519
6390	63.9000		489	511
6400	64.0000		503	497
6410	64.1000		503	497
6420	64.2000		503	497
6430	64.3000		485	515
6440	64.4000		482	518
6450	64.5000		480	520
6460	64.6000		456	544
6470	64.7000		464	536
6480	64.8000		468	532
6490	64.9000		475	525
6500	65.0000		482	518
6510	65.1000		495	505
6520	65.2000		490	510
6530	65.3000		491	509
6540	65.4000		486	514
6550	65.5000		491	509
6560	65.6000		489	511
6570	65.7000		500	500
6580	65.8000		494	506
6590	65.9000		496	504
6600	66.0000		491	509
6610	66.1000		483	517
6620	66.2000		487	513
6630	66.3000		490	510
6640	66.4000		489	511
6650	66.5000		474	526
6660	66.6000		472	528
6670	66.7000		473	527
6680	66.8000		480	520
6690	66.9000		477	523
6700	67.0000		489	511
6710	67.1000		490	510
6720	67.2000		487	513
6730	67.3000		479	521
6740	67.4000		495	505
6750	67.5000		498	502
6760	67.6000		506	494
6770	67.7000		495	505
6780	67.8000		497	503
6790	67.9000		512	488
6800	68.0000		506	494
6810	68.1000		491	509
6820	68.2000		491	509
6830	68.3000		497	503
6840	68.4000		496	504
6850	68.5000		497	503
6860	68.6000		495	505
6870	68.7000		498	502
6880	68.8000		485	515
6890	68.9000		479	521
6900	69.0000		470	530
6910	69.1000		473	527
6920	69.2000		473	527
6930	69.3000		467	533
6940	69.4000		469	531
6950	69.5000		473	527
6960	69.6000		487	513
6970	69.7000		488	512
6980	69.8000		500	500
6990	69.9000		502	498
7000	70.0000		496	504
7010	70.1000		494	506
7020	70.2000		489	511
7030	70.3000		485	515
7040	70.4000		460	540
7050	70.5000		462	538
7060	70.6000		455	545
7070	70.7000		443	557
7080	70.8000		455	545
7090	70.9000		461	539
7100	71.0000		463	537
7110	71.1000		469	531
7120	71.2000		459	541
7130	71.3000		469	531
7140	71.4000		465	535
7150	71.5000		464	536
7160	71.6000		447	553
7170	71.7000		445	555
7180	71.8000		435	565
7190	71.9000		444	556
7200	72.0000		453	547
7210	72.1000		445	555
7220	72.2000		450	550
7230	72.3000		444	556
7240	72.4000		445	555
7250	72.5000		449	551
7260	72.6000		458	542
7270	72.7000		455	545
7280	72.8000		436	564
7290	72.9000		440	560
7300	73.0000		430	570
7310	73.1000		441	559
7320	73.2000		425	575
7330	73.3000		410	590
7340	73.4000		409	591
7350	73.5000		413	587
7360	73.6000		432	568
7370	73.7000		427	573
7380	73.8000		406	594
7390	73.9000		402	598
7400	74.0000		419	581
7410	74.1000		418	582
7420	74.2000		436	564
7430	74.3000		434	566
7440	74.4000		430	570
7450	74.5000		444	556
7460	74.6000		443	557
7470	74.7000		439	561
7480	74.8000		435	565
7490	74.9000		431	569
7500	75.0000		439	561
7510	75.1000		424	576
7520	75.2000		442	558
7530	75.3000		436	564
7540	75.4000		446	554
7550	75.5000		441	559
7560	75.6000		467	533
7570	75.7000		471	529
7580	75.8000		463	537
7590	75.9000		477	523
7600	76.0000		472	528
7610	76.1000		478	522
7620	76.2000		472	528
7630	76.3000		477	523
7640	76.4000		476	524
7650	76.5000		471	529
7660	76.6000		502	498
7670	76.7000		504	496
7680	76.8000		491	509
7690	76.9000		497	503
7700	77.0000		485	515
7710	77.1000		483	517
7720	77.2000		478	522
7730	77.3000		473	527
7740	77.4000		477	523
7750	77.5000		478	522
7760	77.6000		492	508
7770	77.7000		496	504
7780	77.8000		486	514
7790	77.9000		484	516
7800	78.0000		483	517
7810	78.1000		469	531
7820	78.2000		470	530
7830	78.3000		447	553
7840	78.4000		461	539
7850	78.5000		473	527
7860	78.6000		461	539
7870	78.7000		466	534
7880	78.8000		488	512
7890	78.9000		465	535
7900	79.0000		469	531
7910	79.1000		476	524
7920	79.2000		475	525
7930	79.3000		474	526
7940	79.4000		481	519
7950	79.5000		462	538
7960	79.6000		475	525
7970	79.7000		482	518
7980	79.8000		485	515
7990	79.9000		466	534
8000	80.0000		473	527
8010	80.1000		469	531
8020	80.2000		469	531
8030	80.3000		454	546
8040	80.4000		452	548
8050	80.5000		444	556
8060	80.6000		453	547
8070	80.7000		474	526
8080	80.8000		464	536
8090	80.9000		452	548
8100	81.0000		437	563
8110	81.1000		435	565
8120	81.2000		431	569
8130	81.3000		434	566
8140	81.4000		442	558
8150	81.5000		441	559
8160	81.6000		433	567
8170	81.7000		440	560
8180	81.8000		439	561
8190	81.9000		451	549
8200	82.0000		457	543
8210	82.1000		454	546
8220	82.2000		435	565
8230	82.3000		437	563
8240	82.4000		426	574
8250	82.5000		426	574
8260	82.6000		433	567
8270	82.7000		411	589
8280	82.8000		401	599
8290	82.9000		410	590
8300	83.0000		421	579
8310	83.1000		410	590
8320	83.2000		416	584
8330	83.3000		402	598
8340	83.4000		409	591
8350	83.5000		419	581
8360	83.6000		417	583
8370	83.7000		430	570
8380	83.8000		417	583
8390	83.9000		417	583
8400	84.0000		423	577
8410	84.1000		438	562
8420	84.2000		433	567
8430	84.3000		436	564
8440	84.4000		442	558
8450	84.5000		453	547
8460	84.6000		448	552
8470	84.7000		433	567
8480	84.8000		435	565
8490	84.9000		451	549
8500	85.0000		457	543
8510	85.1000		466	534
8520	85.2000		458	542
8530	85.3000		470	530
8540	85.4000		466	534
8550	85.5000		458	542
8560	85.6000		446	554
8570	85.7000		443	557
8580	85.8000		454	546
8590	85.9000		447	553
8600	86.0000		436	564
8610	86.1000		450	550
8620	86.2000		458	542
8630	86.3000		451	549
8640	86.4000		462	538
8650	86.5000		467	533
8660	86.6000		460	540
8670	86.7000		474	526
8680	86.8000		470	530
8690	86.9000		488	512
8700	87.0000		484	516
8710	87.1000		472	528
8720	87.2000		465	535
8730	87.3000		470	530
8740	87.4000		456	544
8750	87.5000		447	553
8760	87.6000		442	558
8770	87.7000		469	531
8780	87.8000		481	519
8790	87.9000		488	512
8800	88.0000		498	502
8810	88.1000		481	519
8820	88.2000		493	507
8830	88.3000		489	511
8840	88.4000		495	505
8850	88.5000		498	502
8860	88.6000		507	493
8870	88.7000		517	483
8880	88.8000		508	492
8890	88.9000		511	489
8900	89.0000		507	493
8910	89.1000		499	501
8920	89.2000		510	490
8930	89.3000		515	485
8940	89.4000		496	504
8950	89.5000		489	511
8960	89.6000		502	498
8970	89.7000		487	513
8980	89.8000		485	515
8990	89.9000		484	516
9000	90.0000		489	511
9010	90.1000		479	521
9020	90.2000		477	523
9030	90.3000		476	524
9040	90.4000		473	527
9050	90.5000		491	509
9060	90.6000		488	512
9070	90.7000		492	508
9080	90.8000		493	507
9090	90.9000		473	527
9100	91.0000		468	532
9110	91.1000		452	548
9120	91.2000		457	543
9130	91.3000		458	542
9140	91.4000		476	524
9150	91.5000		478	522
9160	91.6000		488	512
9170	91.7000		492	508
9180	91.8000		482	518
9190	91.9000		507	493
9200	92.0000		502	498
9210	92.1000		487	513
9220	92.2000		479	521
9230	92.3000		490	510
9240	92.4000		482	518
9250	92.5000		485	515
9260	92.6000		496	504
9270	92.7000		493	507
9280	92.8000		493	507
9290	92.9000		483	517
9300	93.0000		472	528
9310	93.1000		471	529
9320	93.2000		469	531
9330	93.3000		469	531
9340	93.4000		466	534
9350	93.5000		470	530
9360	93.6000		468	532
9370	93.7000		478	522
9380	93.8000		484	516
9390	93.9000		486	514
9400	94.0000		482	518
9410	94.1000		478	522
9420	94.2000		474	526
9430	94.3000		473	527
9440	94.4000		472	528
9450	94.5000		462	538
9460	94.6000		470	530
9470	94.7000		472	528
9480	94.8000		462	538
9490	94.9000		463	537
9500	95.0000		467	533
9510	95.1000		460	540
9520	95.2000		460	540
9530	95.3000		454	546
9540	95.4000		458	542
9550	95.5000		460	540
9560	95.6000		468	532
9570	95.7000		469	531
9580	95.8000		472	528
9590	95.9000		487	513
9600	96.0000		489	511
9610	96.1000		481	519
9620	96.2000		487	513
9630	96.3000		482	518
9640	96.4000		470	530
9650	96.5000		485	515
9660	96.6000		478	522
9670	96.7000		490	510
9680	96.8000		497	503
9690	96.9000		502	498
9700	97.0000		509	491
9710	97.1000		495	505
9720	97.2000		490	510
9730	97.3000		499	501
9740	97.4000		498	502
9750	97.5000		496	504
9760	97.6000		495	505
9770	97.7000		493	507
9780	97.8000		502	498
9790	97.9000		492	508
9800	98.0000		492	508
9810	98.1000		503	497
9820	98.2000		501	499
9830	98.3000		493	507
9840	98.4000		488	512
9850	98.5000		476	524
9860	98.6000		472	528
9870	98.7000		471	529
9880	98.8000		483	517
9890	98.9000		488	512
9900	99.0000		482	518
9910	99.1000		482	518
9920	99.2000		496	504
9930	99.3000		486	514
9940	99.4000		484	516
9950	99.5000		478	522
9960	99.6000		475	525
9970	99.7000		479	521
9980	99.8000		482	518
9990	99.9000		478	522
10000	100.0000		477	523
# Simulation completed.
