# Creating system...
# System created with N=1000 particles

# Initial state:
# Susceptibles: 999, Infected: 1

# Starting simulation...
# Step	Time		S	I
0	0.0000		999	1
10	0.1000		999	1
20	0.2000		999	1
30	0.3000		998	2
40	0.4000		997	3
50	0.5000		997	3
60	0.6000		997	3
70	0.7000		997	3
80	0.8000		998	2
90	0.9000		998	2
100	1.0000		998	2
110	1.1000		998	2
120	1.2000		998	2
130	1.3000		998	2
140	1.4000		998	2
150	1.5000		996	4
160	1.6000		997	3
170	1.7000		996	4
180	1.8000		996	4
190	1.9000		995	5
200	2.0000		996	4
210	2.1000		997	3
220	2.2000		996	4
230	2.3000		996	4
240	2.4000		996	4
250	2.5000		996	4
260	2.6000		995	5
270	2.7000		994	6
280	2.8000		993	7
290	2.9000		993	7
300	3.0000		992	8
310	3.1000		991	9
320	3.2000		991	9
330	3.3000		992	8
340	3.4000		991	9
350	3.5000		991	9
360	3.6000		993	7
370	3.7000		993	7
380	3.8000		991	9
390	3.9000		991	9
400	4.0000		992	8
410	4.1000		991	9
420	4.2000		990	10
430	4.3000		992	8
440	4.4000		990	10
450	4.5000		990	10
460	4.6000		991	9
470	4.7000		991	9
480	4.8000		989	11
490	4.9000		988	12
500	5.0000		986	14
510	5.1000		983	17
520	5.2000		983	17
530	5.3000		977	23
540	5.4000		977	23
550	5.5000		975	25
560	5.6000		974	26
570	5.7000		972	28
580	5.8000		968	32
590	5.9000		969	31
600	6.0000		970	30
610	6.1000		967	33
620	6.2000		964	36
630	6.3000		965	35
640	6.4000		965	35
650	6.5000		962	38
660	6.6000		965	35
670	6.7000		961	39
680	6.8000		961	39
690	6.9000		956	44
700	7.0000		954	46
710	7.1000		950	50
720	7.2000		944	56
730	7.3000		941	59
740	7.4000		944	56
750	7.5000		937	63
760	7.6000		936	64
770	7.7000		934	66
780	7.8000		933	67
790	7.9000		927	73
800	8.0000		921	79
810	8.1000		920	80
820	8.2000		916	84
830	8.3000		913	87
840	8.4000		916	84
850	8.5000		917	83
860	8.6000		916	84
870	8.7000		916	84
880	8.8000		904	96
890	8.9000		904	96
900	9.0000		901	99
910	9.1000		898	102
920	9.2000		891	109
930	9.3000		887	113
940	9.4000		885	115
950	9.5000		887	113
960	9.6000		886	114
970	9.7000		878	122
980	9.8000		866	134
990	9.9000		866	134
1000	10.0000		856	144
1010	10.1000		848	152
1020	10.2000		855	145
1030	10.3000		857	143
1040	10.4000		842	158
1050	10.5000		842	158
1060	10.6000		842	158
1070	10.7000		825	175
1080	10.8000		815	185
1090	10.9000		819	181
1100	11.0000		817	183
1110	11.1000		811	189
1120	11.2000		822	178
1130	11.3000		816	184
1140	11.4000		789	211
1150	11.5000		792	208
1160	11.6000		784	216
1170	11.7000		782	218
1180	11.8000		774	226
1190	11.9000		758	242
1200	12.0000		757	243
1210	12.1000		748	252
1220	12.2000		743	257
1230	12.3000		743	257
1240	12.4000		737	263
1250	12.5000		732	268
1260	12.6000		726	274
1270	12.7000		707	293
1280	12.8000		711	289
1290	12.9000		702	298
1300	13.0000		695	305
1310	13.1000		685	315
1320	13.2000		678	322
1330	13.3000		694	306
1340	13.4000		693	307
1350	13.5000		680	320
1360	13.6000		674	326
1370	13.7000		671	329
1380	13.8000		667	333
1390	13.9000		657	343
1400	14.0000		648	352
1410	14.1000		636	364
1420	14.2000		619	381
1430	14.3000		609	391
1440	14.4000		611	389
1450	14.5000		614	386
1460	14.6000		600	400
1470	14.7000		618	382
1480	14.8000		614	386
1490	14.9000		610	390
1500	15.0000		603	397
1510	15.1000		598	402
1520	15.2000		601	399
1530	15.3000		606	394
1540	15.4000		600	400
1550	15.5000		591	409
1560	15.6000		594	406
1570	15.7000		594	406
1580	15.8000		599	401
1590	15.9000		589	411
1600	16.0000		589	411
1610	16.1000		584	416
1620	16.2000		576	424
1630	16.3000		567	433
1640	16.4000		559	441
1650	16.5000		551	449
1660	16.6000		551	449
1670	16.7000		546	454
1680	16.8000		551	449
1690	16.9000		554	446
1700	17.0000		569	431
1710	17.1000		566	434
1720	17.2000		544	456
1730	17.3000		540	460
1740	17.4000		539	461
1750	17.5000		556	444
1760	17.6000		550	450
1770	17.7000		552	448
1780	17.8000		554	446
1790	17.9000		556	444
1800	18.0000		549	451
1810	18.1000		531	469
1820	18.2000		529	471
1830	18.3000		541	459
1840	18.4000		536	464
1850	18.5000		521	479
1860	18.6000		533	467
1870	18.7000		531	469
1880	18.8000		518	482
1890	18.9000		528	472
1900	19.0000		512	488
1910	19.1000		516	484
1920	19.2000		525	475
1930	19.3000		512	488
1940	19.4000		524	476
1950	19.5000		523	477
1960	19.6000		514	486
1970	19.7000		514	486
1980	19.8000		519	481
1990	19.9000		514	486
2000	20.0000		519	481
2010	20.1000		523	477
2020	20.2000		502	498
2030	20.3000		507	493
2040	20.4000		491	509
2050	20.5000		483	517
2060	20.6000		488	512
2070	20.7000		498	502
2080	20.8000		490	510
2090	20.9000		500	500
2100	21.0000		489	511
2110	21.1000		499	501
2120	21.2000		495	505
2130	21.3000		500	500
2140	21.4000		476	524
2150	21.5000		463	537
2160	21.6000		458	542
2170	21.7000		470	530
2180	21.8000		463	537
2190	21.9000		462	538
2200	22.0000		454	546
2210	22.1000		454	546
2220	22.2000		449	551
2230	22.3000		428	572
2240	22.4000		407	593
2250	22.5000		432	568
2260	22.6000		443	557
2270	22.7000		448	552
2280	22.8000		455	545
2290	22.9000		458	542
2300	23.0000		454	546
2310	23.1000		458	542
2320	23.2000		476	524
2330	23.3000		472	528
2340	23.4000		472	528
2350	23.5000		472	528
2360	23.6000		477	523
2370	23.7000		488	512
2380	23.8000		506	494
2390	23.9000		502	498
2400	24.0000		489	511
2410	24.1000		483	517
2420	24.2000		482	518
2430	24.3000		480	520
2440	24.4000		480	520
2450	24.5000		474	526
2460	24.6000		479	521
2470	24.7000		484	516
2480	24.8000		484	516
2490	24.9000		484	516
2500	25.0000		486	514
2510	25.1000		482	518
2520	25.2000		480	520
2530	25.3000		477	523
2540	25.4000		485	515
2550	25.5000		480	520
2560	25.6000		462	538
2570	25.7000		481	519
2580	25.8000		475	525
2590	25.9000		469	531
2600	26.0000		464	536
2610	26.1000		457	543
2620	26.2000		440	560
2630	26.3000		447	553
2640	26.4000		446	554
2650	26.5000		445	555
2660	26.6000		442	558
2670	26.7000		465	535
2680	26.8000		469	531
2690	26.9000		473	527
2700	27.0000		465	535
2710	27.1000		459	541
2720	27.2000		462	538
2730	27.3000		460	540
2740	27.4000		459	541
2750	27.5000		445	555
2760	27.6000		441	559
2770	27.7000		448	552
2780	27.8000		441	559
2790	27.9000		454	546
2800	28.0000		450	550
2810	28.1000		439	561
2820	28.2000		442	558
2830	28.3000		437	563
2840	28.4000		449	551
2850	28.5000		446	554
2860	28.6000		455	545
2870	28.7000		456	544
2880	28.8000		454	546
2890	28.9000		452	548
2900	29.0000		439	561
2910	29.1000		449	551
2920	29.2000		456	544
2930	29.3000		469	531
2940	29.4000		476	524
2950	29.5000		482	518
2960	29.6000		475	525
2970	29.7000		468	532
2980	29.8000		459	541
2990	29.9000		459	541
3000	30.0000		452	548
3010	30.1000		456	544
3020	30.2000		469	531
3030	30.3000		467	533
3040	30.4000		461	539
3050	30.5000		458	542
3060	30.6000		467	533
3070	30.7000		466	534
3080	30.8000		471	529
3090	30.9000		480	520
3100	31.0000		490	510
3110	31.1000		486	514
3120	31.2000		491	509
3130	31.3000		500	500
3140	31.4000		495	505
3150	31.5000		501	499
3160	31.6000		504	496
3170	31.7000		503	497
3180	31.8000		503	497
3190	31.9000		495	505
3200	32.0000		503	497
3210	32.1000		510	490
3220	32.2000		498	502
3230	32.3000		497	503
3240	32.4000		486	514
3250	32.5000		494	506
3260	32.6000		493	507
3270	32.7000		506	494
3280	32.8000		492	508
3290	32.9000		487	513
3300	33.0000		497	503
3310	33.1000		496	504
3320	33.2000		498	502
3330	33.3000		497	503
3340	33.4000		489	511
3350	33.5000		494	506
3360	33.6000		494	506
3370	33.7000		508	492
3380	33.8000		512	488
3390	33.9000		514	486
3400	34.0000		499	501
3410	34.1000		508	492
3420	34.2000		500	500
3430	34.3000		499	501
3440	34.4000		505	495
3450	34.5000		506	494
3460	34.6000		502	498
3470	34.7000		499	501
3480	34.8000		478	522
3490	34.9000		512	488
3500	35.0000		517	483
3510	35.1000		496	504
3520	35.2000		496	504
3530	35.3000		482	518
3540	35.4000		477	523
3550	35.5000		472	528
3560	35.6000		465	535
3570	35.7000		469	531
3580	35.8000		457	543
3590	35.9000		446	554
3600	36.0000		444	556
3610	36.1000		467	533
3620	36.2000		469	531
3630	36.3000		471	529
3640	36.4000		482	518
3650	36.5000		476	524
3660	36.6000		472	528
3670	36.7000		467	533
3680	36.8000		475	525
3690	36.9000		470	530
3700	37.0000		460	540
3710	37.1000		463	537
3720	37.2000		462	538
3730	37.3000		440	560
3740	37.4000		439	561
3750	37.5000		465	535
3760	37.6000		456	544
3770	37.7000		460	540
3780	37.8000		455	545
3790	37.9000		456	544
3800	38.0000		474	526
3810	38.1000		480	520
3820	38.2000		473	527
3830	38.3000		471	529
3840	38.4000		477	523
3850	38.5000		472	528
3860	38.6000		463	537
3870	38.7000		456	544
3880	38.8000		463	537
3890	38.9000		460	540
3900	39.0000		458	542
3910	39.1000		456	544
3920	39.2000		460	540
3930	39.3000		462	538
3940	39.4000		455	545
3950	39.5000		461	539
3960	39.6000		447	553
3970	39.7000		466	534
3980	39.8000		472	528
3990	39.9000		479	521
4000	40.0000		479	521
4010	40.1000		479	521
4020	40.2000		475	525
4030	40.3000		476	524
4040	40.4000		481	519
4050	40.5000		481	519
4060	40.6000		466	534
4070	40.7000		468	532
4080	40.8000		452	548
4090	40.9000		447	553
4100	41.0000		453	547
4110	41.1000		453	547
4120	41.2000		447	553
4130	41.3000		442	558
4140	41.4000		455	545
4150	41.5000		455	545
4160	41.6000		452	548
4170	41.7000		450	550
4180	41.8000		447	553
4190	41.9000		464	536
4200	42.0000		467	533
4210	42.1000		454	546
4220	42.2000		449	551
4230	42.3000		457	543
4240	42.4000		449	551
4250	42.5000		434	566
4260	42.6000		433	567
4270	42.7000		429	571
4280	42.8000		433	567
4290	42.9000		447	553
4300	43.0000		440	560
4310	43.1000		446	554
4320	43.2000		445	555
4330	43.3000		434	566
4340	43.4000		426	574
4350	43.5000		441	559
4360	43.6000		451	549
4370	43.7000		443	557
4380	43.8000		451	549
4390	43.9000		465	535
4400	44.0000		464	536
4410	44.1000		467	533
4420	44.2000		466	534
4430	44.3000		465	535
4440	44.4000		461	539
4450	44.5000		462	538
4460	44.6000		463	537
4470	44.7000		457	543
4480	44.8000		464	536
4490	44.9000		457	543
4500	45.0000		461	539
4510	45.1000		476	524
4520	45.2000		471	529
4530	45.3000		462	538
4540	45.4000		465	535
4550	45.5000		467	533
4560	45.6000		458	542
4570	45.7000		474	526
4580	45.8000		469	531
4590	45.9000		484	516
4600	46.0000		479	521
4610	46.1000		481	519
4620	46.2000		492	508
4630	46.3000		479	521
4640	46.4000		491	509
4650	46.5000		497	503
4660	46.6000		507	493
4670	46.7000		486	514
4680	46.8000		492	508
4690	46.9000		495	505
4700	47.0000		508	492
4710	47.1000		510	490
4720	47.2000		503	497
4730	47.3000		501	499
4740	47.4000		493	507
4750	47.5000		485	515
4760	47.6000		468	532
4770	47.7000		481	519
4780	47.8000		476	524
4790	47.9000		471	529
4800	48.0000		463	537
4810	48.1000		473	527
4820	48.2000		480	520
4830	48.3000		480	520
4840	48.4000		488	512
4850	48.5000		483	517
4860	48.6000		474	526
4870	48.7000		468	532
4880	48.8000		471	529
4890	48.9000		475	525
4900	49.0000		468	532
4910	49.1000		461	539
4920	49.2000		454	546
4930	49.3000		461	539
4940	49.4000		471	529
4950	49.5000		471	529
4960	49.6000		454	546
4970	49.7000		446	554
4980	49.8000		451	549
4990	49.9000		449	551
5000	50.0000		447	553
5010	50.1000		438	562
5020	50.2000		448	552
5030	50.3000		453	547
5040	50.4000		432	568
5050	50.5000		425	575
5060	50.6000		427	573
5070	50.7000		426	574
5080	50.8000		422	578
5090	50.9000		414	586
5100	51.0000		443	557
5110	51.1000		435	565
5120	51.2000		450	550
5130	51.3000		428	572
5140	51.4000		439	561
5150	51.5000		436	564
5160	51.6000		434	566
5170	51.7000		445	555
5180	51.8000		469	531
5190	51.9000		454	546
5200	52.0000		449	551
5210	52.1000		447	553
5220	52.2000		444	556
5230	52.3000		448	552
5240	52.4000		446	554
5250	52.5000		451	549
5260	52.6000		452	548
5270	52.7000		447	553
5280	52.8000		447	553
5290	52.9000		444	556
5300	53.0000		459	541
5310	53.1000		463	537
5320	53.2000		467	533
5330	53.3000		462	538
5340	53.4000		452	548
5350	53.5000		440	560
5360	53.6000		444	556
5370	53.7000		452	548
5380	53.8000		449	551
5390	53.9000		456	544
5400	54.0000		462	538
5410	54.1000		447	553
5420	54.2000		440	560
5430	54.3000		444	556
5440	54.4000		464	536
5450	54.5000		462	538
5460	54.6000		463	537
5470	54.7000		477	523
5480	54.8000		490	510
5490	54.9000		495	505
5500	55.0000		484	516
5510	55.1000		492	508
5520	55.2000		506	494
5530	55.3000		506	494
5540	55.4000		508	492
5550	55.5000		496	504
5560	55.6000		501	499
5570	55.7000		499	501
5580	55.8000		503	497
5590	55.9000		501	499
5600	56.0000		499	501
5610	56.1000		496	504
5620	56.2000		491	509
5630	56.3000		486	514
5640	56.4000		496	504
5650	56.5000		494	506
5660	56.6000		480	520
5670	56.7000		484	516
5680	56.8000		502	498
5690	56.9000		501	499
5700	57.0000		506	494
5710	57.1000		492	508
5720	57.2000		491	509
5730	57.3000		500	500
5740	57.4000		490	510
5750	57.5000		483	517
5760	57.6000		469	531
5770	57.7000		461	539
5780	57.8000		469	531
5790	57.9000		471	529
5800	58.0000		478	522
5810	58.1000		476	524
5820	58.2000		487	513
5830	58.3000		483	517
5840	58.4000		485	515
5850	58.5000		483	517
5860	58.6000		463	537
5870	58.7000		479	521
5880	58.8000		479	521
5890	58.9000		479	521
5900	59.0000		475	525
5910	59.1000		472	528
5920	59.2000		463	537
5930	59.3000		471	529
5940	59.4000		470	530
5950	59.5000		466	534
5960	59.6000		457	543
5970	59.7000		436	564
5980	59.8000		441	559
5990	59.9000		437	563
6000	60.0000		452	548
6010	60.1000		451	549
6020	60.2000		447	553
6030	60.3000		447	553
6040	60.4000		444	556
6050	60.5000		448	552
6060	60.6000		442	558
6070	60.7000		452	548
6080	60.8000		457	543
6090	60.9000		471	529
6100	61.0000		470	530
6110	61.1000		467	533
6120	61.2000		455	545
6130	61.3000		439	561
6140	61.4000		450	550
6150	61.5000		447	553
6160	61.6000		444	556
6170	61.7000		442	558
6180	61.8000		439	561
6190	61.9000		430	570
6200	62.0000		431	569
6210	62.1000		429	571
6220	62.2000		448	552
6230	62.3000		457	543
6240	62.4000		465	535
6250	62.5000		463	537
6260	62.6000		464	536
6270	62.7000		449	551
6280	62.8000		441	559
6290	62.9000		449	551
6300	63.0000		443	557
6310	63.1000		439	561
6320	63.2000		453	547
6330	63.3000		459	541
6340	63.4000		471	529
6350	63.5000		488	512
6360	63.6000		484	516
6370	63.7000		485	515
6380	63.8000		477	523
6390	63.9000		473	527
6400	64.0000		483	517
6410	64.1000		479	521
6420	64.2000		455	545
6430	64.3000		461	539
6440	64.4000		461	539
6450	64.5000		476	524
6460	64.6000		482	518
6470	64.7000		467	533
6480	64.8000		461	539
6490	64.9000		470	530
6500	65.0000		471	529
6510	65.1000		483	517
6520	65.2000		483	517
6530	65.3000		486	514
6540	65.4000		457	543
6550	65.5000		474	526
6560	65.6000		475	525
6570	65.7000		479	521
6580	65.8000		470	530
6590	65.9000		473	527
6600	66.0000		458	542
6610	66.1000		459	541
6620	66.2000		464	536
6630	66.3000		466	534
6640	66.4000		466	534
6650	66.5000		468	532
6660	66.6000		455	545
6670	66.7000		474	526
6680	66.8000		466	534
6690	66.9000		474	526
6700	67.0000		475	525
6710	67.1000		475	525
6720	67.2000		490	510
6730	67.3000		479	521
6740	67.4000		485	515
6750	67.5000		489	511
6760	67.6000		494	506
6770	67.7000		476	524
6780	67.8000		484	516
6790	67.9000		483	517
6800	68.0000		489	511
6810	68.1000		490	510
6820	68.2000		492	508
6830	68.3000		483	517
6840	68.4000		473	527
6850	68.5000		470	530
6860	68.6000		472	528
6870	68.7000		474	526
6880	68.8000		469	531
6890	68.9000		454	546
6900	69.0000		465	535
6910	69.1000		474	526
6920	69.2000		489	511
6930	69.3000		493	507
6940	69.4000		487	513
6950	69.5000		492	508
6960	69.6000		494	506
6970	69.7000		495	505
6980	69.8000		492	508
6990	69.9000		487	513
7000	70.0000		497	503
7010	70.1000		487	513
7020	70.2000		487	513
7030	70.3000		492	508
7040	70.4000		475	525
7050	70.5000		481	519
7060	70.6000		475	525
7070	70.7000		470	530
7080	70.8000		488	512
7090	70.9000		473	527
7100	71.0000		458	542
7110	71.1000		455	545
7120	71.2000		466	534
7130	71.3000		470	530
7140	71.4000		487	513
7150	71.5000		484	516
7160	71.6000		487	513
7170	71.7000		473	527
7180	71.8000		470	530
7190	71.9000		467	533
7200	72.0000		454	546
7210	72.1000		459	541
7220	72.2000		464	536
7230	72.3000		483	517
7240	72.4000		471	529
7250	72.5000		466	534
7260	72.6000		450	550
7270	72.7000		441	559
7280	72.8000		447	553
7290	72.9000		439	561
7300	73.0000		431	569
7310	73.1000		433	567
7320	73.2000		439	561
7330	73.3000		451	549
7340	73.4000		458	542
7350	73.5000		446	554
7360	73.6000		456	544
7370	73.7000		457	543
7380	73.8000		468	532
7390	73.9000		479	521
7400	74.0000		478	522
7410	74.1000		463	537
7420	74.2000		467	533
7430	74.3000		472	528
7440	74.4000		476	524
7450	74.5000		473	527
7460	74.6000		477	523
7470	74.7000		468	532
7480	74.8000		470	530
7490	74.9000		482	518
7500	75.0000		489	511
7510	75.1000		490	510
7520	75.2000		479	521
7530	75.3000		475	525
7540	75.4000		466	534
7550	75.5000		466	534
7560	75.6000		480	520
7570	75.7000		482	518
7580	75.8000		470	530
7590	75.9000		462	538
7600	76.0000		473	527
7610	76.1000		478	522
7620	76.2000		477	523
7630	76.3000		468	532
7640	76.4000		464	536
7650	76.5000		443	557
7660	76.6000		438	562
7670	76.7000		456	544
7680	76.8000		455	545
7690	76.9000		444	556
7700	77.0000		438	562
7710	77.1000		449	551
7720	77.2000		444	556
7730	77.3000		452	548
7740	77.4000		473	527
7750	77.5000		463	537
7760	77.6000		475	525
7770	77.7000		472	528
7780	77.8000		479	521
7790	77.9000		480	520
7800	78.0000		484	516
7810	78.1000		489	511
7820	78.2000		488	512
7830	78.3000		462	538
7840	78.4000		443	557
7850	78.5000		435	565
7860	78.6000		437	563
7870	78.7000		442	558
7880	78.8000		434	566
7890	78.9000		435	565
7900	79.0000		435	565
7910	79.1000		435	565
7920	79.2000		443	557
7930	79.3000		447	553
7940	79.4000		442	558
7950	79.5000		455	545
7960	79.6000		470	530
7970	79.7000		465	535
7980	79.8000		460	540
7990	79.9000		464	536
8000	80.0000		450	550
8010	80.1000		440	560
8020	80.2000		457	543
8030	80.3000		467	533
8040	80.4000		455	545
8050	80.5000		451	549
8060	80.6000		442	558
8070	80.7000		433	567
8080	80.8000		462	538
8090	80.9000		450	550
8100	81.0000		452	548
8110	81.1000		458	542
8120	81.2000		460	540
8130	81.3000		474	526
8140	81.4000		477	523
8150	81.5000		461	539
8160	81.6000		450	550
8170	81.7000		464	536
8180	81.8000		472	528
8190	81.9000		474	526
8200	82.0000		474	526
8210	82.1000		457	543
8220	82.2000		440	560
8230	82.3000		438	562
8240	82.4000		453	547
8250	82.5000		459	541
8260	82.6000		446	554
8270	82.7000		444	556
8280	82.8000		448	552
8290	82.9000		455	545
8300	83.0000		449	551
8310	83.1000		453	547
8320	83.2000		450	550
8330	83.3000		454	546
8340	83.4000		463	537
8350	83.5000		467	533
8360	83.6000		475	525
8370	83.7000		480	520
8380	83.8000		472	528
8390	83.9000		457	543
8400	84.0000		453	547
8410	84.1000		459	541
8420	84.2000		456	544
8430	84.3000		459	541
8440	84.4000		456	544
8450	84.5000		466	534
8460	84.6000		464	536
8470	84.7000		464	536
8480	84.8000		471	529
8490	84.9000		471	529
8500	85.0000		485	515
8510	85.1000		489	511
8520	85.2000		487	513
8530	85.3000		470	530
8540	85.4000		482	518
8550	85.5000		485	515
8560	85.6000		478	522
8570	85.7000		489	511
8580	85.8000		509	491
8590	85.9000		511	489
8600	86.0000		517	483
8610	86.1000		514	486
8620	86.2000		503	497
8630	86.3000		495	505
8640	86.4000		493	507
8650	86.5000		492	508
8660	86.6000		486	514
8670	86.7000		463	537
8680	86.8000		476	524
8690	86.9000		477	523
8700	87.0000		483	517
8710	87.1000		477	523
8720	87.2000		483	517
8730	87.3000		485	515
8740	87.4000		493	507
8750	87.5000		497	503
8760	87.6000		501	499
8770	87.7000		511	489
8780	87.8000		511	489
8790	87.9000		518	482
8800	88.0000		511	489
8810	88.1000		505	495
8820	88.2000		508	492
8830	88.3000		501	499
8840	88.4000		498	502
8850	88.5000		491	509
8860	88.6000		497	503
8870	88.7000		496	504
8880	88.8000		486	514
8890	88.9000		479	521
8900	89.0000		480	520
8910	89.1000		472	528
8920	89.2000		474	526
8930	89.3000		474	526
8940	89.4000		487	513
8950	89.5000		497	503
8960	89.6000		482	518
8970	89.7000		479	521
8980	89.8000		470	530
8990	89.9000		475	525
9000	90.0000		470	530
9010	90.1000		473	527
9020	90.2000		476	524
9030	90.3000		465	535
9040	90.4000		479	521
9050	90.5000		489	511
9060	90.6000		496	504
9070	90.7000		495	505
9080	90.8000		480	520
9090	90.9000		479	521
9100	91.0000		477	523
9110	91.1000		473	527
9120	91.2000		458	542
9130	91.3000		454	546
9140	91.4000		436	564
9150	91.5000		440	560
9160	91.6000		434	566
9170	91.7000		438	562
9180	91.8000		430	570
9190	91.9000		430	570
9200	92.0000		431	569
9210	92.1000		431	569
9220	92.2000		429	571
9230	92.3000		430	570
9240	92.4000		434	566
9250	92.5000		433	567
9260	92.6000		432	568
9270	92.7000		434	566
9280	92.8000		441	559
9290	92.9000		435	565
9300	93.0000		451	549
9310	93.1000		471	529
9320	93.2000		470	530
9330	93.3000		482	518
9340	93.4000		475	525
9350	93.5000		464	536
9360	93.6000		464	536
9370	93.7000		449	551
9380	93.8000		440	560
9390	93.9000		438	562
9400	94.0000		439	561
9410	94.1000		441	559
9420	94.2000		427	573
9430	94.3000		433	567
9440	94.4000		440	560
9450	94.5000		437	563
9460	94.6000		449	551
9470	94.7000		463	537
9480	94.8000		471	529
9490	94.9000		472	528
9500	95.0000		464	536
9510	95.1000		460	540
9520	95.2000		466	534
9530	95.3000		456	544
9540	95.4000		447	553
9550	95.5000		453	547
9560	95.6000		462	538
9570	95.7000		450	550
9580	95.8000		460	540
9590	95.9000		450	550
9600	96.0000		450	550
9610	96.1000		455	545
9620	96.2000		457	543
9630	96.3000		456	544
9640	96.4000		440	560
9650	96.5000		450	550
9660	96.6000		441	559
9670	96.7000		428	572
9680	96.8000		427	573
9690	96.9000		417	583
9700	97.0000		415	585
9710	97.1000		411	589
9720	97.2000		416	584
9730	97.3000		425	575
9740	97.4000		414	586
9750	97.5000		431	569
9760	97.6000		441	559
9770	97.7000		446	554
9780	97.8000		436	564
9790	97.9000		428	572
9800	98.0000		443	557
9810	98.1000		450	550
9820	98.2000		449	551
9830	98.3000		442	558
9840	98.4000		430	570
9850	98.5000		412	588
9860	98.6000		403	597
9870	98.7000		392	608
9880	98.8000		403	597
9890	98.9000		399	601
9900	99.0000		406	594
9910	99.1000		418	582
9920	99.2000		405	595
9930	99.3000		402	598
9940	99.4000		403	597
9950	99.5000		404	596
9960	99.6000		416	584
9970	99.7000		431	569
9980	99.8000		452	548
9990	99.9000		443	557
10000	100.0000		452	548
# Simulation completed.
