# Creating system...
# System created with N=1000 particles

# Initial state:
# Susceptibles: 999, Infected: 1

# Starting simulation...
# Step	Time		S	I
0	0.0000		999	1
100	1.0000		956	44
200	2.0000		726	274
300	3.0000		302	698
400	4.0000		125	875
500	5.0000		109	891
600	6.0000		128	872
700	7.0000		114	886
800	8.0000		121	879
900	9.0000		123	877
1000	10.0000		101	899
1100	11.0000		119	881
1200	12.0000		120	880
1300	13.0000		124	876
1400	14.0000		111	889
1500	15.0000		125	875
1600	16.0000		126	874
1700	17.0000		123	877
1800	18.0000		137	863
1900	19.0000		135	865
2000	20.0000		126	874
2100	21.0000		120	880
2200	22.0000		121	879
2300	23.0000		111	889
2400	24.0000		144	856
2500	25.0000		105	895
2600	26.0000		133	867
2700	27.0000		129	871
2800	28.0000		124	876
2900	29.0000		112	888
3000	30.0000		153	847
3100	31.0000		122	878
3200	32.0000		124	876
3300	33.0000		124	876
3400	34.0000		105	895
3500	35.0000		114	886
3600	36.0000		134	866
3700	37.0000		118	882
3800	38.0000		133	867
3900	39.0000		122	878
4000	40.0000		124	876
4100	41.0000		129	871
4200	42.0000		116	884
4300	43.0000		107	893
4400	44.0000		131	869
4500	45.0000		128	872
4600	46.0000		127	873
4700	47.0000		135	865
4800	48.0000		103	897
4900	49.0000		137	863
5000	50.0000		124	876
5100	51.0000		119	881
5200	52.0000		130	870
5300	53.0000		137	863
5400	54.0000		117	883
5500	55.0000		122	878
5600	56.0000		151	849
5700	57.0000		126	874
5800	58.0000		133	867
5900	59.0000		122	878
6000	60.0000		120	880
6100	61.0000		106	894
6200	62.0000		125	875
6300	63.0000		126	874
6400	64.0000		106	894
6500	65.0000		133	867
6600	66.0000		116	884
6700	67.0000		132	868
6800	68.0000		121	879
6900	69.0000		114	886
7000	70.0000		108	892
7100	71.0000		145	855
7200	72.0000		108	892
7300	73.0000		131	869
7400	74.0000		130	870
7500	75.0000		136	864
7600	76.0000		125	875
7700	77.0000		113	887
7800	78.0000		140	860
7900	79.0000		136	864
8000	80.0000		122	878
8100	81.0000		127	873
8200	82.0000		131	869
8300	83.0000		140	860
8400	84.0000		130	870
8500	85.0000		132	868
8600	86.0000		131	869
8700	87.0000		141	859
8800	88.0000		120	880
8900	89.0000		148	852
9000	90.0000		119	881
9100	91.0000		136	864
9200	92.0000		127	873
9300	93.0000		136	864
9400	94.0000		140	860
9500	95.0000		117	883
9600	96.0000		118	882
9700	97.0000		108	892
9800	98.0000		112	888
9900	99.0000		122	878
10000	100.0000		135	865
10100	101.0000		146	854
10200	102.0000		137	863
10300	103.0000		129	871
10400	104.0000		129	871
10500	105.0000		123	877
10600	106.0000		127	873
10700	107.0000		127	873
10800	108.0000		133	867
10900	109.0000		120	880
11000	110.0000		139	861
11100	111.0000		110	890
11200	112.0000		133	867
11300	113.0000		118	882
11400	114.0000		120	880
11500	115.0000		99	901
11600	116.0000		129	871
11700	117.0000		121	879
11800	118.0000		117	883
11900	119.0000		120	880
12000	120.0000		132	868
12100	121.0000		127	873
12200	122.0000		122	878
12300	123.0000		132	868
12400	124.0000		134	866
12500	125.0000		144	856
12600	126.0000		122	878
12700	127.0000		120	880
12800	128.0000		121	879
12900	129.0000		125	875
13000	130.0000		113	887
13100	131.0000		123	877
13200	132.0000		119	881
13300	133.0000		139	861
13400	134.0000		120	880
13500	135.0000		121	879
13600	136.0000		100	900
13700	137.0000		140	860
13800	138.0000		134	866
13900	139.0000		94	906
14000	140.0000		120	880
14100	141.0000		122	878
14200	142.0000		118	882
14300	143.0000		124	876
14400	144.0000		121	879
14500	145.0000		121	879
14600	146.0000		127	873
14700	147.0000		105	895
14800	148.0000		148	852
14900	149.0000		145	855
15000	150.0000		122	878
15100	151.0000		135	865
15200	152.0000		122	878
15300	153.0000		137	863
15400	154.0000		125	875
15500	155.0000		135	865
15600	156.0000		129	871
15700	157.0000		136	864
15800	158.0000		115	885
15900	159.0000		116	884
16000	160.0000		128	872
16100	161.0000		107	893
16200	162.0000		108	892
16300	163.0000		120	880
16400	164.0000		129	871
16500	165.0000		111	889
16600	166.0000		132	868
16700	167.0000		115	885
16800	168.0000		116	884
16900	169.0000		121	879
17000	170.0000		133	867
17100	171.0000		94	906
17200	172.0000		116	884
17300	173.0000		112	888
17400	174.0000		116	884
17500	175.0000		140	860
17600	176.0000		122	878
17700	177.0000		132	868
17800	178.0000		122	878
17900	179.0000		113	887
18000	180.0000		131	869
18100	181.0000		127	873
18200	182.0000		116	884
18300	183.0000		120	880
18400	184.0000		127	873
18500	185.0000		121	879
18600	186.0000		126	874
18700	187.0000		123	877
18800	188.0000		107	893
18900	189.0000		122	878
19000	190.0000		134	866
19100	191.0000		125	875
19200	192.0000		132	868
19300	193.0000		128	872
19400	194.0000		117	883
19500	195.0000		134	866
19600	196.0000		133	867
19700	197.0000		134	866
19800	198.0000		111	889
19900	199.0000		118	882
20000	200.0000		119	881
20100	201.0000		132	868
20200	202.0000		102	898
20300	203.0000		139	861
20400	204.0000		137	863
20500	205.0000		123	877
20600	206.0000		123	877
20700	207.0000		122	878
20800	208.0000		126	874
20900	209.0000		148	852
21000	210.0000		101	899
21100	211.0000		123	877
21200	212.0000		134	866
21300	213.0000		145	855
21400	214.0000		117	883
21500	215.0000		108	892
21600	216.0000		141	859
21700	217.0000		125	875
21800	218.0000		132	868
21900	219.0000		128	872
22000	220.0000		126	874
22100	221.0000		134	866
22200	222.0000		146	854
22300	223.0000		116	884
22400	224.0000		136	864
22500	225.0000		151	849
22600	226.0000		136	864
22700	227.0000		97	903
22800	228.0000		118	882
22900	229.0000		140	860
23000	230.0000		121	879
23100	231.0000		119	881
23200	232.0000		115	885
23300	233.0000		108	892
23400	234.0000		122	878
23500	235.0000		121	879
23600	236.0000		133	867
23700	237.0000		137	863
23800	238.0000		125	875
23900	239.0000		139	861
24000	240.0000		140	860
24100	241.0000		145	855
24200	242.0000		123	877
24300	243.0000		120	880
24400	244.0000		127	873
24500	245.0000		119	881
24600	246.0000		123	877
24700	247.0000		125	875
24800	248.0000		134	866
24900	249.0000		123	877
25000	250.0000		135	865
25100	251.0000		129	871
25200	252.0000		108	892
25300	253.0000		131	869
25400	254.0000		144	856
25500	255.0000		102	898
25600	256.0000		121	879
25700	257.0000		99	901
25800	258.0000		128	872
25900	259.0000		134	866
26000	260.0000		128	872
26100	261.0000		132	868
26200	262.0000		114	886
26300	263.0000		130	870
26400	264.0000		137	863
26500	265.0000		132	868
26600	266.0000		136	864
26700	267.0000		119	881
26800	268.0000		138	862
26900	269.0000		116	884
27000	270.0000		124	876
27100	271.0000		131	869
27200	272.0000		133	867
27300	273.0000		110	890
27400	274.0000		125	875
27500	275.0000		126	874
27600	276.0000		147	853
27700	277.0000		120	880
27800	278.0000		115	885
27900	279.0000		104	896
28000	280.0000		130	870
28100	281.0000		113	887
28200	282.0000		134	866
28300	283.0000		130	870
28400	284.0000		148	852
28500	285.0000		127	873
28600	286.0000		122	878
28700	287.0000		122	878
28800	288.0000		125	875
28900	289.0000		128	872
29000	290.0000		129	871
29100	291.0000		134	866
29200	292.0000		127	873
29300	293.0000		117	883
29400	294.0000		116	884
29500	295.0000		112	888
29600	296.0000		130	870
29700	297.0000		113	887
29800	298.0000		98	902
29900	299.0000		121	879
30000	300.0000		122	878
30100	301.0000		108	892
30200	302.0000		132	868
30300	303.0000		132	868
30400	304.0000		125	875
30500	305.0000		121	879
30600	306.0000		121	879
30700	307.0000		108	892
30800	308.0000		125	875
30900	309.0000		120	880
31000	310.0000		130	870
31100	311.0000		143	857
31200	312.0000		112	888
31300	313.0000		143	857
31400	314.0000		96	904
31500	315.0000		114	886
31600	316.0000		119	881
31700	317.0000		128	872
31800	318.0000		140	860
31900	319.0000		129	871
32000	320.0000		126	874
32100	321.0000		148	852
32200	322.0000		132	868
32300	323.0000		144	856
32400	324.0000		124	876
32500	325.0000		92	908
32600	326.0000		132	868
32700	327.0000		127	873
32800	328.0000		117	883
32900	329.0000		129	871
33000	330.0000		95	905
33100	331.0000		117	883
33200	332.0000		115	885
33300	333.0000		111	889
33400	334.0000		115	885
33500	335.0000		122	878
33600	336.0000		125	875
33700	337.0000		100	900
33800	338.0000		119	881
33900	339.0000		148	852
34000	340.0000		120	880
34100	341.0000		127	873
34200	342.0000		129	871
34300	343.0000		130	870
34400	344.0000		131	869
34500	345.0000		109	891
34600	346.0000		127	873
34700	347.0000		126	874
34800	348.0000		131	869
34900	349.0000		136	864
35000	350.0000		118	882
35100	351.0000		114	886
35200	352.0000		113	887
35300	353.0000		137	863
35400	354.0000		121	879
35500	355.0000		128	872
35600	356.0000		131	869
35700	357.0000		124	876
35800	358.0000		138	862
35900	359.0000		123	877
36000	360.0000		113	887
36100	361.0000		105	895
36200	362.0000		119	881
36300	363.0000		129	871
36400	364.0000		125	875
36500	365.0000		155	845
36600	366.0000		130	870
36700	367.0000		124	876
36800	368.0000		118	882
36900	369.0000		115	885
37000	370.0000		108	892
37100	371.0000		143	857
37200	372.0000		120	880
37300	373.0000		120	880
37400	374.0000		121	879
37500	375.0000		130	870
37600	376.0000		117	883
37700	377.0000		103	897
37800	378.0000		157	843
37900	379.0000		118	882
38000	380.0000		122	878
38100	381.0000		128	872
38200	382.0000		130	870
38300	383.0000		120	880
38400	384.0000		119	881
38500	385.0000		122	878
38600	386.0000		121	879
38700	387.0000		141	859
38800	388.0000		125	875
38900	389.0000		134	866
39000	390.0000		122	878
39100	391.0000		137	863
39200	392.0000		105	895
39300	393.0000		128	872
39400	394.0000		142	858
39500	395.0000		112	888
39600	396.0000		111	889
39700	397.0000		132	868
39800	398.0000		109	891
39900	399.0000		150	850
40000	400.0000		115	885
40100	401.0000		98	902
40200	402.0000		131	869
40300	403.0000		95	905
40400	404.0000		132	868
40500	405.0000		130	870
40600	406.0000		125	875
40700	407.0000		136	864
40800	408.0000		125	875
40900	409.0000		141	859
41000	410.0000		130	870
41100	411.0000		133	867
41200	412.0000		142	858
41300	413.0000		143	857
41400	414.0000		121	879
41500	415.0000		133	867
41600	416.0000		126	874
41700	417.0000		142	858
41800	418.0000		132	868
41900	419.0000		126	874
42000	420.0000		102	898
42100	421.0000		133	867
42200	422.0000		136	864
42300	423.0000		134	866
42400	424.0000		117	883
42500	425.0000		134	866
42600	426.0000		146	854
42700	427.0000		127	873
42800	428.0000		130	870
42900	429.0000		132	868
43000	430.0000		114	886
43100	431.0000		120	880
43200	432.0000		121	879
43300	433.0000		111	889
43400	434.0000		126	874
43500	435.0000		143	857
43600	436.0000		137	863
43700	437.0000		145	855
43800	438.0000		108	892
43900	439.0000		117	883
44000	440.0000		122	878
44100	441.0000		134	866
44200	442.0000		104	896
44300	443.0000		115	885
44400	444.0000		123	877
44500	445.0000		98	902
44600	446.0000		118	882
44700	447.0000		144	856
44800	448.0000		128	872
44900	449.0000		139	861
45000	450.0000		121	879
45100	451.0000		129	871
45200	452.0000		118	882
45300	453.0000		130	870
45400	454.0000		115	885
45500	455.0000		128	872
45600	456.0000		114	886
45700	457.0000		126	874
45800	458.0000		118	882
45900	459.0000		108	892
46000	460.0000		110	890
46100	461.0000		128	872
46200	462.0000		122	878
46300	463.0000		124	876
46400	464.0000		121	879
46500	465.0000		129	871
46600	466.0000		136	864
46700	467.0000		137	863
46800	468.0000		118	882
46900	469.0000		120	880
47000	470.0000		126	874
47100	471.0000		107	893
47200	472.0000		136	864
47300	473.0000		104	896
47400	474.0000		127	873
47500	475.0000		143	857
47600	476.0000		127	873
47700	477.0000		135	865
47800	478.0000		105	895
47900	479.0000		119	881
48000	480.0000		115	885
48100	481.0000		130	870
48200	482.0000		145	855
48300	483.0000		133	867
48400	484.0000		137	863
48500	485.0000		110	890
48600	486.0000		113	887
48700	487.0000		101	899
48800	488.0000		127	873
48900	489.0000		123	877
49000	490.0000		117	883
49100	491.0000		122	878
49200	492.0000		133	867
49300	493.0000		114	886
49400	494.0000		120	880
49500	495.0000		137	863
49600	496.0000		124	876
49700	497.0000		121	879
49800	498.0000		128	872
49900	499.0000		135	865
50000	500.0000		124	876
50100	501.0000		150	850
50200	502.0000		119	881
50300	503.0000		120	880
50400	504.0000		110	890
50500	505.0000		108	892
50600	506.0000		116	884
50700	507.0000		132	868
50800	508.0000		107	893
50900	509.0000		119	881
51000	510.0000		127	873
51100	511.0000		125	875
51200	512.0000		128	872
51300	513.0000		106	894
51400	514.0000		147	853
51500	515.0000		115	885
51600	516.0000		121	879
51700	517.0000		141	859
51800	518.0000		120	880
51900	519.0000		120	880
52000	520.0000		113	887
52100	521.0000		127	873
52200	522.0000		119	881
52300	523.0000		124	876
52400	524.0000		137	863
52500	525.0000		133	867
52600	526.0000		129	871
52700	527.0000		133	867
52800	528.0000		118	882
52900	529.0000		129	871
53000	530.0000		137	863
53100	531.0000		137	863
53200	532.0000		124	876
53300	533.0000		135	865
53400	534.0000		103	897
53500	535.0000		121	879
53600	536.0000		101	899
53700	537.0000		129	871
53800	538.0000		129	871
53900	539.0000		124	876
54000	540.0000		125	875
54100	541.0000		126	874
54200	542.0000		118	882
54300	543.0000		124	876
54400	544.0000		116	884
54500	545.0000		124	876
54600	546.0000		143	857
54700	547.0000		136	864
54800	548.0000		127	873
54900	549.0000		130	870
55000	550.0000		119	881
55100	551.0000		124	876
55200	552.0000		141	859
55300	553.0000		113	887
55400	554.0000		110	890
55500	555.0000		126	874
55600	556.0000		141	859
55700	557.0000		119	881
55800	558.0000		133	867
55900	559.0000		141	859
56000	560.0000		111	889
56100	561.0000		124	876
56200	562.0000		112	888
56300	563.0000		121	879
56400	564.0000		109	891
56500	565.0000		141	859
56600	566.0000		131	869
56700	567.0000		134	866
56800	568.0000		94	906
56900	569.0000		138	862
57000	570.0000		135	865
57100	571.0000		130	870
57200	572.0000		129	871
57300	573.0000		130	870
57400	574.0000		130	870
57500	575.0000		111	889
57600	576.0000		127	873
57700	577.0000		125	875
57800	578.0000		119	881
57900	579.0000		126	874
58000	580.0000		123	877
58100	581.0000		129	871
58200	582.0000		123	877
58300	583.0000		99	901
58400	584.0000		137	863
58500	585.0000		135	865
58600	586.0000		118	882
58700	587.0000		124	876
58800	588.0000		119	881
58900	589.0000		118	882
59000	590.0000		117	883
59100	591.0000		142	858
59200	592.0000		112	888
59300	593.0000		143	857
59400	594.0000		115	885
59500	595.0000		122	878
59600	596.0000		112	888
59700	597.0000		117	883
59800	598.0000		119	881
59900	599.0000		139	861
60000	600.0000		153	847
60100	601.0000		122	878
60200	602.0000		128	872
60300	603.0000		113	887
60400	604.0000		131	869
60500	605.0000		117	883
60600	606.0000		136	864
60700	607.0000		116	884
60800	608.0000		136	864
60900	609.0000		120	880
61000	610.0000		128	872
61100	611.0000		119	881
61200	612.0000		117	883
61300	613.0000		144	856
61400	614.0000		132	868
61500	615.0000		110	890
61600	616.0000		135	865
61700	617.0000		139	861
61800	618.0000		107	893
61900	619.0000		108	892
62000	620.0000		125	875
62100	621.0000		122	878
62200	622.0000		120	880
62300	623.0000		132	868
62400	624.0000		142	858
62500	625.0000		136	864
62600	626.0000		147	853
62700	627.0000		118	882
62800	628.0000		123	877
62900	629.0000		126	874
63000	630.0000		110	890
63100	631.0000		136	864
63200	632.0000		128	872
63300	633.0000		124	876
63400	634.0000		123	877
63500	635.0000		130	870
63600	636.0000		138	862
63700	637.0000		134	866
63800	638.0000		130	870
63900	639.0000		148	852
64000	640.0000		128	872
64100	641.0000		152	848
64200	642.0000		123	877
64300	643.0000		124	876
64400	644.0000		127	873
64500	645.0000		135	865
64600	646.0000		118	882
64700	647.0000		118	882
64800	648.0000		123	877
64900	649.0000		124	876
65000	650.0000		130	870
65100	651.0000		126	874
65200	652.0000		117	883
65300	653.0000		136	864
65400	654.0000		128	872
65500	655.0000		118	882
65600	656.0000		119	881
65700	657.0000		103	897
65800	658.0000		107	893
65900	659.0000		136	864
66000	660.0000		137	863
66100	661.0000		137	863
66200	662.0000		112	888
66300	663.0000		154	846
66400	664.0000		146	854
66500	665.0000		140	860
66600	666.0000		123	877
66700	667.0000		118	882
66800	668.0000		106	894
66900	669.0000		129	871
67000	670.0000		130	870
67100	671.0000		116	884
67200	672.0000		130	870
67300	673.0000		103	897
67400	674.0000		116	884
67500	675.0000		127	873
67600	676.0000		116	884
67700	677.0000		109	891
67800	678.0000		136	864
67900	679.0000		131	869
68000	680.0000		133	867
68100	681.0000		117	883
68200	682.0000		131	869
68300	683.0000		121	879
68400	684.0000		126	874
68500	685.0000		125	875
68600	686.0000		112	888
68700	687.0000		130	870
68800	688.0000		134	866
68900	689.0000		120	880
69000	690.0000		110	890
69100	691.0000		117	883
69200	692.0000		115	885
69300	693.0000		126	874
69400	694.0000		141	859
69500	695.0000		126	874
69600	696.0000		117	883
69700	697.0000		139	861
69800	698.0000		120	880
69900	699.0000		136	864
70000	700.0000		122	878
70100	701.0000		109	891
70200	702.0000		123	877
70300	703.0000		113	887
70400	704.0000		108	892
70500	705.0000		143	857
70600	706.0000		123	877
70700	707.0000		109	891
70800	708.0000		112	888
70900	709.0000		136	864
71000	710.0000		113	887
71100	711.0000		89	911
71200	712.0000		114	886
71300	713.0000		119	881
71400	714.0000		143	857
71500	715.0000		138	862
71600	716.0000		120	880
71700	717.0000		138	862
71800	718.0000		144	856
71900	719.0000		132	868
72000	720.0000		121	879
72100	721.0000		125	875
72200	722.0000		126	874
72300	723.0000		132	868
72400	724.0000		96	904
72500	725.0000		138	862
72600	726.0000		144	856
72700	727.0000		154	846
72800	728.0000		122	878
72900	729.0000		133	867
73000	730.0000		117	883
73100	731.0000		119	881
73200	732.0000		130	870
73300	733.0000		132	868
73400	734.0000		149	851
73500	735.0000		122	878
73600	736.0000		130	870
73700	737.0000		124	876
73800	738.0000		142	858
73900	739.0000		122	878
74000	740.0000		124	876
74100	741.0000		129	871
74200	742.0000		123	877
74300	743.0000		120	880
74400	744.0000		155	845
74500	745.0000		123	877
74600	746.0000		130	870
74700	747.0000		126	874
74800	748.0000		140	860
74900	749.0000		127	873
75000	750.0000		122	878
75100	751.0000		99	901
75200	752.0000		124	876
75300	753.0000		134	866
75400	754.0000		115	885
75500	755.0000		114	886
75600	756.0000		122	878
75700	757.0000		132	868
75800	758.0000		123	877
75900	759.0000		128	872
76000	760.0000		125	875
76100	761.0000		128	872
76200	762.0000		123	877
76300	763.0000		118	882
76400	764.0000		122	878
76500	765.0000		125	875
76600	766.0000		103	897
76700	767.0000		125	875
76800	768.0000		109	891
76900	769.0000		123	877
77000	770.0000		132	868
77100	771.0000		116	884
77200	772.0000		129	871
77300	773.0000		123	877
77400	774.0000		114	886
77500	775.0000		117	883
77600	776.0000		123	877
77700	777.0000		115	885
77800	778.0000		119	881
77900	779.0000		130	870
78000	780.0000		140	860
78100	781.0000		134	866
78200	782.0000		126	874
78300	783.0000		128	872
78400	784.0000		131	869
78500	785.0000		113	887
78600	786.0000		124	876
78700	787.0000		130	870
78800	788.0000		133	867
78900	789.0000		138	862
79000	790.0000		120	880
79100	791.0000		122	878
79200	792.0000		120	880
79300	793.0000		112	888
79400	794.0000		126	874
79500	795.0000		126	874
79600	796.0000		119	881
79700	797.0000		126	874
79800	798.0000		115	885
79900	799.0000		135	865
80000	800.0000		133	867
80100	801.0000		104	896
80200	802.0000		145	855
80300	803.0000		123	877
80400	804.0000		116	884
80500	805.0000		136	864
80600	806.0000		117	883
80700	807.0000		144	856
80800	808.0000		132	868
80900	809.0000		124	876
81000	810.0000		120	880
81100	811.0000		127	873
81200	812.0000		150	850
81300	813.0000		125	875
81400	814.0000		127	873
81500	815.0000		115	885
81600	816.0000		118	882
81700	817.0000		147	853
81800	818.0000		135	865
81900	819.0000		136	864
82000	820.0000		133	867
82100	821.0000		128	872
82200	822.0000		108	892
82300	823.0000		133	867
82400	824.0000		132	868
82500	825.0000		136	864
82600	826.0000		139	861
82700	827.0000		125	875
82800	828.0000		108	892
82900	829.0000		117	883
83000	830.0000		135	865
83100	831.0000		140	860
83200	832.0000		120	880
83300	833.0000		112	888
83400	834.0000		121	879
83500	835.0000		115	885
83600	836.0000		132	868
83700	837.0000		128	872
83800	838.0000		111	889
83900	839.0000		131	869
84000	840.0000		122	878
84100	841.0000		134	866
84200	842.0000		112	888
84300	843.0000		125	875
84400	844.0000		123	877
84500	845.0000		115	885
84600	846.0000		117	883
84700	847.0000		127	873
84800	848.0000		126	874
84900	849.0000		115	885
85000	850.0000		125	875
85100	851.0000		128	872
85200	852.0000		128	872
85300	853.0000		153	847
85400	854.0000		139	861
85500	855.0000		105	895
85600	856.0000		131	869
85700	857.0000		110	890
85800	858.0000		109	891
85900	859.0000		117	883
86000	860.0000		112	888
86100	861.0000		120	880
86200	862.0000		117	883
86300	863.0000		124	876
86400	864.0000		136	864
86500	865.0000		124	876
86600	866.0000		122	878
86700	867.0000		136	864
86800	868.0000		115	885
86900	869.0000		110	890
87000	870.0000		121	879
87100	871.0000		143	857
87200	872.0000		126	874
87300	873.0000		145	855
87400	874.0000		116	884
87500	875.0000		107	893
87600	876.0000		125	875
87700	877.0000		126	874
87800	878.0000		116	884
87900	879.0000		113	887
88000	880.0000		130	870
88100	881.0000		127	873
88200	882.0000		123	877
88300	883.0000		148	852
88400	884.0000		141	859
88500	885.0000		132	868
88600	886.0000		134	866
88700	887.0000		142	858
88800	888.0000		135	865
88900	889.0000		131	869
89000	890.0000		119	881
89100	891.0000		109	891
89200	892.0000		119	881
89300	893.0000		125	875
89400	894.0000		113	887
89500	895.0000		123	877
89600	896.0000		127	873
89700	897.0000		127	873
89800	898.0000		129	871
89900	899.0000		124	876
90000	900.0000		112	888
90100	901.0000		131	869
90200	902.0000		131	869
90300	903.0000		112	888
90400	904.0000		139	861
90500	905.0000		105	895
90600	906.0000		141	859
90700	907.0000		128	872
90800	908.0000		141	859
90900	909.0000		138	862
91000	910.0000		134	866
91100	911.0000		104	896
91200	912.0000		119	881
91300	913.0000		126	874
91400	914.0000		129	871
91500	915.0000		125	875
91600	916.0000		105	895
91700	917.0000		132	868
91800	918.0000		120	880
91900	919.0000		132	868
92000	920.0000		132	868
92100	921.0000		129	871
92200	922.0000		109	891
92300	923.0000		122	878
92400	924.0000		127	873
92500	925.0000		139	861
92600	926.0000		121	879
92700	927.0000		142	858
92800	928.0000		141	859
92900	929.0000		108	892
93000	930.0000		113	887
93100	931.0000		128	872
93200	932.0000		141	859
93300	933.0000		124	876
93400	934.0000		124	876
93500	935.0000		111	889
93600	936.0000		119	881
93700	937.0000		107	893
93800	938.0000		122	878
93900	939.0000		122	878
94000	940.0000		117	883
94100	941.0000		118	882
94200	942.0000		118	882
94300	943.0000		121	879
94400	944.0000		113	887
94500	945.0000		116	884
94600	946.0000		120	880
94700	947.0000		106	894
94800	948.0000		135	865
94900	949.0000		139	861
95000	950.0000		125	875
95100	951.0000		108	892
95200	952.0000		117	883
95300	953.0000		109	891
95400	954.0000		143	857
95500	955.0000		127	873
95600	956.0000		137	863
95700	957.0000		120	880
95800	958.0000		125	875
95900	959.0000		136	864
96000	960.0000		129	871
96100	961.0000		128	872
96200	962.0000		115	885
96300	963.0000		109	891
96400	964.0000		116	884
96500	965.0000		116	884
96600	966.0000		127	873
96700	967.0000		132	868
96800	968.0000		127	873
96900	969.0000		123	877
97000	970.0000		135	865
97100	971.0000		127	873
97200	972.0000		115	885
97300	973.0000		126	874
97400	974.0000		103	897
97500	975.0000		131	869
97600	976.0000		113	887
97700	977.0000		120	880
97800	978.0000		147	853
97900	979.0000		134	866
98000	980.0000		125	875
98100	981.0000		131	869
98200	982.0000		135	865
98300	983.0000		132	868
98400	984.0000		131	869
98500	985.0000		111	889
98600	986.0000		132	868
98700	987.0000		128	872
98800	988.0000		128	872
98900	989.0000		136	864
99000	990.0000		130	870
99100	991.0000		106	894
99200	992.0000		117	883
99300	993.0000		111	889
99400	994.0000		114	886
99500	995.0000		109	891
99600	996.0000		130	870
99700	997.0000		109	891
99800	998.0000		120	880
99900	999.0000		134	866
100000	1000.0000		96	904
# Simulation completed.
