# Creating system...
# System created with N=1000 particles

# Initial state:
# Susceptibles: 999, Infected: 1

# Starting simulation...
# Step	Time		S	I
0	0.0000		999	1
100	1.0000		912	88
200	2.0000		530	470
300	3.0000		200	800
400	4.0000		123	877
500	5.0000		106	894
600	6.0000		140	860
700	7.0000		110	890
800	8.0000		121	879
900	9.0000		115	885
1000	10.0000		114	886
1100	11.0000		125	875
1200	12.0000		132	868
1300	13.0000		109	891
1400	14.0000		127	873
1500	15.0000		118	882
1600	16.0000		120	880
1700	17.0000		141	859
1800	18.0000		120	880
1900	19.0000		120	880
2000	20.0000		135	865
2100	21.0000		119	881
2200	22.0000		125	875
2300	23.0000		108	892
2400	24.0000		130	870
2500	25.0000		111	889
2600	26.0000		134	866
2700	27.0000		120	880
2800	28.0000		101	899
2900	29.0000		117	883
3000	30.0000		121	879
3100	31.0000		127	873
3200	32.0000		118	882
3300	33.0000		134	866
3400	34.0000		127	873
3500	35.0000		121	879
3600	36.0000		111	889
3700	37.0000		120	880
3800	38.0000		122	878
3900	39.0000		103	897
4000	40.0000		123	877
4100	41.0000		115	885
4200	42.0000		135	865
4300	43.0000		155	845
4400	44.0000		126	874
4500	45.0000		126	874
4600	46.0000		129	871
4700	47.0000		136	864
4800	48.0000		116	884
4900	49.0000		111	889
5000	50.0000		135	865
5100	51.0000		122	878
5200	52.0000		114	886
5300	53.0000		122	878
5400	54.0000		104	896
5500	55.0000		111	889
5600	56.0000		127	873
5700	57.0000		139	861
5800	58.0000		110	890
5900	59.0000		106	894
6000	60.0000		134	866
6100	61.0000		124	876
6200	62.0000		120	880
6300	63.0000		136	864
6400	64.0000		118	882
6500	65.0000		104	896
6600	66.0000		102	898
6700	67.0000		120	880
6800	68.0000		121	879
6900	69.0000		112	888
7000	70.0000		139	861
7100	71.0000		127	873
7200	72.0000		119	881
7300	73.0000		133	867
7400	74.0000		131	869
7500	75.0000		121	879
7600	76.0000		134	866
7700	77.0000		139	861
7800	78.0000		137	863
7900	79.0000		115	885
8000	80.0000		130	870
8100	81.0000		106	894
8200	82.0000		124	876
8300	83.0000		115	885
8400	84.0000		110	890
8500	85.0000		118	882
8600	86.0000		134	866
8700	87.0000		130	870
8800	88.0000		115	885
8900	89.0000		128	872
9000	90.0000		133	867
9100	91.0000		152	848
9200	92.0000		126	874
9300	93.0000		116	884
9400	94.0000		140	860
9500	95.0000		123	877
9600	96.0000		137	863
9700	97.0000		113	887
9800	98.0000		130	870
9900	99.0000		124	876
10000	100.0000		125	875
10100	101.0000		106	894
10200	102.0000		124	876
10300	103.0000		113	887
10400	104.0000		146	854
10500	105.0000		139	861
10600	106.0000		120	880
10700	107.0000		126	874
10800	108.0000		125	875
10900	109.0000		128	872
11000	110.0000		130	870
11100	111.0000		142	858
11200	112.0000		117	883
11300	113.0000		111	889
11400	114.0000		125	875
11500	115.0000		132	868
11600	116.0000		144	856
11700	117.0000		144	856
11800	118.0000		143	857
11900	119.0000		122	878
12000	120.0000		118	882
12100	121.0000		124	876
12200	122.0000		126	874
12300	123.0000		121	879
12400	124.0000		146	854
12500	125.0000		137	863
12600	126.0000		138	862
12700	127.0000		127	873
12800	128.0000		134	866
12900	129.0000		126	874
13000	130.0000		140	860
13100	131.0000		115	885
13200	132.0000		122	878
13300	133.0000		122	878
13400	134.0000		139	861
13500	135.0000		126	874
13600	136.0000		126	874
13700	137.0000		129	871
13800	138.0000		132	868
13900	139.0000		114	886
14000	140.0000		142	858
14100	141.0000		108	892
14200	142.0000		111	889
14300	143.0000		127	873
14400	144.0000		116	884
14500	145.0000		117	883
14600	146.0000		114	886
14700	147.0000		124	876
14800	148.0000		130	870
14900	149.0000		128	872
15000	150.0000		119	881
15100	151.0000		119	881
15200	152.0000		142	858
15300	153.0000		126	874
15400	154.0000		143	857
15500	155.0000		137	863
15600	156.0000		122	878
15700	157.0000		131	869
15800	158.0000		121	879
15900	159.0000		131	869
16000	160.0000		114	886
16100	161.0000		115	885
16200	162.0000		123	877
16300	163.0000		105	895
16400	164.0000		129	871
16500	165.0000		136	864
16600	166.0000		113	887
16700	167.0000		105	895
16800	168.0000		134	866
16900	169.0000		120	880
17000	170.0000		106	894
17100	171.0000		124	876
17200	172.0000		139	861
17300	173.0000		126	874
17400	174.0000		137	863
17500	175.0000		119	881
17600	176.0000		125	875
17700	177.0000		109	891
17800	178.0000		133	867
17900	179.0000		117	883
18000	180.0000		151	849
18100	181.0000		109	891
18200	182.0000		125	875
18300	183.0000		129	871
18400	184.0000		148	852
18500	185.0000		116	884
18600	186.0000		117	883
18700	187.0000		124	876
18800	188.0000		140	860
18900	189.0000		140	860
19000	190.0000		121	879
19100	191.0000		152	848
19200	192.0000		115	885
19300	193.0000		119	881
19400	194.0000		111	889
19500	195.0000		140	860
19600	196.0000		136	864
19700	197.0000		126	874
19800	198.0000		149	851
19900	199.0000		138	862
20000	200.0000		126	874
20100	201.0000		139	861
20200	202.0000		133	867
20300	203.0000		114	886
20400	204.0000		104	896
20500	205.0000		101	899
20600	206.0000		129	871
20700	207.0000		124	876
20800	208.0000		128	872
20900	209.0000		133	867
21000	210.0000		132	868
21100	211.0000		112	888
21200	212.0000		124	876
21300	213.0000		128	872
21400	214.0000		119	881
21500	215.0000		126	874
21600	216.0000		148	852
21700	217.0000		129	871
21800	218.0000		126	874
21900	219.0000		121	879
22000	220.0000		123	877
22100	221.0000		123	877
22200	222.0000		119	881
22300	223.0000		122	878
22400	224.0000		103	897
22500	225.0000		127	873
22600	226.0000		120	880
22700	227.0000		116	884
22800	228.0000		126	874
22900	229.0000		130	870
23000	230.0000		125	875
23100	231.0000		127	873
23200	232.0000		136	864
23300	233.0000		115	885
23400	234.0000		140	860
23500	235.0000		131	869
23600	236.0000		120	880
23700	237.0000		122	878
23800	238.0000		113	887
23900	239.0000		116	884
24000	240.0000		114	886
24100	241.0000		115	885
24200	242.0000		112	888
24300	243.0000		118	882
24400	244.0000		148	852
24500	245.0000		107	893
24600	246.0000		135	865
24700	247.0000		130	870
24800	248.0000		97	903
24900	249.0000		128	872
25000	250.0000		133	867
25100	251.0000		105	895
25200	252.0000		116	884
25300	253.0000		122	878
25400	254.0000		146	854
25500	255.0000		129	871
25600	256.0000		121	879
25700	257.0000		119	881
25800	258.0000		120	880
25900	259.0000		153	847
26000	260.0000		112	888
26100	261.0000		123	877
26200	262.0000		127	873
26300	263.0000		111	889
26400	264.0000		120	880
26500	265.0000		128	872
26600	266.0000		126	874
26700	267.0000		116	884
26800	268.0000		118	882
26900	269.0000		114	886
27000	270.0000		119	881
27100	271.0000		106	894
27200	272.0000		114	886
27300	273.0000		131	869
27400	274.0000		116	884
27500	275.0000		122	878
27600	276.0000		130	870
27700	277.0000		120	880
27800	278.0000		126	874
27900	279.0000		119	881
28000	280.0000		128	872
28100	281.0000		117	883
28200	282.0000		133	867
28300	283.0000		115	885
28400	284.0000		129	871
28500	285.0000		126	874
28600	286.0000		127	873
28700	287.0000		97	903
28800	288.0000		146	854
28900	289.0000		115	885
29000	290.0000		131	869
29100	291.0000		122	878
29200	292.0000		121	879
29300	293.0000		111	889
29400	294.0000		130	870
29500	295.0000		123	877
29600	296.0000		115	885
29700	297.0000		140	860
29800	298.0000		136	864
29900	299.0000		113	887
30000	300.0000		121	879
30100	301.0000		113	887
30200	302.0000		125	875
30300	303.0000		123	877
30400	304.0000		119	881
30500	305.0000		127	873
30600	306.0000		140	860
30700	307.0000		142	858
30800	308.0000		112	888
30900	309.0000		115	885
31000	310.0000		120	880
31100	311.0000		103	897
31200	312.0000		129	871
31300	313.0000		126	874
31400	314.0000		122	878
31500	315.0000		111	889
31600	316.0000		126	874
31700	317.0000		126	874
31800	318.0000		122	878
31900	319.0000		145	855
32000	320.0000		101	899
32100	321.0000		127	873
32200	322.0000		105	895
32300	323.0000		124	876
32400	324.0000		105	895
32500	325.0000		121	879
32600	326.0000		124	876
32700	327.0000		120	880
32800	328.0000		137	863
32900	329.0000		120	880
33000	330.0000		118	882
33100	331.0000		134	866
33200	332.0000		133	867
33300	333.0000		133	867
33400	334.0000		120	880
33500	335.0000		119	881
33600	336.0000		131	869
33700	337.0000		123	877
33800	338.0000		128	872
33900	339.0000		112	888
34000	340.0000		120	880
34100	341.0000		108	892
34200	342.0000		134	866
34300	343.0000		104	896
34400	344.0000		120	880
34500	345.0000		140	860
34600	346.0000		130	870
34700	347.0000		126	874
34800	348.0000		114	886
34900	349.0000		116	884
35000	350.0000		131	869
35100	351.0000		95	905
35200	352.0000		145	855
35300	353.0000		120	880
35400	354.0000		134	866
35500	355.0000		118	882
35600	356.0000		140	860
35700	357.0000		144	856
35800	358.0000		117	883
35900	359.0000		119	881
36000	360.0000		147	853
36100	361.0000		101	899
36200	362.0000		105	895
36300	363.0000		124	876
36400	364.0000		125	875
36500	365.0000		112	888
36600	366.0000		117	883
36700	367.0000		106	894
36800	368.0000		122	878
36900	369.0000		101	899
37000	370.0000		125	875
37100	371.0000		136	864
37200	372.0000		131	869
37300	373.0000		103	897
37400	374.0000		124	876
37500	375.0000		140	860
37600	376.0000		124	876
37700	377.0000		117	883
37800	378.0000		117	883
37900	379.0000		116	884
38000	380.0000		127	873
38100	381.0000		149	851
38200	382.0000		132	868
38300	383.0000		133	867
38400	384.0000		124	876
38500	385.0000		104	896
38600	386.0000		123	877
38700	387.0000		112	888
38800	388.0000		121	879
38900	389.0000		115	885
39000	390.0000		118	882
39100	391.0000		106	894
39200	392.0000		126	874
39300	393.0000		126	874
39400	394.0000		113	887
39500	395.0000		97	903
39600	396.0000		123	877
39700	397.0000		112	888
39800	398.0000		148	852
39900	399.0000		127	873
40000	400.0000		122	878
40100	401.0000		136	864
40200	402.0000		141	859
40300	403.0000		133	867
40400	404.0000		115	885
40500	405.0000		109	891
40600	406.0000		125	875
40700	407.0000		116	884
40800	408.0000		122	878
40900	409.0000		107	893
41000	410.0000		122	878
41100	411.0000		105	895
41200	412.0000		124	876
41300	413.0000		150	850
41400	414.0000		122	878
41500	415.0000		118	882
41600	416.0000		111	889
41700	417.0000		125	875
41800	418.0000		127	873
41900	419.0000		138	862
42000	420.0000		135	865
42100	421.0000		112	888
42200	422.0000		125	875
42300	423.0000		113	887
42400	424.0000		133	867
42500	425.0000		128	872
42600	426.0000		124	876
42700	427.0000		119	881
42800	428.0000		116	884
42900	429.0000		112	888
43000	430.0000		123	877
43100	431.0000		120	880
43200	432.0000		138	862
43300	433.0000		93	907
43400	434.0000		134	866
43500	435.0000		128	872
43600	436.0000		132	868
43700	437.0000		129	871
43800	438.0000		113	887
43900	439.0000		108	892
44000	440.0000		120	880
44100	441.0000		118	882
44200	442.0000		135	865
44300	443.0000		112	888
44400	444.0000		115	885
44500	445.0000		130	870
44600	446.0000		133	867
44700	447.0000		102	898
44800	448.0000		119	881
44900	449.0000		120	880
45000	450.0000		111	889
45100	451.0000		109	891
45200	452.0000		134	866
45300	453.0000		109	891
45400	454.0000		123	877
45500	455.0000		123	877
45600	456.0000		131	869
45700	457.0000		117	883
45800	458.0000		112	888
45900	459.0000		133	867
46000	460.0000		115	885
46100	461.0000		135	865
46200	462.0000		144	856
46300	463.0000		108	892
46400	464.0000		131	869
46500	465.0000		127	873
46600	466.0000		146	854
46700	467.0000		130	870
46800	468.0000		116	884
46900	469.0000		136	864
47000	470.0000		145	855
47100	471.0000		130	870
47200	472.0000		123	877
47300	473.0000		131	869
47400	474.0000		137	863
47500	475.0000		124	876
47600	476.0000		116	884
47700	477.0000		141	859
47800	478.0000		122	878
47900	479.0000		129	871
48000	480.0000		110	890
48100	481.0000		119	881
48200	482.0000		117	883
48300	483.0000		111	889
48400	484.0000		109	891
48500	485.0000		156	844
48600	486.0000		128	872
48700	487.0000		117	883
48800	488.0000		126	874
48900	489.0000		114	886
49000	490.0000		119	881
49100	491.0000		126	874
49200	492.0000		105	895
49300	493.0000		121	879
49400	494.0000		133	867
49500	495.0000		110	890
49600	496.0000		134	866
49700	497.0000		130	870
49800	498.0000		108	892
49900	499.0000		142	858
50000	500.0000		116	884
50100	501.0000		113	887
50200	502.0000		97	903
50300	503.0000		157	843
50400	504.0000		109	891
50500	505.0000		126	874
50600	506.0000		112	888
50700	507.0000		153	847
50800	508.0000		112	888
50900	509.0000		124	876
51000	510.0000		131	869
51100	511.0000		129	871
51200	512.0000		123	877
51300	513.0000		136	864
51400	514.0000		120	880
51500	515.0000		134	866
51600	516.0000		101	899
51700	517.0000		141	859
51800	518.0000		123	877
51900	519.0000		136	864
52000	520.0000		106	894
52100	521.0000		128	872
52200	522.0000		100	900
52300	523.0000		133	867
52400	524.0000		121	879
52500	525.0000		123	877
52600	526.0000		119	881
52700	527.0000		132	868
52800	528.0000		136	864
52900	529.0000		130	870
53000	530.0000		120	880
53100	531.0000		110	890
53200	532.0000		110	890
53300	533.0000		117	883
53400	534.0000		119	881
53500	535.0000		134	866
53600	536.0000		137	863
53700	537.0000		117	883
53800	538.0000		130	870
53900	539.0000		113	887
54000	540.0000		137	863
54100	541.0000		109	891
54200	542.0000		124	876
54300	543.0000		126	874
54400	544.0000		115	885
54500	545.0000		128	872
54600	546.0000		127	873
54700	547.0000		138	862
54800	548.0000		128	872
54900	549.0000		118	882
55000	550.0000		144	856
55100	551.0000		118	882
55200	552.0000		131	869
55300	553.0000		117	883
55400	554.0000		114	886
55500	555.0000		140	860
55600	556.0000		109	891
55700	557.0000		128	872
55800	558.0000		106	894
55900	559.0000		128	872
56000	560.0000		121	879
56100	561.0000		132	868
56200	562.0000		123	877
56300	563.0000		139	861
56400	564.0000		134	866
56500	565.0000		132	868
56600	566.0000		122	878
56700	567.0000		125	875
56800	568.0000		117	883
56900	569.0000		133	867
57000	570.0000		125	875
57100	571.0000		116	884
57200	572.0000		119	881
57300	573.0000		128	872
57400	574.0000		122	878
57500	575.0000		116	884
57600	576.0000		135	865
57700	577.0000		102	898
57800	578.0000		123	877
57900	579.0000		114	886
58000	580.0000		148	852
58100	581.0000		114	886
58200	582.0000		139	861
58300	583.0000		143	857
58400	584.0000		121	879
58500	585.0000		141	859
58600	586.0000		129	871
58700	587.0000		134	866
58800	588.0000		132	868
58900	589.0000		120	880
59000	590.0000		112	888
59100	591.0000		136	864
59200	592.0000		125	875
59300	593.0000		122	878
59400	594.0000		123	877
59500	595.0000		124	876
59600	596.0000		120	880
59700	597.0000		114	886
59800	598.0000		117	883
59900	599.0000		126	874
60000	600.0000		121	879
60100	601.0000		122	878
60200	602.0000		131	869
60300	603.0000		123	877
60400	604.0000		133	867
60500	605.0000		126	874
60600	606.0000		128	872
60700	607.0000		123	877
60800	608.0000		119	881
60900	609.0000		137	863
61000	610.0000		128	872
61100	611.0000		112	888
61200	612.0000		131	869
61300	613.0000		131	869
61400	614.0000		130	870
61500	615.0000		111	889
61600	616.0000		133	867
61700	617.0000		135	865
61800	618.0000		155	845
61900	619.0000		110	890
62000	620.0000		111	889
62100	621.0000		133	867
62200	622.0000		118	882
62300	623.0000		146	854
62400	624.0000		122	878
62500	625.0000		136	864
62600	626.0000		132	868
62700	627.0000		120	880
62800	628.0000		120	880
62900	629.0000		126	874
63000	630.0000		135	865
63100	631.0000		114	886
63200	632.0000		141	859
63300	633.0000		125	875
63400	634.0000		126	874
63500	635.0000		134	866
63600	636.0000		119	881
63700	637.0000		132	868
63800	638.0000		137	863
63900	639.0000		126	874
64000	640.0000		124	876
64100	641.0000		101	899
64200	642.0000		134	866
64300	643.0000		112	888
64400	644.0000		121	879
64500	645.0000		127	873
64600	646.0000		124	876
64700	647.0000		103	897
64800	648.0000		127	873
64900	649.0000		130	870
65000	650.0000		138	862
65100	651.0000		133	867
65200	652.0000		124	876
65300	653.0000		117	883
65400	654.0000		125	875
65500	655.0000		126	874
65600	656.0000		133	867
65700	657.0000		114	886
65800	658.0000		127	873
65900	659.0000		108	892
66000	660.0000		120	880
66100	661.0000		114	886
66200	662.0000		113	887
66300	663.0000		136	864
66400	664.0000		105	895
66500	665.0000		133	867
66600	666.0000		114	886
66700	667.0000		124	876
66800	668.0000		117	883
66900	669.0000		125	875
67000	670.0000		121	879
67100	671.0000		111	889
67200	672.0000		108	892
67300	673.0000		113	887
67400	674.0000		117	883
67500	675.0000		136	864
67600	676.0000		125	875
67700	677.0000		109	891
67800	678.0000		119	881
67900	679.0000		131	869
68000	680.0000		109	891
68100	681.0000		125	875
68200	682.0000		131	869
68300	683.0000		123	877
68400	684.0000		109	891
68500	685.0000		102	898
68600	686.0000		129	871
68700	687.0000		123	877
68800	688.0000		131	869
68900	689.0000		130	870
69000	690.0000		110	890
69100	691.0000		134	866
69200	692.0000		118	882
69300	693.0000		125	875
69400	694.0000		115	885
69500	695.0000		135	865
69600	696.0000		126	874
69700	697.0000		129	871
69800	698.0000		132	868
69900	699.0000		118	882
70000	700.0000		127	873
70100	701.0000		106	894
70200	702.0000		125	875
70300	703.0000		124	876
70400	704.0000		107	893
70500	705.0000		120	880
70600	706.0000		114	886
70700	707.0000		135	865
70800	708.0000		129	871
70900	709.0000		135	865
71000	710.0000		109	891
71100	711.0000		132	868
71200	712.0000		115	885
71300	713.0000		131	869
71400	714.0000		124	876
71500	715.0000		107	893
71600	716.0000		131	869
71700	717.0000		131	869
71800	718.0000		135	865
71900	719.0000		136	864
72000	720.0000		106	894
72100	721.0000		111	889
72200	722.0000		125	875
72300	723.0000		110	890
72400	724.0000		109	891
72500	725.0000		114	886
72600	726.0000		130	870
72700	727.0000		119	881
72800	728.0000		119	881
72900	729.0000		131	869
73000	730.0000		102	898
73100	731.0000		121	879
73200	732.0000		136	864
73300	733.0000		126	874
73400	734.0000		106	894
73500	735.0000		125	875
73600	736.0000		124	876
73700	737.0000		144	856
73800	738.0000		116	884
73900	739.0000		114	886
74000	740.0000		113	887
74100	741.0000		113	887
74200	742.0000		140	860
74300	743.0000		124	876
74400	744.0000		126	874
74500	745.0000		122	878
74600	746.0000		114	886
74700	747.0000		122	878
74800	748.0000		105	895
74900	749.0000		128	872
75000	750.0000		109	891
75100	751.0000		106	894
75200	752.0000		118	882
75300	753.0000		137	863
75400	754.0000		105	895
75500	755.0000		135	865
75600	756.0000		127	873
75700	757.0000		128	872
75800	758.0000		138	862
75900	759.0000		123	877
76000	760.0000		124	876
76100	761.0000		104	896
76200	762.0000		125	875
76300	763.0000		123	877
76400	764.0000		137	863
76500	765.0000		149	851
76600	766.0000		112	888
76700	767.0000		130	870
76800	768.0000		127	873
76900	769.0000		114	886
77000	770.0000		96	904
77100	771.0000		125	875
77200	772.0000		112	888
77300	773.0000		123	877
77400	774.0000		136	864
77500	775.0000		106	894
77600	776.0000		123	877
77700	777.0000		121	879
77800	778.0000		126	874
77900	779.0000		114	886
78000	780.0000		151	849
78100	781.0000		103	897
78200	782.0000		145	855
78300	783.0000		117	883
78400	784.0000		114	886
78500	785.0000		119	881
78600	786.0000		116	884
78700	787.0000		121	879
78800	788.0000		132	868
78900	789.0000		137	863
79000	790.0000		123	877
79100	791.0000		131	869
79200	792.0000		104	896
79300	793.0000		135	865
79400	794.0000		102	898
79500	795.0000		119	881
79600	796.0000		143	857
79700	797.0000		146	854
79800	798.0000		123	877
79900	799.0000		127	873
80000	800.0000		140	860
80100	801.0000		111	889
80200	802.0000		113	887
80300	803.0000		140	860
80400	804.0000		121	879
80500	805.0000		122	878
80600	806.0000		129	871
80700	807.0000		129	871
80800	808.0000		132	868
80900	809.0000		112	888
81000	810.0000		114	886
81100	811.0000		140	860
81200	812.0000		107	893
81300	813.0000		119	881
81400	814.0000		120	880
81500	815.0000		134	866
81600	816.0000		139	861
81700	817.0000		121	879
81800	818.0000		120	880
81900	819.0000		119	881
82000	820.0000		122	878
82100	821.0000		132	868
82200	822.0000		114	886
82300	823.0000		115	885
82400	824.0000		141	859
82500	825.0000		113	887
82600	826.0000		113	887
82700	827.0000		142	858
82800	828.0000		133	867
82900	829.0000		131	869
83000	830.0000		123	877
83100	831.0000		103	897
83200	832.0000		134	866
83300	833.0000		122	878
83400	834.0000		143	857
83500	835.0000		115	885
83600	836.0000		116	884
83700	837.0000		115	885
83800	838.0000		110	890
83900	839.0000		121	879
84000	840.0000		105	895
84100	841.0000		121	879
84200	842.0000		124	876
84300	843.0000		121	879
84400	844.0000		133	867
84500	845.0000		120	880
84600	846.0000		123	877
84700	847.0000		128	872
84800	848.0000		127	873
84900	849.0000		133	867
85000	850.0000		128	872
85100	851.0000		110	890
85200	852.0000		123	877
85300	853.0000		140	860
85400	854.0000		122	878
85500	855.0000		122	878
85600	856.0000		132	868
85700	857.0000		132	868
85800	858.0000		124	876
85900	859.0000		119	881
86000	860.0000		121	879
86100	861.0000		152	848
86200	862.0000		121	879
86300	863.0000		116	884
86400	864.0000		137	863
86500	865.0000		129	871
86600	866.0000		115	885
86700	867.0000		121	879
86800	868.0000		125	875
86900	869.0000		119	881
87000	870.0000		121	879
87100	871.0000		108	892
87200	872.0000		133	867
87300	873.0000		121	879
87400	874.0000		121	879
87500	875.0000		139	861
87600	876.0000		131	869
87700	877.0000		110	890
87800	878.0000		118	882
87900	879.0000		127	873
88000	880.0000		135	865
88100	881.0000		113	887
88200	882.0000		131	869
88300	883.0000		116	884
88400	884.0000		120	880
88500	885.0000		118	882
88600	886.0000		108	892
88700	887.0000		119	881
88800	888.0000		140	860
88900	889.0000		138	862
89000	890.0000		127	873
89100	891.0000		129	871
89200	892.0000		114	886
89300	893.0000		128	872
89400	894.0000		134	866
89500	895.0000		131	869
89600	896.0000		110	890
89700	897.0000		103	897
89800	898.0000		133	867
89900	899.0000		133	867
90000	900.0000		113	887
90100	901.0000		117	883
90200	902.0000		130	870
90300	903.0000		126	874
90400	904.0000		132	868
90500	905.0000		117	883
90600	906.0000		145	855
90700	907.0000		126	874
90800	908.0000		116	884
90900	909.0000		125	875
91000	910.0000		123	877
91100	911.0000		137	863
91200	912.0000		119	881
91300	913.0000		135	865
91400	914.0000		112	888
91500	915.0000		124	876
91600	916.0000		121	879
91700	917.0000		123	877
91800	918.0000		146	854
91900	919.0000		130	870
92000	920.0000		138	862
92100	921.0000		117	883
92200	922.0000		110	890
92300	923.0000		131	869
92400	924.0000		122	878
92500	925.0000		112	888
92600	926.0000		128	872
92700	927.0000		130	870
92800	928.0000		129	871
92900	929.0000		108	892
93000	930.0000		130	870
93100	931.0000		137	863
93200	932.0000		127	873
93300	933.0000		118	882
93400	934.0000		108	892
93500	935.0000		136	864
93600	936.0000		117	883
93700	937.0000		154	846
93800	938.0000		131	869
93900	939.0000		137	863
94000	940.0000		120	880
94100	941.0000		126	874
94200	942.0000		118	882
94300	943.0000		111	889
94400	944.0000		118	882
94500	945.0000		124	876
94600	946.0000		102	898
94700	947.0000		114	886
94800	948.0000		124	876
94900	949.0000		113	887
95000	950.0000		138	862
95100	951.0000		126	874
95200	952.0000		120	880
95300	953.0000		127	873
95400	954.0000		123	877
95500	955.0000		139	861
95600	956.0000		122	878
95700	957.0000		134	866
95800	958.0000		126	874
95900	959.0000		123	877
96000	960.0000		122	878
96100	961.0000		142	858
96200	962.0000		139	861
96300	963.0000		132	868
96400	964.0000		110	890
96500	965.0000		138	862
96600	966.0000		106	894
96700	967.0000		134	866
96800	968.0000		109	891
96900	969.0000		115	885
97000	970.0000		105	895
97100	971.0000		121	879
97200	972.0000		138	862
97300	973.0000		133	867
97400	974.0000		114	886
97500	975.0000		128	872
97600	976.0000		121	879
97700	977.0000		130	870
97800	978.0000		119	881
97900	979.0000		139	861
98000	980.0000		114	886
98100	981.0000		106	894
98200	982.0000		131	869
98300	983.0000		146	854
98400	984.0000		124	876
98500	985.0000		148	852
98600	986.0000		137	863
98700	987.0000		142	858
98800	988.0000		110	890
98900	989.0000		114	886
99000	990.0000		144	856
99100	991.0000		143	857
99200	992.0000		134	866
99300	993.0000		134	866
99400	994.0000		137	863
99500	995.0000		126	874
99600	996.0000		120	880
99700	997.0000		116	884
99800	998.0000		122	878
99900	999.0000		136	864
100000	1000.0000		118	882
# Simulation completed.
