# Creating system...
# System created with N=1000 particles

# Initial state:
# Susceptibles: 999, Infected: 1

# Starting simulation...
# Step	Time		S	I
0	0.0000		999	1
100	1.0000		821	179
200	2.0000		565	435
300	3.0000		174	826
400	4.0000		120	880
500	5.0000		125	875
600	6.0000		130	870
700	7.0000		123	877
800	8.0000		142	858
900	9.0000		148	852
1000	10.0000		109	891
1100	11.0000		125	875
1200	12.0000		132	868
1300	13.0000		127	873
1400	14.0000		111	889
1500	15.0000		123	877
1600	16.0000		136	864
1700	17.0000		131	869
1800	18.0000		130	870
1900	19.0000		124	876
2000	20.0000		112	888
2100	21.0000		120	880
2200	22.0000		136	864
2300	23.0000		130	870
2400	24.0000		138	862
2500	25.0000		92	908
2600	26.0000		133	867
2700	27.0000		133	867
2800	28.0000		120	880
2900	29.0000		128	872
3000	30.0000		139	861
3100	31.0000		123	877
3200	32.0000		129	871
3300	33.0000		121	879
3400	34.0000		124	876
3500	35.0000		110	890
3600	36.0000		113	887
3700	37.0000		122	878
3800	38.0000		116	884
3900	39.0000		125	875
4000	40.0000		99	901
4100	41.0000		120	880
4200	42.0000		131	869
4300	43.0000		120	880
4400	44.0000		121	879
4500	45.0000		132	868
4600	46.0000		127	873
4700	47.0000		120	880
4800	48.0000		123	877
4900	49.0000		124	876
5000	50.0000		114	886
5100	51.0000		134	866
5200	52.0000		120	880
5300	53.0000		99	901
5400	54.0000		118	882
5500	55.0000		107	893
5600	56.0000		135	865
5700	57.0000		113	887
5800	58.0000		124	876
5900	59.0000		132	868
6000	60.0000		114	886
6100	61.0000		125	875
6200	62.0000		129	871
6300	63.0000		137	863
6400	64.0000		142	858
6500	65.0000		120	880
6600	66.0000		121	879
6700	67.0000		137	863
6800	68.0000		106	894
6900	69.0000		117	883
7000	70.0000		119	881
7100	71.0000		123	877
7200	72.0000		112	888
7300	73.0000		107	893
7400	74.0000		134	866
7500	75.0000		109	891
7600	76.0000		123	877
7700	77.0000		120	880
7800	78.0000		134	866
7900	79.0000		112	888
8000	80.0000		147	853
8100	81.0000		101	899
8200	82.0000		127	873
8300	83.0000		131	869
8400	84.0000		148	852
8500	85.0000		129	871
8600	86.0000		118	882
8700	87.0000		106	894
8800	88.0000		132	868
8900	89.0000		141	859
9000	90.0000		123	877
9100	91.0000		122	878
9200	92.0000		123	877
9300	93.0000		123	877
9400	94.0000		131	869
9500	95.0000		135	865
9600	96.0000		139	861
9700	97.0000		114	886
9800	98.0000		112	888
9900	99.0000		124	876
10000	100.0000		116	884
10100	101.0000		142	858
10200	102.0000		116	884
10300	103.0000		137	863
10400	104.0000		161	839
10500	105.0000		116	884
10600	106.0000		126	874
10700	107.0000		128	872
10800	108.0000		129	871
10900	109.0000		121	879
11000	110.0000		111	889
11100	111.0000		128	872
11200	112.0000		127	873
11300	113.0000		107	893
11400	114.0000		118	882
11500	115.0000		116	884
11600	116.0000		124	876
11700	117.0000		115	885
11800	118.0000		113	887
11900	119.0000		114	886
12000	120.0000		113	887
12100	121.0000		114	886
12200	122.0000		133	867
12300	123.0000		143	857
12400	124.0000		118	882
12500	125.0000		124	876
12600	126.0000		141	859
12700	127.0000		116	884
12800	128.0000		116	884
12900	129.0000		144	856
13000	130.0000		121	879
13100	131.0000		111	889
13200	132.0000		100	900
13300	133.0000		140	860
13400	134.0000		138	862
13500	135.0000		135	865
13600	136.0000		129	871
13700	137.0000		107	893
13800	138.0000		118	882
13900	139.0000		133	867
14000	140.0000		113	887
14100	141.0000		124	876
14200	142.0000		126	874
14300	143.0000		121	879
14400	144.0000		126	874
14500	145.0000		129	871
14600	146.0000		125	875
14700	147.0000		142	858
14800	148.0000		118	882
14900	149.0000		144	856
15000	150.0000		144	856
15100	151.0000		112	888
15200	152.0000		137	863
15300	153.0000		123	877
15400	154.0000		113	887
15500	155.0000		115	885
15600	156.0000		132	868
15700	157.0000		107	893
15800	158.0000		123	877
15900	159.0000		100	900
16000	160.0000		134	866
16100	161.0000		132	868
16200	162.0000		128	872
16300	163.0000		120	880
16400	164.0000		112	888
16500	165.0000		138	862
16600	166.0000		155	845
16700	167.0000		118	882
16800	168.0000		132	868
16900	169.0000		128	872
17000	170.0000		133	867
17100	171.0000		132	868
17200	172.0000		118	882
17300	173.0000		136	864
17400	174.0000		111	889
17500	175.0000		132	868
17600	176.0000		129	871
17700	177.0000		131	869
17800	178.0000		142	858
17900	179.0000		119	881
18000	180.0000		125	875
18100	181.0000		113	887
18200	182.0000		131	869
18300	183.0000		121	879
18400	184.0000		128	872
18500	185.0000		118	882
18600	186.0000		110	890
18700	187.0000		135	865
18800	188.0000		117	883
18900	189.0000		126	874
19000	190.0000		103	897
19100	191.0000		126	874
19200	192.0000		127	873
19300	193.0000		121	879
19400	194.0000		115	885
19500	195.0000		134	866
19600	196.0000		142	858
19700	197.0000		139	861
19800	198.0000		116	884
19900	199.0000		114	886
20000	200.0000		128	872
20100	201.0000		124	876
20200	202.0000		125	875
20300	203.0000		126	874
20400	204.0000		127	873
20500	205.0000		123	877
20600	206.0000		119	881
20700	207.0000		126	874
20800	208.0000		115	885
20900	209.0000		145	855
21000	210.0000		124	876
21100	211.0000		136	864
21200	212.0000		129	871
21300	213.0000		123	877
21400	214.0000		148	852
21500	215.0000		126	874
21600	216.0000		115	885
21700	217.0000		118	882
21800	218.0000		111	889
21900	219.0000		111	889
22000	220.0000		157	843
22100	221.0000		130	870
22200	222.0000		135	865
22300	223.0000		110	890
22400	224.0000		120	880
22500	225.0000		133	867
22600	226.0000		114	886
22700	227.0000		128	872
22800	228.0000		101	899
22900	229.0000		114	886
23000	230.0000		115	885
23100	231.0000		120	880
23200	232.0000		119	881
23300	233.0000		117	883
23400	234.0000		132	868
23500	235.0000		123	877
23600	236.0000		132	868
23700	237.0000		125	875
23800	238.0000		114	886
23900	239.0000		138	862
24000	240.0000		135	865
24100	241.0000		115	885
24200	242.0000		153	847
24300	243.0000		142	858
24400	244.0000		134	866
24500	245.0000		136	864
24600	246.0000		132	868
24700	247.0000		130	870
24800	248.0000		134	866
24900	249.0000		112	888
25000	250.0000		107	893
25100	251.0000		131	869
25200	252.0000		137	863
25300	253.0000		136	864
25400	254.0000		120	880
25500	255.0000		124	876
25600	256.0000		130	870
25700	257.0000		128	872
25800	258.0000		133	867
25900	259.0000		117	883
26000	260.0000		134	866
26100	261.0000		136	864
26200	262.0000		128	872
26300	263.0000		132	868
26400	264.0000		116	884
26500	265.0000		131	869
26600	266.0000		117	883
26700	267.0000		127	873
26800	268.0000		120	880
26900	269.0000		124	876
27000	270.0000		123	877
27100	271.0000		128	872
27200	272.0000		135	865
27300	273.0000		133	867
27400	274.0000		132	868
27500	275.0000		131	869
27600	276.0000		126	874
27700	277.0000		124	876
27800	278.0000		135	865
27900	279.0000		114	886
28000	280.0000		139	861
28100	281.0000		118	882
28200	282.0000		144	856
28300	283.0000		129	871
28400	284.0000		123	877
28500	285.0000		124	876
28600	286.0000		135	865
28700	287.0000		137	863
28800	288.0000		117	883
28900	289.0000		111	889
29000	290.0000		111	889
29100	291.0000		122	878
29200	292.0000		111	889
29300	293.0000		112	888
29400	294.0000		128	872
29500	295.0000		123	877
29600	296.0000		124	876
29700	297.0000		125	875
29800	298.0000		122	878
29900	299.0000		121	879
30000	300.0000		129	871
30100	301.0000		136	864
30200	302.0000		106	894
30300	303.0000		122	878
30400	304.0000		138	862
30500	305.0000		119	881
30600	306.0000		124	876
30700	307.0000		137	863
30800	308.0000		128	872
30900	309.0000		119	881
31000	310.0000		131	869
31100	311.0000		107	893
31200	312.0000		140	860
31300	313.0000		107	893
31400	314.0000		132	868
31500	315.0000		139	861
31600	316.0000		121	879
31700	317.0000		141	859
31800	318.0000		119	881
31900	319.0000		132	868
32000	320.0000		129	871
32100	321.0000		142	858
32200	322.0000		123	877
32300	323.0000		135	865
32400	324.0000		134	866
32500	325.0000		140	860
32600	326.0000		137	863
32700	327.0000		88	912
32800	328.0000		111	889
32900	329.0000		122	878
33000	330.0000		147	853
33100	331.0000		128	872
33200	332.0000		136	864
33300	333.0000		139	861
33400	334.0000		102	898
33500	335.0000		135	865
33600	336.0000		138	862
33700	337.0000		119	881
33800	338.0000		141	859
33900	339.0000		129	871
34000	340.0000		123	877
34100	341.0000		117	883
34200	342.0000		141	859
34300	343.0000		126	874
34400	344.0000		124	876
34500	345.0000		125	875
34600	346.0000		124	876
34700	347.0000		122	878
34800	348.0000		132	868
34900	349.0000		132	868
35000	350.0000		105	895
35100	351.0000		118	882
35200	352.0000		118	882
35300	353.0000		129	871
35400	354.0000		102	898
35500	355.0000		133	867
35600	356.0000		133	867
35700	357.0000		101	899
35800	358.0000		117	883
35900	359.0000		116	884
36000	360.0000		124	876
36100	361.0000		107	893
36200	362.0000		111	889
36300	363.0000		131	869
36400	364.0000		125	875
36500	365.0000		121	879
36600	366.0000		120	880
36700	367.0000		126	874
36800	368.0000		119	881
36900	369.0000		146	854
37000	370.0000		129	871
37100	371.0000		138	862
37200	372.0000		128	872
37300	373.0000		132	868
37400	374.0000		127	873
37500	375.0000		145	855
37600	376.0000		136	864
37700	377.0000		115	885
37800	378.0000		163	837
37900	379.0000		123	877
38000	380.0000		127	873
38100	381.0000		116	884
38200	382.0000		117	883
38300	383.0000		125	875
38400	384.0000		117	883
38500	385.0000		108	892
38600	386.0000		129	871
38700	387.0000		126	874
38800	388.0000		116	884
38900	389.0000		123	877
39000	390.0000		124	876
39100	391.0000		133	867
39200	392.0000		129	871
39300	393.0000		119	881
39400	394.0000		118	882
39500	395.0000		104	896
39600	396.0000		114	886
39700	397.0000		110	890
39800	398.0000		119	881
39900	399.0000		111	889
40000	400.0000		117	883
40100	401.0000		95	905
40200	402.0000		126	874
40300	403.0000		112	888
40400	404.0000		110	890
40500	405.0000		129	871
40600	406.0000		126	874
40700	407.0000		116	884
40800	408.0000		108	892
40900	409.0000		128	872
41000	410.0000		122	878
41100	411.0000		124	876
41200	412.0000		140	860
41300	413.0000		120	880
41400	414.0000		114	886
41500	415.0000		101	899
41600	416.0000		130	870
41700	417.0000		123	877
41800	418.0000		128	872
41900	419.0000		127	873
42000	420.0000		135	865
42100	421.0000		101	899
42200	422.0000		131	869
42300	423.0000		134	866
42400	424.0000		142	858
42500	425.0000		146	854
42600	426.0000		118	882
42700	427.0000		124	876
42800	428.0000		112	888
42900	429.0000		141	859
43000	430.0000		89	911
43100	431.0000		130	870
43200	432.0000		134	866
43300	433.0000		115	885
43400	434.0000		125	875
43500	435.0000		146	854
43600	436.0000		139	861
43700	437.0000		120	880
43800	438.0000		129	871
43900	439.0000		131	869
44000	440.0000		109	891
44100	441.0000		106	894
44200	442.0000		146	854
44300	443.0000		120	880
44400	444.0000		127	873
44500	445.0000		120	880
44600	446.0000		130	870
44700	447.0000		125	875
44800	448.0000		129	871
44900	449.0000		136	864
45000	450.0000		121	879
45100	451.0000		120	880
45200	452.0000		123	877
45300	453.0000		123	877
45400	454.0000		136	864
45500	455.0000		132	868
45600	456.0000		140	860
45700	457.0000		130	870
45800	458.0000		108	892
45900	459.0000		139	861
46000	460.0000		126	874
46100	461.0000		126	874
46200	462.0000		126	874
46300	463.0000		109	891
46400	464.0000		134	866
46500	465.0000		128	872
46600	466.0000		111	889
46700	467.0000		125	875
46800	468.0000		111	889
46900	469.0000		141	859
47000	470.0000		118	882
47100	471.0000		129	871
47200	472.0000		133	867
47300	473.0000		144	856
47400	474.0000		140	860
47500	475.0000		121	879
47600	476.0000		129	871
47700	477.0000		131	869
47800	478.0000		124	876
47900	479.0000		129	871
48000	480.0000		137	863
48100	481.0000		102	898
48200	482.0000		123	877
48300	483.0000		108	892
48400	484.0000		115	885
48500	485.0000		148	852
48600	486.0000		132	868
48700	487.0000		108	892
48800	488.0000		128	872
48900	489.0000		133	867
49000	490.0000		121	879
49100	491.0000		123	877
49200	492.0000		135	865
49300	493.0000		118	882
49400	494.0000		128	872
49500	495.0000		118	882
49600	496.0000		114	886
49700	497.0000		128	872
49800	498.0000		111	889
49900	499.0000		134	866
50000	500.0000		127	873
50100	501.0000		124	876
50200	502.0000		110	890
50300	503.0000		123	877
50400	504.0000		139	861
50500	505.0000		133	867
50600	506.0000		135	865
50700	507.0000		113	887
50800	508.0000		116	884
50900	509.0000		109	891
51000	510.0000		119	881
51100	511.0000		124	876
51200	512.0000		130	870
51300	513.0000		132	868
51400	514.0000		138	862
51500	515.0000		125	875
51600	516.0000		111	889
51700	517.0000		134	866
51800	518.0000		117	883
51900	519.0000		110	890
52000	520.0000		124	876
52100	521.0000		133	867
52200	522.0000		114	886
52300	523.0000		130	870
52400	524.0000		128	872
52500	525.0000		120	880
52600	526.0000		129	871
52700	527.0000		137	863
52800	528.0000		122	878
52900	529.0000		125	875
53000	530.0000		139	861
53100	531.0000		139	861
53200	532.0000		131	869
53300	533.0000		121	879
53400	534.0000		114	886
53500	535.0000		110	890
53600	536.0000		119	881
53700	537.0000		142	858
53800	538.0000		124	876
53900	539.0000		142	858
54000	540.0000		136	864
54100	541.0000		111	889
54200	542.0000		130	870
54300	543.0000		119	881
54400	544.0000		122	878
54500	545.0000		110	890
54600	546.0000		132	868
54700	547.0000		121	879
54800	548.0000		98	902
54900	549.0000		123	877
55000	550.0000		122	878
55100	551.0000		108	892
55200	552.0000		139	861
55300	553.0000		112	888
55400	554.0000		118	882
55500	555.0000		116	884
55600	556.0000		114	886
55700	557.0000		120	880
55800	558.0000		124	876
55900	559.0000		124	876
56000	560.0000		136	864
56100	561.0000		125	875
56200	562.0000		128	872
56300	563.0000		127	873
56400	564.0000		139	861
56500	565.0000		128	872
56600	566.0000		140	860
56700	567.0000		151	849
56800	568.0000		129	871
56900	569.0000		127	873
57000	570.0000		128	872
57100	571.0000		126	874
57200	572.0000		134	866
57300	573.0000		130	870
57400	574.0000		129	871
57500	575.0000		119	881
57600	576.0000		126	874
57700	577.0000		152	848
57800	578.0000		129	871
57900	579.0000		110	890
58000	580.0000		120	880
58100	581.0000		127	873
58200	582.0000		140	860
58300	583.0000		122	878
58400	584.0000		133	867
58500	585.0000		129	871
58600	586.0000		105	895
58700	587.0000		135	865
58800	588.0000		117	883
58900	589.0000		111	889
59000	590.0000		112	888
59100	591.0000		134	866
59200	592.0000		132	868
59300	593.0000		137	863
59400	594.0000		134	866
59500	595.0000		122	878
59600	596.0000		133	867
59700	597.0000		126	874
59800	598.0000		119	881
59900	599.0000		113	887
60000	600.0000		115	885
60100	601.0000		130	870
60200	602.0000		120	880
60300	603.0000		137	863
60400	604.0000		128	872
60500	605.0000		116	884
60600	606.0000		133	867
60700	607.0000		117	883
60800	608.0000		119	881
60900	609.0000		124	876
61000	610.0000		106	894
61100	611.0000		112	888
61200	612.0000		113	887
61300	613.0000		105	895
61400	614.0000		110	890
61500	615.0000		121	879
61600	616.0000		106	894
61700	617.0000		115	885
61800	618.0000		128	872
61900	619.0000		130	870
62000	620.0000		120	880
62100	621.0000		119	881
62200	622.0000		107	893
62300	623.0000		114	886
62400	624.0000		125	875
62500	625.0000		132	868
62600	626.0000		113	887
62700	627.0000		127	873
62800	628.0000		133	867
62900	629.0000		130	870
63000	630.0000		143	857
63100	631.0000		138	862
63200	632.0000		119	881
63300	633.0000		123	877
63400	634.0000		137	863
63500	635.0000		109	891
63600	636.0000		122	878
63700	637.0000		140	860
63800	638.0000		132	868
63900	639.0000		125	875
64000	640.0000		119	881
64100	641.0000		117	883
64200	642.0000		107	893
64300	643.0000		117	883
64400	644.0000		128	872
64500	645.0000		118	882
64600	646.0000		148	852
64700	647.0000		147	853
64800	648.0000		142	858
64900	649.0000		115	885
65000	650.0000		114	886
65100	651.0000		134	866
65200	652.0000		112	888
65300	653.0000		108	892
65400	654.0000		121	879
65500	655.0000		130	870
65600	656.0000		119	881
65700	657.0000		135	865
65800	658.0000		123	877
65900	659.0000		132	868
66000	660.0000		120	880
66100	661.0000		124	876
66200	662.0000		122	878
66300	663.0000		130	870
66400	664.0000		123	877
66500	665.0000		133	867
66600	666.0000		127	873
66700	667.0000		123	877
66800	668.0000		118	882
66900	669.0000		101	899
67000	670.0000		137	863
67100	671.0000		117	883
67200	672.0000		138	862
67300	673.0000		108	892
67400	674.0000		115	885
67500	675.0000		127	873
67600	676.0000		107	893
67700	677.0000		126	874
67800	678.0000		122	878
67900	679.0000		112	888
68000	680.0000		135	865
68100	681.0000		123	877
68200	682.0000		120	880
68300	683.0000		112	888
68400	684.0000		115	885
68500	685.0000		117	883
68600	686.0000		139	861
68700	687.0000		112	888
68800	688.0000		126	874
68900	689.0000		124	876
69000	690.0000		127	873
69100	691.0000		108	892
69200	692.0000		116	884
69300	693.0000		131	869
69400	694.0000		117	883
69500	695.0000		128	872
69600	696.0000		126	874
69700	697.0000		118	882
69800	698.0000		128	872
69900	699.0000		153	847
70000	700.0000		106	894
70100	701.0000		124	876
70200	702.0000		119	881
70300	703.0000		126	874
70400	704.0000		140	860
70500	705.0000		125	875
70600	706.0000		128	872
70700	707.0000		122	878
70800	708.0000		120	880
70900	709.0000		136	864
71000	710.0000		118	882
71100	711.0000		127	873
71200	712.0000		131	869
71300	713.0000		96	904
71400	714.0000		136	864
71500	715.0000		126	874
71600	716.0000		128	872
71700	717.0000		134	866
71800	718.0000		122	878
71900	719.0000		125	875
72000	720.0000		102	898
72100	721.0000		108	892
72200	722.0000		122	878
72300	723.0000		129	871
72400	724.0000		138	862
72500	725.0000		116	884
72600	726.0000		136	864
72700	727.0000		124	876
72800	728.0000		121	879
72900	729.0000		129	871
73000	730.0000		121	879
73100	731.0000		130	870
73200	732.0000		134	866
73300	733.0000		140	860
73400	734.0000		127	873
73500	735.0000		144	856
73600	736.0000		137	863
73700	737.0000		130	870
73800	738.0000		119	881
73900	739.0000		143	857
74000	740.0000		135	865
74100	741.0000		129	871
74200	742.0000		121	879
74300	743.0000		115	885
74400	744.0000		116	884
74500	745.0000		126	874
74600	746.0000		134	866
74700	747.0000		130	870
74800	748.0000		137	863
74900	749.0000		106	894
75000	750.0000		112	888
75100	751.0000		122	878
75200	752.0000		131	869
75300	753.0000		132	868
75400	754.0000		121	879
75500	755.0000		124	876
75600	756.0000		128	872
75700	757.0000		126	874
75800	758.0000		122	878
75900	759.0000		113	887
76000	760.0000		111	889
76100	761.0000		128	872
76200	762.0000		137	863
76300	763.0000		130	870
76400	764.0000		117	883
76500	765.0000		127	873
76600	766.0000		133	867
76700	767.0000		130	870
76800	768.0000		125	875
76900	769.0000		142	858
77000	770.0000		116	884
77100	771.0000		92	908
77200	772.0000		119	881
77300	773.0000		108	892
77400	774.0000		137	863
77500	775.0000		115	885
77600	776.0000		121	879
77700	777.0000		136	864
77800	778.0000		114	886
77900	779.0000		119	881
78000	780.0000		124	876
78100	781.0000		131	869
78200	782.0000		129	871
78300	783.0000		131	869
78400	784.0000		127	873
78500	785.0000		130	870
78600	786.0000		133	867
78700	787.0000		131	869
78800	788.0000		133	867
78900	789.0000		150	850
79000	790.0000		124	876
79100	791.0000		130	870
79200	792.0000		134	866
79300	793.0000		143	857
79400	794.0000		118	882
79500	795.0000		128	872
79600	796.0000		128	872
79700	797.0000		128	872
79800	798.0000		125	875
79900	799.0000		129	871
80000	800.0000		140	860
80100	801.0000		126	874
80200	802.0000		133	867
80300	803.0000		122	878
80400	804.0000		126	874
80500	805.0000		126	874
80600	806.0000		105	895
80700	807.0000		110	890
80800	808.0000		126	874
80900	809.0000		118	882
81000	810.0000		131	869
81100	811.0000		109	891
81200	812.0000		112	888
81300	813.0000		137	863
81400	814.0000		116	884
81500	815.0000		126	874
81600	816.0000		109	891
81700	817.0000		101	899
81800	818.0000		110	890
81900	819.0000		125	875
82000	820.0000		106	894
82100	821.0000		107	893
82200	822.0000		126	874
82300	823.0000		114	886
82400	824.0000		113	887
82500	825.0000		115	885
82600	826.0000		120	880
82700	827.0000		125	875
82800	828.0000		123	877
82900	829.0000		131	869
83000	830.0000		126	874
83100	831.0000		115	885
83200	832.0000		112	888
83300	833.0000		126	874
83400	834.0000		119	881
83500	835.0000		122	878
83600	836.0000		125	875
83700	837.0000		134	866
83800	838.0000		116	884
83900	839.0000		123	877
84000	840.0000		121	879
84100	841.0000		107	893
84200	842.0000		118	882
84300	843.0000		125	875
84400	844.0000		136	864
84500	845.0000		104	896
84600	846.0000		110	890
84700	847.0000		133	867
84800	848.0000		117	883
84900	849.0000		136	864
85000	850.0000		117	883
85100	851.0000		134	866
85200	852.0000		124	876
85300	853.0000		138	862
85400	854.0000		118	882
85500	855.0000		128	872
85600	856.0000		119	881
85700	857.0000		132	868
85800	858.0000		116	884
85900	859.0000		114	886
86000	860.0000		138	862
86100	861.0000		116	884
86200	862.0000		116	884
86300	863.0000		114	886
86400	864.0000		125	875
86500	865.0000		121	879
86600	866.0000		143	857
86700	867.0000		118	882
86800	868.0000		133	867
86900	869.0000		106	894
87000	870.0000		118	882
87100	871.0000		118	882
87200	872.0000		140	860
87300	873.0000		122	878
87400	874.0000		119	881
87500	875.0000		138	862
87600	876.0000		139	861
87700	877.0000		112	888
87800	878.0000		125	875
87900	879.0000		106	894
88000	880.0000		135	865
88100	881.0000		135	865
88200	882.0000		113	887
88300	883.0000		113	887
88400	884.0000		126	874
88500	885.0000		113	887
88600	886.0000		135	865
88700	887.0000		146	854
88800	888.0000		120	880
88900	889.0000		137	863
89000	890.0000		130	870
89100	891.0000		130	870
89200	892.0000		114	886
89300	893.0000		124	876
89400	894.0000		119	881
89500	895.0000		136	864
89600	896.0000		120	880
89700	897.0000		120	880
89800	898.0000		133	867
89900	899.0000		115	885
90000	900.0000		127	873
90100	901.0000		117	883
90200	902.0000		146	854
90300	903.0000		128	872
90400	904.0000		136	864
90500	905.0000		137	863
90600	906.0000		107	893
90700	907.0000		124	876
90800	908.0000		125	875
90900	909.0000		125	875
91000	910.0000		112	888
91100	911.0000		123	877
91200	912.0000		121	879
91300	913.0000		116	884
91400	914.0000		135	865
91500	915.0000		122	878
91600	916.0000		126	874
91700	917.0000		138	862
91800	918.0000		130	870
91900	919.0000		134	866
92000	920.0000		123	877
92100	921.0000		155	845
92200	922.0000		131	869
92300	923.0000		120	880
92400	924.0000		122	878
92500	925.0000		119	881
92600	926.0000		117	883
92700	927.0000		126	874
92800	928.0000		119	881
92900	929.0000		131	869
93000	930.0000		133	867
93100	931.0000		119	881
93200	932.0000		114	886
93300	933.0000		114	886
93400	934.0000		153	847
93500	935.0000		139	861
93600	936.0000		117	883
93700	937.0000		119	881
93800	938.0000		105	895
93900	939.0000		136	864
94000	940.0000		118	882
94100	941.0000		122	878
94200	942.0000		143	857
94300	943.0000		118	882
94400	944.0000		113	887
94500	945.0000		111	889
94600	946.0000		108	892
94700	947.0000		112	888
94800	948.0000		109	891
94900	949.0000		120	880
95000	950.0000		104	896
95100	951.0000		128	872
95200	952.0000		128	872
95300	953.0000		134	866
95400	954.0000		122	878
95500	955.0000		118	882
95600	956.0000		131	869
95700	957.0000		112	888
95800	958.0000		142	858
95900	959.0000		106	894
96000	960.0000		136	864
96100	961.0000		137	863
96200	962.0000		137	863
96300	963.0000		138	862
96400	964.0000		133	867
96500	965.0000		112	888
96600	966.0000		109	891
96700	967.0000		121	879
96800	968.0000		142	858
96900	969.0000		137	863
97000	970.0000		113	887
97100	971.0000		130	870
97200	972.0000		135	865
97300	973.0000		117	883
97400	974.0000		127	873
97500	975.0000		117	883
97600	976.0000		122	878
97700	977.0000		115	885
97800	978.0000		125	875
97900	979.0000		126	874
98000	980.0000		111	889
98100	981.0000		107	893
98200	982.0000		121	879
98300	983.0000		117	883
98400	984.0000		146	854
98500	985.0000		126	874
98600	986.0000		127	873
98700	987.0000		110	890
98800	988.0000		135	865
98900	989.0000		120	880
99000	990.0000		124	876
99100	991.0000		133	867
99200	992.0000		128	872
99300	993.0000		121	879
99400	994.0000		119	881
99500	995.0000		118	882
99600	996.0000		127	873
99700	997.0000		117	883
99800	998.0000		142	858
99900	999.0000		135	865
100000	1000.0000		120	880
# Simulation completed.
