# Creating system...
# System created with N=1000 particles

# Initial state:
# Susceptibles: 999, Infected: 1

# Starting simulation...
# Step	Time		S	I
0	0.0000		999	1
100	1.0000		998	2
200	2.0000		998	2
300	3.0000		998	2
400	4.0000		996	4
500	5.0000		991	9
600	6.0000		988	12
700	7.0000		990	10
800	8.0000		983	17
900	9.0000		977	23
1000	10.0000		962	38
1100	11.0000		951	49
1200	12.0000		929	71
1300	13.0000		899	101
1400	14.0000		897	103
1500	15.0000		880	120
1600	16.0000		867	133
1700	17.0000		827	173
1800	18.0000		814	186
1900	19.0000		787	213
2000	20.0000		740	260
2100	21.0000		734	266
2200	22.0000		708	292
2300	23.0000		681	319
2400	24.0000		616	384
2500	25.0000		594	406
2600	26.0000		577	423
2700	27.0000		545	455
2800	28.0000		548	452
2900	29.0000		532	468
3000	30.0000		459	541
3100	31.0000		444	556
3200	32.0000		445	555
3300	33.0000		474	526
3400	34.0000		454	546
3500	35.0000		453	547
3600	36.0000		484	516
3700	37.0000		456	544
3800	38.0000		446	554
3900	39.0000		439	561
4000	40.0000		456	544
4100	41.0000		457	543
4200	42.0000		443	557
4300	43.0000		465	535
4400	44.0000		469	531
4500	45.0000		453	547
4600	46.0000		458	542
4700	47.0000		498	502
4800	48.0000		467	533
4900	49.0000		437	563
5000	50.0000		418	582
5100	51.0000		456	544
5200	52.0000		486	514
5300	53.0000		451	549
5400	54.0000		465	535
5500	55.0000		452	548
5600	56.0000		473	527
5700	57.0000		485	515
5800	58.0000		486	514
5900	59.0000		483	517
6000	60.0000		487	513
6100	61.0000		453	547
6200	62.0000		498	502
6300	63.0000		477	523
6400	64.0000		474	526
6500	65.0000		478	522
6600	66.0000		482	518
6700	67.0000		449	551
6800	68.0000		470	530
6900	69.0000		453	547
7000	70.0000		419	581
7100	71.0000		461	539
7200	72.0000		466	534
7300	73.0000		463	537
7400	74.0000		493	507
7500	75.0000		463	537
7600	76.0000		459	541
7700	77.0000		445	555
7800	78.0000		440	560
7900	79.0000		433	567
8000	80.0000		398	602
8100	81.0000		429	571
8200	82.0000		442	558
8300	83.0000		454	546
8400	84.0000		497	503
8500	85.0000		474	526
8600	86.0000		425	575
8700	87.0000		470	530
8800	88.0000		440	560
8900	89.0000		465	535
9000	90.0000		464	536
9100	91.0000		478	522
9200	92.0000		474	526
9300	93.0000		498	502
9400	94.0000		469	531
9500	95.0000		495	505
9600	96.0000		443	557
9700	97.0000		443	557
9800	98.0000		443	557
9900	99.0000		467	533
10000	100.0000		479	521
10100	101.0000		490	510
10200	102.0000		505	495
10300	103.0000		461	539
10400	104.0000		482	518
10500	105.0000		476	524
10600	106.0000		453	547
10700	107.0000		458	542
10800	108.0000		477	523
10900	109.0000		469	531
11000	110.0000		471	529
11100	111.0000		464	536
11200	112.0000		456	544
11300	113.0000		424	576
11400	114.0000		450	550
11500	115.0000		476	524
11600	116.0000		457	543
11700	117.0000		462	538
11800	118.0000		491	509
11900	119.0000		485	515
12000	120.0000		447	553
12100	121.0000		458	542
12200	122.0000		486	514
12300	123.0000		485	515
12400	124.0000		508	492
12500	125.0000		496	504
12600	126.0000		484	516
12700	127.0000		515	485
12800	128.0000		484	516
12900	129.0000		481	519
13000	130.0000		492	508
13100	131.0000		482	518
13200	132.0000		482	518
13300	133.0000		447	553
13400	134.0000		429	571
13500	135.0000		477	523
13600	136.0000		469	531
13700	137.0000		459	541
13800	138.0000		428	572
13900	139.0000		487	513
14000	140.0000		456	544
14100	141.0000		465	535
14200	142.0000		454	546
14300	143.0000		487	513
14400	144.0000		473	527
14500	145.0000		469	531
14600	146.0000		473	527
14700	147.0000		458	542
14800	148.0000		495	505
14900	149.0000		497	503
15000	150.0000		498	502
15100	151.0000		492	508
15200	152.0000		481	519
15300	153.0000		498	502
15400	154.0000		477	523
15500	155.0000		455	545
15600	156.0000		440	560
15700	157.0000		486	514
15800	158.0000		478	522
15900	159.0000		498	502
16000	160.0000		490	510
16100	161.0000		474	526
16200	162.0000		465	535
16300	163.0000		477	523
16400	164.0000		493	507
16500	165.0000		472	528
16600	166.0000		475	525
16700	167.0000		476	524
16800	168.0000		475	525
16900	169.0000		428	572
17000	170.0000		448	552
17100	171.0000		466	534
17200	172.0000		458	542
17300	173.0000		465	535
17400	174.0000		450	550
17500	175.0000		457	543
17600	176.0000		440	560
17700	177.0000		448	552
17800	178.0000		441	559
17900	179.0000		477	523
18000	180.0000		501	499
18100	181.0000		494	506
18200	182.0000		471	529
18300	183.0000		452	548
18400	184.0000		470	530
18500	185.0000		491	509
18600	186.0000		448	552
18700	187.0000		469	531
18800	188.0000		439	561
18900	189.0000		430	570
19000	190.0000		516	484
19100	191.0000		455	545
19200	192.0000		440	560
19300	193.0000		465	535
19400	194.0000		493	507
19500	195.0000		521	479
19600	196.0000		504	496
19700	197.0000		466	534
19800	198.0000		484	516
19900	199.0000		500	500
20000	200.0000		528	472
20100	201.0000		475	525
20200	202.0000		433	567
20300	203.0000		482	518
20400	204.0000		491	509
20500	205.0000		506	494
20600	206.0000		499	501
20700	207.0000		503	497
20800	208.0000		486	514
20900	209.0000		461	539
21000	210.0000		461	539
21100	211.0000		466	534
21200	212.0000		449	551
21300	213.0000		447	553
21400	214.0000		445	555
21500	215.0000		437	563
21600	216.0000		463	537
21700	217.0000		468	532
21800	218.0000		476	524
21900	219.0000		477	523
22000	220.0000		467	533
22100	221.0000		492	508
22200	222.0000		479	521
22300	223.0000		470	530
22400	224.0000		453	547
22500	225.0000		462	538
22600	226.0000		493	507
22700	227.0000		496	504
22800	228.0000		491	509
22900	229.0000		472	528
23000	230.0000		482	518
23100	231.0000		510	490
23200	232.0000		468	532
23300	233.0000		480	520
23400	234.0000		441	559
23500	235.0000		442	558
23600	236.0000		471	529
23700	237.0000		450	550
23800	238.0000		441	559
23900	239.0000		460	540
24000	240.0000		499	501
24100	241.0000		490	510
24200	242.0000		510	490
24300	243.0000		503	497
24400	244.0000		481	519
24500	245.0000		488	512
24600	246.0000		482	518
24700	247.0000		483	517
24800	248.0000		463	537
24900	249.0000		432	568
25000	250.0000		423	577
25100	251.0000		468	532
25200	252.0000		499	501
25300	253.0000		477	523
25400	254.0000		484	516
25500	255.0000		465	535
25600	256.0000		465	535
25700	257.0000		445	555
25800	258.0000		451	549
25900	259.0000		458	542
26000	260.0000		458	542
26100	261.0000		485	515
26200	262.0000		517	483
26300	263.0000		457	543
26400	264.0000		461	539
26500	265.0000		449	551
26600	266.0000		459	541
26700	267.0000		481	519
26800	268.0000		452	548
26900	269.0000		489	511
27000	270.0000		444	556
27100	271.0000		502	498
27200	272.0000		481	519
27300	273.0000		476	524
27400	274.0000		443	557
27500	275.0000		444	556
27600	276.0000		452	548
27700	277.0000		469	531
27800	278.0000		456	544
27900	279.0000		488	512
28000	280.0000		508	492
28100	281.0000		506	494
28200	282.0000		479	521
28300	283.0000		440	560
28400	284.0000		462	538
28500	285.0000		474	526
28600	286.0000		459	541
28700	287.0000		495	505
28800	288.0000		465	535
28900	289.0000		457	543
29000	290.0000		484	516
29100	291.0000		460	540
29200	292.0000		449	551
29300	293.0000		448	552
29400	294.0000		436	564
29500	295.0000		438	562
29600	296.0000		452	548
29700	297.0000		482	518
29800	298.0000		479	521
29900	299.0000		505	495
30000	300.0000		509	491
30100	301.0000		464	536
30200	302.0000		482	518
30300	303.0000		463	537
30400	304.0000		469	531
30500	305.0000		468	532
30600	306.0000		407	593
30700	307.0000		461	539
30800	308.0000		438	562
30900	309.0000		479	521
31000	310.0000		476	524
31100	311.0000		493	507
31200	312.0000		472	528
31300	313.0000		458	542
31400	314.0000		491	509
31500	315.0000		475	525
31600	316.0000		468	532
31700	317.0000		488	512
31800	318.0000		465	535
31900	319.0000		447	553
32000	320.0000		454	546
32100	321.0000		439	561
32200	322.0000		423	577
32300	323.0000		466	534
32400	324.0000		429	571
32500	325.0000		458	542
32600	326.0000		464	536
32700	327.0000		481	519
32800	328.0000		461	539
32900	329.0000		465	535
33000	330.0000		479	521
33100	331.0000		443	557
33200	332.0000		476	524
33300	333.0000		458	542
33400	334.0000		441	559
33500	335.0000		422	578
33600	336.0000		437	563
33700	337.0000		450	550
33800	338.0000		472	528
33900	339.0000		454	546
34000	340.0000		455	545
34100	341.0000		430	570
34200	342.0000		466	534
34300	343.0000		432	568
34400	344.0000		433	567
34500	345.0000		474	526
34600	346.0000		477	523
34700	347.0000		475	525
34800	348.0000		479	521
34900	349.0000		502	498
35000	350.0000		482	518
35100	351.0000		494	506
35200	352.0000		501	499
35300	353.0000		517	483
35400	354.0000		418	582
35500	355.0000		441	559
35600	356.0000		458	542
35700	357.0000		478	522
35800	358.0000		452	548
35900	359.0000		452	548
36000	360.0000		484	516
36100	361.0000		467	533
36200	362.0000		428	572
36300	363.0000		437	563
36400	364.0000		450	550
36500	365.0000		460	540
36600	366.0000		485	515
36700	367.0000		472	528
36800	368.0000		434	566
36900	369.0000		469	531
37000	370.0000		478	522
37100	371.0000		471	529
37200	372.0000		495	505
37300	373.0000		469	531
37400	374.0000		451	549
37500	375.0000		451	549
37600	376.0000		466	534
37700	377.0000		516	484
37800	378.0000		441	559
37900	379.0000		464	536
38000	380.0000		471	529
38100	381.0000		465	535
38200	382.0000		501	499
38300	383.0000		484	516
38400	384.0000		462	538
38500	385.0000		470	530
38600	386.0000		483	517
38700	387.0000		485	515
38800	388.0000		482	518
38900	389.0000		517	483
39000	390.0000		476	524
39100	391.0000		481	519
39200	392.0000		493	507
39300	393.0000		463	537
39400	394.0000		434	566
39500	395.0000		466	534
39600	396.0000		461	539
39700	397.0000		447	553
39800	398.0000		452	548
39900	399.0000		428	572
40000	400.0000		423	577
40100	401.0000		460	540
40200	402.0000		462	538
40300	403.0000		492	508
40400	404.0000		432	568
40500	405.0000		461	539
40600	406.0000		490	510
40700	407.0000		475	525
40800	408.0000		450	550
40900	409.0000		464	536
41000	410.0000		493	507
41100	411.0000		451	549
41200	412.0000		478	522
41300	413.0000		489	511
41400	414.0000		469	531
41500	415.0000		472	528
41600	416.0000		469	531
41700	417.0000		475	525
41800	418.0000		476	524
41900	419.0000		486	514
42000	420.0000		486	514
42100	421.0000		448	552
42200	422.0000		471	529
42300	423.0000		477	523
42400	424.0000		484	516
42500	425.0000		498	502
42600	426.0000		466	534
42700	427.0000		451	549
42800	428.0000		481	519
42900	429.0000		466	534
43000	430.0000		471	529
43100	431.0000		482	518
43200	432.0000		466	534
43300	433.0000		451	549
43400	434.0000		441	559
43500	435.0000		477	523
43600	436.0000		452	548
43700	437.0000		484	516
43800	438.0000		431	569
43900	439.0000		435	565
44000	440.0000		439	561
44100	441.0000		451	549
44200	442.0000		458	542
44300	443.0000		492	508
44400	444.0000		495	505
44500	445.0000		481	519
44600	446.0000		468	532
44700	447.0000		464	536
44800	448.0000		483	517
44900	449.0000		479	521
45000	450.0000		524	476
45100	451.0000		521	479
45200	452.0000		484	516
45300	453.0000		494	506
45400	454.0000		474	526
45500	455.0000		481	519
45600	456.0000		495	505
45700	457.0000		489	511
45800	458.0000		473	527
45900	459.0000		482	518
46000	460.0000		432	568
46100	461.0000		494	506
46200	462.0000		487	513
46300	463.0000		461	539
46400	464.0000		477	523
46500	465.0000		471	529
46600	466.0000		484	516
46700	467.0000		476	524
46800	468.0000		491	509
46900	469.0000		461	539
47000	470.0000		474	526
47100	471.0000		472	528
47200	472.0000		501	499
47300	473.0000		465	535
47400	474.0000		465	535
47500	475.0000		501	499
47600	476.0000		507	493
47700	477.0000		486	514
47800	478.0000		498	502
47900	479.0000		450	550
48000	480.0000		456	544
48100	481.0000		481	519
48200	482.0000		437	563
48300	483.0000		451	549
48400	484.0000		443	557
48500	485.0000		473	527
48600	486.0000		473	527
48700	487.0000		432	568
48800	488.0000		445	555
48900	489.0000		446	554
49000	490.0000		444	556
49100	491.0000		458	542
49200	492.0000		466	534
49300	493.0000		484	516
49400	494.0000		460	540
49500	495.0000		442	558
49600	496.0000		477	523
49700	497.0000		493	507
49800	498.0000		499	501
49900	499.0000		471	529
50000	500.0000		468	532
50100	501.0000		464	536
50200	502.0000		477	523
50300	503.0000		501	499
50400	504.0000		515	485
50500	505.0000		480	520
50600	506.0000		481	519
50700	507.0000		449	551
50800	508.0000		443	557
50900	509.0000		492	508
51000	510.0000		490	510
51100	511.0000		497	503
51200	512.0000		475	525
51300	513.0000		473	527
51400	514.0000		457	543
51500	515.0000		431	569
51600	516.0000		444	556
51700	517.0000		438	562
51800	518.0000		469	531
51900	519.0000		486	514
52000	520.0000		468	532
52100	521.0000		485	515
52200	522.0000		495	505
52300	523.0000		502	498
52400	524.0000		490	510
52500	525.0000		476	524
52600	526.0000		469	531
52700	527.0000		455	545
52800	528.0000		472	528
52900	529.0000		473	527
53000	530.0000		480	520
53100	531.0000		511	489
53200	532.0000		477	523
53300	533.0000		499	501
53400	534.0000		481	519
53500	535.0000		473	527
53600	536.0000		480	520
53700	537.0000		526	474
53800	538.0000		477	523
53900	539.0000		476	524
54000	540.0000		488	512
54100	541.0000		496	504
54200	542.0000		475	525
54300	543.0000		431	569
54400	544.0000		465	535
54500	545.0000		454	546
54600	546.0000		445	555
54700	547.0000		443	557
54800	548.0000		434	566
54900	549.0000		409	591
55000	550.0000		396	604
55100	551.0000		460	540
55200	552.0000		465	535
55300	553.0000		450	550
55400	554.0000		495	505
55500	555.0000		473	527
55600	556.0000		506	494
55700	557.0000		524	476
55800	558.0000		500	500
55900	559.0000		471	529
56000	560.0000		488	512
56100	561.0000		536	464
56200	562.0000		512	488
56300	563.0000		505	495
56400	564.0000		536	464
56500	565.0000		515	485
56600	566.0000		493	507
56700	567.0000		516	484
56800	568.0000		483	517
56900	569.0000		464	536
57000	570.0000		471	529
57100	571.0000		485	515
57200	572.0000		467	533
57300	573.0000		462	538
57400	574.0000		474	526
57500	575.0000		451	549
57600	576.0000		447	553
57700	577.0000		474	526
57800	578.0000		489	511
57900	579.0000		475	525
58000	580.0000		467	533
58100	581.0000		443	557
58200	582.0000		455	545
58300	583.0000		488	512
58400	584.0000		490	510
58500	585.0000		492	508
58600	586.0000		458	542
58700	587.0000		449	551
58800	588.0000		483	517
58900	589.0000		485	515
59000	590.0000		461	539
59100	591.0000		481	519
59200	592.0000		459	541
59300	593.0000		467	533
59400	594.0000		465	535
59500	595.0000		458	542
59600	596.0000		438	562
59700	597.0000		433	567
59800	598.0000		461	539
59900	599.0000		474	526
60000	600.0000		494	506
60100	601.0000		467	533
60200	602.0000		459	541
60300	603.0000		510	490
60400	604.0000		484	516
60500	605.0000		501	499
60600	606.0000		471	529
60700	607.0000		455	545
60800	608.0000		453	547
60900	609.0000		492	508
61000	610.0000		475	525
61100	611.0000		472	528
61200	612.0000		456	544
61300	613.0000		488	512
61400	614.0000		516	484
61500	615.0000		493	507
61600	616.0000		448	552
61700	617.0000		470	530
61800	618.0000		467	533
61900	619.0000		485	515
62000	620.0000		455	545
62100	621.0000		469	531
62200	622.0000		450	550
62300	623.0000		480	520
62400	624.0000		493	507
62500	625.0000		493	507
62600	626.0000		488	512
62700	627.0000		477	523
62800	628.0000		489	511
62900	629.0000		463	537
63000	630.0000		469	531
63100	631.0000		494	506
63200	632.0000		473	527
63300	633.0000		478	522
63400	634.0000		467	533
63500	635.0000		508	492
63600	636.0000		501	499
63700	637.0000		502	498
63800	638.0000		448	552
63900	639.0000		463	537
64000	640.0000		447	553
64100	641.0000		467	533
64200	642.0000		459	541
64300	643.0000		470	530
64400	644.0000		470	530
64500	645.0000		467	533
64600	646.0000		499	501
64700	647.0000		459	541
64800	648.0000		469	531
64900	649.0000		439	561
65000	650.0000		452	548
65100	651.0000		485	515
65200	652.0000		478	522
65300	653.0000		475	525
65400	654.0000		453	547
65500	655.0000		458	542
65600	656.0000		457	543
65700	657.0000		440	560
65800	658.0000		454	546
65900	659.0000		466	534
66000	660.0000		503	497
66100	661.0000		483	517
66200	662.0000		475	525
66300	663.0000		483	517
66400	664.0000		452	548
66500	665.0000		496	504
66600	666.0000		487	513
66700	667.0000		482	518
66800	668.0000		498	502
66900	669.0000		493	507
67000	670.0000		462	538
67100	671.0000		464	536
67200	672.0000		464	536
67300	673.0000		453	547
67400	674.0000		495	505
67500	675.0000		505	495
67600	676.0000		455	545
67700	677.0000		464	536
67800	678.0000		458	542
67900	679.0000		433	567
68000	680.0000		448	552
68100	681.0000		450	550
68200	682.0000		478	522
68300	683.0000		455	545
68400	684.0000		455	545
68500	685.0000		485	515
68600	686.0000		493	507
68700	687.0000		458	542
68800	688.0000		493	507
68900	689.0000		463	537
69000	690.0000		446	554
69100	691.0000		459	541
69200	692.0000		439	561
69300	693.0000		494	506
69400	694.0000		455	545
69500	695.0000		448	552
69600	696.0000		477	523
69700	697.0000		475	525
69800	698.0000		476	524
69900	699.0000		447	553
70000	700.0000		439	561
70100	701.0000		446	554
70200	702.0000		451	549
70300	703.0000		449	551
70400	704.0000		451	549
70500	705.0000		461	539
70600	706.0000		466	534
70700	707.0000		470	530
70800	708.0000		471	529
70900	709.0000		479	521
71000	710.0000		502	498
71100	711.0000		467	533
71200	712.0000		445	555
71300	713.0000		432	568
71400	714.0000		476	524
71500	715.0000		449	551
71600	716.0000		420	580
71700	717.0000		460	540
71800	718.0000		487	513
71900	719.0000		502	498
72000	720.0000		463	537
72100	721.0000		471	529
72200	722.0000		487	513
72300	723.0000		468	532
72400	724.0000		446	554
72500	725.0000		459	541
72600	726.0000		459	541
72700	727.0000		459	541
72800	728.0000		451	549
72900	729.0000		454	546
73000	730.0000		455	545
73100	731.0000		433	567
73200	732.0000		432	568
73300	733.0000		464	536
73400	734.0000		481	519
73500	735.0000		450	550
73600	736.0000		480	520
73700	737.0000		482	518
73800	738.0000		501	499
73900	739.0000		487	513
74000	740.0000		500	500
74100	741.0000		459	541
74200	742.0000		466	534
74300	743.0000		470	530
74400	744.0000		468	532
74500	745.0000		487	513
74600	746.0000		486	514
74700	747.0000		486	514
74800	748.0000		424	576
74900	749.0000		465	535
75000	750.0000		445	555
75100	751.0000		439	561
75200	752.0000		451	549
75300	753.0000		445	555
75400	754.0000		474	526
75500	755.0000		482	518
75600	756.0000		490	510
75700	757.0000		492	508
75800	758.0000		452	548
75900	759.0000		462	538
76000	760.0000		464	536
76100	761.0000		442	558
76200	762.0000		487	513
76300	763.0000		453	547
76400	764.0000		472	528
76500	765.0000		475	525
76600	766.0000		443	557
76700	767.0000		467	533
76800	768.0000		436	564
76900	769.0000		450	550
77000	770.0000		448	552
77100	771.0000		444	556
77200	772.0000		450	550
77300	773.0000		446	554
77400	774.0000		475	525
77500	775.0000		476	524
77600	776.0000		479	521
77700	777.0000		480	520
77800	778.0000		475	525
77900	779.0000		450	550
78000	780.0000		449	551
78100	781.0000		452	548
78200	782.0000		476	524
78300	783.0000		491	509
78400	784.0000		485	515
78500	785.0000		461	539
78600	786.0000		484	516
78700	787.0000		470	530
78800	788.0000		463	537
78900	789.0000		491	509
79000	790.0000		500	500
79100	791.0000		509	491
79200	792.0000		478	522
79300	793.0000		492	508
79400	794.0000		440	560
79500	795.0000		466	534
79600	796.0000		469	531
79700	797.0000		422	578
79800	798.0000		462	538
79900	799.0000		486	514
80000	800.0000		472	528
80100	801.0000		447	553
80200	802.0000		482	518
80300	803.0000		480	520
80400	804.0000		452	548
80500	805.0000		449	551
80600	806.0000		455	545
80700	807.0000		479	521
80800	808.0000		453	547
80900	809.0000		466	534
81000	810.0000		513	487
81100	811.0000		459	541
81200	812.0000		461	539
81300	813.0000		453	547
81400	814.0000		447	553
81500	815.0000		449	551
81600	816.0000		454	546
81700	817.0000		447	553
81800	818.0000		474	526
81900	819.0000		481	519
82000	820.0000		511	489
82100	821.0000		458	542
82200	822.0000		495	505
82300	823.0000		468	532
82400	824.0000		438	562
82500	825.0000		462	538
82600	826.0000		427	573
82700	827.0000		442	558
82800	828.0000		440	560
82900	829.0000		453	547
83000	830.0000		496	504
83100	831.0000		458	542
83200	832.0000		452	548
83300	833.0000		482	518
83400	834.0000		478	522
83500	835.0000		478	522
83600	836.0000		463	537
83700	837.0000		466	534
83800	838.0000		472	528
83900	839.0000		478	522
84000	840.0000		470	530
84100	841.0000		462	538
84200	842.0000		452	548
84300	843.0000		485	515
84400	844.0000		476	524
84500	845.0000		462	538
84600	846.0000		513	487
84700	847.0000		513	487
84800	848.0000		510	490
84900	849.0000		504	496
85000	850.0000		474	526
85100	851.0000		462	538
85200	852.0000		468	532
85300	853.0000		459	541
85400	854.0000		458	542
85500	855.0000		463	537
85600	856.0000		447	553
85700	857.0000		472	528
85800	858.0000		530	470
85900	859.0000		494	506
86000	860.0000		478	522
86100	861.0000		427	573
86200	862.0000		454	546
86300	863.0000		469	531
86400	864.0000		474	526
86500	865.0000		447	553
86600	866.0000		488	512
86700	867.0000		439	561
86800	868.0000		459	541
86900	869.0000		454	546
87000	870.0000		460	540
87100	871.0000		497	503
87200	872.0000		446	554
87300	873.0000		494	506
87400	874.0000		490	510
87500	875.0000		476	524
87600	876.0000		456	544
87700	877.0000		463	537
87800	878.0000		454	546
87900	879.0000		477	523
88000	880.0000		509	491
88100	881.0000		494	506
88200	882.0000		477	523
88300	883.0000		485	515
88400	884.0000		480	520
88500	885.0000		477	523
88600	886.0000		466	534
88700	887.0000		472	528
88800	888.0000		448	552
88900	889.0000		450	550
89000	890.0000		461	539
89100	891.0000		468	532
89200	892.0000		454	546
89300	893.0000		463	537
89400	894.0000		484	516
89500	895.0000		480	520
89600	896.0000		492	508
89700	897.0000		477	523
89800	898.0000		483	517
89900	899.0000		469	531
90000	900.0000		484	516
90100	901.0000		456	544
90200	902.0000		432	568
90300	903.0000		440	560
90400	904.0000		470	530
90500	905.0000		474	526
90600	906.0000		422	578
90700	907.0000		453	547
90800	908.0000		480	520
90900	909.0000		448	552
91000	910.0000		451	549
91100	911.0000		455	545
91200	912.0000		440	560
91300	913.0000		473	527
91400	914.0000		480	520
91500	915.0000		491	509
91600	916.0000		512	488
91700	917.0000		457	543
91800	918.0000		471	529
91900	919.0000		462	538
92000	920.0000		465	535
92100	921.0000		453	547
92200	922.0000		460	540
92300	923.0000		481	519
92400	924.0000		463	537
92500	925.0000		407	593
92600	926.0000		395	605
92700	927.0000		428	572
92800	928.0000		451	549
92900	929.0000		435	565
93000	930.0000		453	547
93100	931.0000		415	585
93200	932.0000		493	507
93300	933.0000		469	531
93400	934.0000		484	516
93500	935.0000		507	493
93600	936.0000		464	536
93700	937.0000		491	509
93800	938.0000		514	486
93900	939.0000		497	503
94000	940.0000		470	530
94100	941.0000		514	486
94200	942.0000		468	532
94300	943.0000		460	540
94400	944.0000		454	546
94500	945.0000		429	571
94600	946.0000		427	573
94700	947.0000		459	541
94800	948.0000		455	545
94900	949.0000		470	530
95000	950.0000		479	521
95100	951.0000		445	555
95200	952.0000		436	564
95300	953.0000		428	572
95400	954.0000		450	550
95500	955.0000		453	547
95600	956.0000		454	546
95700	957.0000		482	518
95800	958.0000		457	543
95900	959.0000		446	554
96000	960.0000		440	560
96100	961.0000		482	518
96200	962.0000		445	555
96300	963.0000		438	562
96400	964.0000		442	558
96500	965.0000		472	528
96600	966.0000		437	563
96700	967.0000		446	554
96800	968.0000		468	532
96900	969.0000		463	537
97000	970.0000		473	527
97100	971.0000		464	536
97200	972.0000		460	540
97300	973.0000		484	516
97400	974.0000		495	505
97500	975.0000		423	577
97600	976.0000		425	575
97700	977.0000		455	545
97800	978.0000		476	524
97900	979.0000		418	582
98000	980.0000		448	552
98100	981.0000		490	510
98200	982.0000		479	521
98300	983.0000		470	530
98400	984.0000		455	545
98500	985.0000		463	537
98600	986.0000		462	538
98700	987.0000		508	492
98800	988.0000		482	518
98900	989.0000		485	515
99000	990.0000		449	551
99100	991.0000		465	535
99200	992.0000		453	547
99300	993.0000		470	530
99400	994.0000		483	517
99500	995.0000		461	539
99600	996.0000		439	561
99700	997.0000		448	552
99800	998.0000		490	510
99900	999.0000		488	512
100000	1000.0000		476	524
# Simulation completed.
