# Creating system...
# System created with N=1000 particles

# Initial state:
# Susceptibles: 999, Infected: 1

# Starting simulation...
# Step	Time		S	I
0	0.0000		999	1
100	1.0000		998	2
200	2.0000		991	9
300	3.0000		983	17
400	4.0000		983	17
500	5.0000		968	32
600	6.0000		941	59
700	7.0000		921	79
800	8.0000		871	129
900	9.0000		847	153
1000	10.0000		807	193
1100	11.0000		794	206
1200	12.0000		777	223
1300	13.0000		738	262
1400	14.0000		678	322
1500	15.0000		614	386
1600	16.0000		564	436
1700	17.0000		552	448
1800	18.0000		541	459
1900	19.0000		547	453
2000	20.0000		509	491
2100	21.0000		538	462
2200	22.0000		502	498
2300	23.0000		489	511
2400	24.0000		469	531
2500	25.0000		476	524
2600	26.0000		476	524
2700	27.0000		460	540
2800	28.0000		471	529
2900	29.0000		472	528
3000	30.0000		499	501
3100	31.0000		433	567
3200	32.0000		466	534
3300	33.0000		424	576
3400	34.0000		430	570
3500	35.0000		443	557
3600	36.0000		448	552
3700	37.0000		459	541
3800	38.0000		424	576
3900	39.0000		458	542
4000	40.0000		501	499
4100	41.0000		474	526
4200	42.0000		487	513
4300	43.0000		468	532
4400	44.0000		490	510
4500	45.0000		414	586
4600	46.0000		451	549
4700	47.0000		427	573
4800	48.0000		440	560
4900	49.0000		453	547
5000	50.0000		451	549
5100	51.0000		492	508
5200	52.0000		474	526
5300	53.0000		445	555
5400	54.0000		470	530
5500	55.0000		435	565
5600	56.0000		454	546
5700	57.0000		428	572
5800	58.0000		421	579
5900	59.0000		447	553
6000	60.0000		407	593
6100	61.0000		432	568
6200	62.0000		454	546
6300	63.0000		440	560
6400	64.0000		465	535
6500	65.0000		447	553
6600	66.0000		437	563
6700	67.0000		449	551
6800	68.0000		449	551
6900	69.0000		483	517
7000	70.0000		473	527
7100	71.0000		464	536
7200	72.0000		501	499
7300	73.0000		486	514
7400	74.0000		502	498
7500	75.0000		474	526
7600	76.0000		491	509
7700	77.0000		467	533
7800	78.0000		468	532
7900	79.0000		444	556
8000	80.0000		482	518
8100	81.0000		490	510
8200	82.0000		488	512
8300	83.0000		484	516
8400	84.0000		491	509
8500	85.0000		468	532
8600	86.0000		442	558
8700	87.0000		459	541
8800	88.0000		466	534
8900	89.0000		462	538
9000	90.0000		454	546
9100	91.0000		467	533
9200	92.0000		453	547
9300	93.0000		447	553
9400	94.0000		428	572
9500	95.0000		491	509
9600	96.0000		465	535
9700	97.0000		454	546
9800	98.0000		465	535
9900	99.0000		465	535
10000	100.0000		464	536
10100	101.0000		477	523
10200	102.0000		503	497
10300	103.0000		461	539
10400	104.0000		461	539
10500	105.0000		475	525
10600	106.0000		472	528
10700	107.0000		467	533
10800	108.0000		427	573
10900	109.0000		422	578
11000	110.0000		464	536
11100	111.0000		480	520
11200	112.0000		469	531
11300	113.0000		467	533
11400	114.0000		469	531
11500	115.0000		462	538
11600	116.0000		503	497
11700	117.0000		481	519
11800	118.0000		501	499
11900	119.0000		497	503
12000	120.0000		462	538
12100	121.0000		411	589
12200	122.0000		458	542
12300	123.0000		445	555
12400	124.0000		439	561
12500	125.0000		460	540
12600	126.0000		473	527
12700	127.0000		449	551
12800	128.0000		469	531
12900	129.0000		474	526
13000	130.0000		443	557
13100	131.0000		448	552
13200	132.0000		501	499
13300	133.0000		492	508
13400	134.0000		512	488
13500	135.0000		494	506
13600	136.0000		444	556
13700	137.0000		453	547
13800	138.0000		482	518
13900	139.0000		438	562
14000	140.0000		458	542
14100	141.0000		448	552
14200	142.0000		436	564
14300	143.0000		455	545
14400	144.0000		454	546
14500	145.0000		472	528
14600	146.0000		472	528
14700	147.0000		455	545
14800	148.0000		429	571
14900	149.0000		434	566
15000	150.0000		443	557
15100	151.0000		460	540
15200	152.0000		434	566
15300	153.0000		484	516
15400	154.0000		427	573
15500	155.0000		433	567
15600	156.0000		417	583
15700	157.0000		429	571
15800	158.0000		435	565
15900	159.0000		434	566
16000	160.0000		429	571
16100	161.0000		448	552
16200	162.0000		489	511
16300	163.0000		467	533
16400	164.0000		455	545
16500	165.0000		494	506
16600	166.0000		478	522
16700	167.0000		477	523
16800	168.0000		443	557
16900	169.0000		466	534
17000	170.0000		447	553
17100	171.0000		462	538
17200	172.0000		459	541
17300	173.0000		467	533
17400	174.0000		470	530
17500	175.0000		471	529
17600	176.0000		459	541
17700	177.0000		470	530
17800	178.0000		457	543
17900	179.0000		462	538
18000	180.0000		518	482
18100	181.0000		481	519
18200	182.0000		439	561
18300	183.0000		432	568
18400	184.0000		460	540
18500	185.0000		447	553
18600	186.0000		486	514
18700	187.0000		485	515
18800	188.0000		510	490
18900	189.0000		486	514
19000	190.0000		512	488
19100	191.0000		491	509
19200	192.0000		446	554
19300	193.0000		463	537
19400	194.0000		460	540
19500	195.0000		467	533
19600	196.0000		474	526
19700	197.0000		508	492
19800	198.0000		456	544
19900	199.0000		442	558
20000	200.0000		474	526
20100	201.0000		465	535
20200	202.0000		440	560
20300	203.0000		444	556
20400	204.0000		459	541
20500	205.0000		437	563
20600	206.0000		467	533
20700	207.0000		455	545
20800	208.0000		429	571
20900	209.0000		438	562
21000	210.0000		468	532
21100	211.0000		450	550
21200	212.0000		453	547
21300	213.0000		442	558
21400	214.0000		448	552
21500	215.0000		445	555
21600	216.0000		448	552
21700	217.0000		452	548
21800	218.0000		448	552
21900	219.0000		445	555
22000	220.0000		457	543
22100	221.0000		440	560
22200	222.0000		454	546
22300	223.0000		459	541
22400	224.0000		488	512
22500	225.0000		451	549
22600	226.0000		468	532
22700	227.0000		477	523
22800	228.0000		436	564
22900	229.0000		402	598
23000	230.0000		391	609
23100	231.0000		431	569
23200	232.0000		439	561
23300	233.0000		462	538
23400	234.0000		453	547
23500	235.0000		455	545
23600	236.0000		459	541
23700	237.0000		478	522
23800	238.0000		462	538
23900	239.0000		460	540
24000	240.0000		493	507
24100	241.0000		474	526
24200	242.0000		465	535
24300	243.0000		439	561
24400	244.0000		468	532
24500	245.0000		472	528
24600	246.0000		472	528
24700	247.0000		470	530
24800	248.0000		478	522
24900	249.0000		437	563
25000	250.0000		450	550
25100	251.0000		410	590
25200	252.0000		419	581
25300	253.0000		425	575
25400	254.0000		487	513
25500	255.0000		470	530
25600	256.0000		466	534
25700	257.0000		471	529
25800	258.0000		465	535
25900	259.0000		479	521
26000	260.0000		451	549
26100	261.0000		461	539
26200	262.0000		437	563
26300	263.0000		464	536
26400	264.0000		473	527
26500	265.0000		474	526
26600	266.0000		509	491
26700	267.0000		490	510
26800	268.0000		461	539
26900	269.0000		444	556
27000	270.0000		447	553
27100	271.0000		425	575
27200	272.0000		469	531
27300	273.0000		441	559
27400	274.0000		455	545
27500	275.0000		468	532
27600	276.0000		437	563
27700	277.0000		496	504
27800	278.0000		467	533
27900	279.0000		479	521
28000	280.0000		489	511
28100	281.0000		526	474
28200	282.0000		484	516
28300	283.0000		479	521
28400	284.0000		470	530
28500	285.0000		477	523
28600	286.0000		473	527
28700	287.0000		475	525
28800	288.0000		472	528
28900	289.0000		467	533
29000	290.0000		429	571
29100	291.0000		485	515
29200	292.0000		456	544
29300	293.0000		463	537
29400	294.0000		463	537
29500	295.0000		453	547
29600	296.0000		451	549
29700	297.0000		427	573
29800	298.0000		431	569
29900	299.0000		457	543
30000	300.0000		454	546
30100	301.0000		460	540
30200	302.0000		468	532
30300	303.0000		475	525
30400	304.0000		499	501
30500	305.0000		488	512
30600	306.0000		480	520
30700	307.0000		516	484
30800	308.0000		491	509
30900	309.0000		471	529
31000	310.0000		491	509
31100	311.0000		460	540
31200	312.0000		433	567
31300	313.0000		484	516
31400	314.0000		463	537
31500	315.0000		471	529
31600	316.0000		445	555
31700	317.0000		483	517
31800	318.0000		460	540
31900	319.0000		423	577
32000	320.0000		452	548
32100	321.0000		467	533
32200	322.0000		461	539
32300	323.0000		466	534
32400	324.0000		468	532
32500	325.0000		439	561
32600	326.0000		448	552
32700	327.0000		431	569
32800	328.0000		447	553
32900	329.0000		457	543
33000	330.0000		489	511
33100	331.0000		460	540
33200	332.0000		507	493
33300	333.0000		467	533
33400	334.0000		453	547
33500	335.0000		462	538
33600	336.0000		471	529
33700	337.0000		445	555
33800	338.0000		466	534
33900	339.0000		473	527
34000	340.0000		447	553
34100	341.0000		444	556
34200	342.0000		429	571
34300	343.0000		467	533
34400	344.0000		467	533
34500	345.0000		501	499
34600	346.0000		514	486
34700	347.0000		498	502
34800	348.0000		476	524
34900	349.0000		458	542
35000	350.0000		492	508
35100	351.0000		496	504
35200	352.0000		457	543
35300	353.0000		469	531
35400	354.0000		459	541
35500	355.0000		470	530
35600	356.0000		463	537
35700	357.0000		451	549
35800	358.0000		466	534
35900	359.0000		421	579
36000	360.0000		423	577
36100	361.0000		475	525
36200	362.0000		469	531
36300	363.0000		465	535
36400	364.0000		435	565
36500	365.0000		474	526
36600	366.0000		440	560
36700	367.0000		466	534
36800	368.0000		470	530
36900	369.0000		468	532
37000	370.0000		450	550
37100	371.0000		452	548
37200	372.0000		449	551
37300	373.0000		443	557
37400	374.0000		483	517
37500	375.0000		482	518
37600	376.0000		459	541
37700	377.0000		472	528
37800	378.0000		446	554
37900	379.0000		487	513
38000	380.0000		442	558
38100	381.0000		445	555
38200	382.0000		455	545
38300	383.0000		472	528
38400	384.0000		489	511
38500	385.0000		451	549
38600	386.0000		435	565
38700	387.0000		441	559
38800	388.0000		474	526
38900	389.0000		436	564
39000	390.0000		445	555
39100	391.0000		444	556
39200	392.0000		434	566
39300	393.0000		470	530
39400	394.0000		437	563
39500	395.0000		447	553
39600	396.0000		431	569
39700	397.0000		439	561
39800	398.0000		447	553
39900	399.0000		493	507
40000	400.0000		502	498
40100	401.0000		489	511
40200	402.0000		489	511
40300	403.0000		485	515
40400	404.0000		483	517
40500	405.0000		451	549
40600	406.0000		493	507
40700	407.0000		450	550
40800	408.0000		449	551
40900	409.0000		470	530
41000	410.0000		460	540
41100	411.0000		440	560
41200	412.0000		465	535
41300	413.0000		490	510
41400	414.0000		457	543
41500	415.0000		461	539
41600	416.0000		449	551
41700	417.0000		464	536
41800	418.0000		451	549
41900	419.0000		432	568
42000	420.0000		412	588
42100	421.0000		483	517
42200	422.0000		435	565
42300	423.0000		427	573
42400	424.0000		455	545
42500	425.0000		481	519
42600	426.0000		496	504
42700	427.0000		493	507
42800	428.0000		494	506
42900	429.0000		518	482
43000	430.0000		476	524
43100	431.0000		493	507
43200	432.0000		467	533
43300	433.0000		473	527
43400	434.0000		482	518
43500	435.0000		465	535
43600	436.0000		472	528
43700	437.0000		482	518
43800	438.0000		506	494
43900	439.0000		484	516
44000	440.0000		483	517
44100	441.0000		464	536
44200	442.0000		487	513
44300	443.0000		475	525
44400	444.0000		472	528
44500	445.0000		488	512
44600	446.0000		437	563
44700	447.0000		484	516
44800	448.0000		444	556
44900	449.0000		460	540
45000	450.0000		423	577
45100	451.0000		469	531
45200	452.0000		452	548
45300	453.0000		476	524
45400	454.0000		465	535
45500	455.0000		433	567
45600	456.0000		473	527
45700	457.0000		454	546
45800	458.0000		440	560
45900	459.0000		433	567
46000	460.0000		468	532
46100	461.0000		480	520
46200	462.0000		510	490
46300	463.0000		465	535
46400	464.0000		473	527
46500	465.0000		476	524
46600	466.0000		505	495
46700	467.0000		491	509
46800	468.0000		499	501
46900	469.0000		473	527
47000	470.0000		477	523
47100	471.0000		452	548
47200	472.0000		489	511
47300	473.0000		477	523
47400	474.0000		480	520
47500	475.0000		516	484
47600	476.0000		501	499
47700	477.0000		475	525
47800	478.0000		456	544
47900	479.0000		462	538
48000	480.0000		451	549
48100	481.0000		471	529
48200	482.0000		457	543
48300	483.0000		487	513
48400	484.0000		474	526
48500	485.0000		459	541
48600	486.0000		475	525
48700	487.0000		496	504
48800	488.0000		480	520
48900	489.0000		456	544
49000	490.0000		458	542
49100	491.0000		515	485
49200	492.0000		496	504
49300	493.0000		470	530
49400	494.0000		460	540
49500	495.0000		453	547
49600	496.0000		469	531
49700	497.0000		457	543
49800	498.0000		487	513
49900	499.0000		453	547
50000	500.0000		457	543
50100	501.0000		483	517
50200	502.0000		429	571
50300	503.0000		437	563
50400	504.0000		502	498
50500	505.0000		500	500
50600	506.0000		474	526
50700	507.0000		474	526
50800	508.0000		465	535
50900	509.0000		430	570
51000	510.0000		465	535
51100	511.0000		478	522
51200	512.0000		468	532
51300	513.0000		413	587
51400	514.0000		452	548
51500	515.0000		469	531
51600	516.0000		454	546
51700	517.0000		481	519
51800	518.0000		453	547
51900	519.0000		474	526
52000	520.0000		457	543
52100	521.0000		450	550
52200	522.0000		449	551
52300	523.0000		452	548
52400	524.0000		466	534
52500	525.0000		454	546
52600	526.0000		459	541
52700	527.0000		483	517
52800	528.0000		490	510
52900	529.0000		496	504
53000	530.0000		504	496
53100	531.0000		475	525
53200	532.0000		479	521
53300	533.0000		486	514
53400	534.0000		445	555
53500	535.0000		434	566
53600	536.0000		467	533
53700	537.0000		444	556
53800	538.0000		460	540
53900	539.0000		470	530
54000	540.0000		469	531
54100	541.0000		455	545
54200	542.0000		456	544
54300	543.0000		482	518
54400	544.0000		462	538
54500	545.0000		460	540
54600	546.0000		476	524
54700	547.0000		474	526
54800	548.0000		478	522
54900	549.0000		452	548
55000	550.0000		461	539
55100	551.0000		452	548
55200	552.0000		461	539
55300	553.0000		465	535
55400	554.0000		429	571
55500	555.0000		424	576
55600	556.0000		450	550
55700	557.0000		437	563
55800	558.0000		455	545
55900	559.0000		495	505
56000	560.0000		476	524
56100	561.0000		491	509
56200	562.0000		493	507
56300	563.0000		456	544
56400	564.0000		487	513
56500	565.0000		480	520
56600	566.0000		458	542
56700	567.0000		493	507
56800	568.0000		470	530
56900	569.0000		426	574
57000	570.0000		431	569
57100	571.0000		462	538
57200	572.0000		465	535
57300	573.0000		455	545
57400	574.0000		464	536
57500	575.0000		476	524
57600	576.0000		476	524
57700	577.0000		463	537
57800	578.0000		461	539
57900	579.0000		467	533
58000	580.0000		437	563
58100	581.0000		454	546
58200	582.0000		423	577
58300	583.0000		448	552
58400	584.0000		463	537
58500	585.0000		488	512
58600	586.0000		470	530
58700	587.0000		485	515
58800	588.0000		458	542
58900	589.0000		440	560
59000	590.0000		428	572
59100	591.0000		440	560
59200	592.0000		462	538
59300	593.0000		466	534
59400	594.0000		485	515
59500	595.0000		472	528
59600	596.0000		461	539
59700	597.0000		457	543
59800	598.0000		464	536
59900	599.0000		475	525
60000	600.0000		454	546
60100	601.0000		432	568
60200	602.0000		471	529
60300	603.0000		474	526
60400	604.0000		473	527
60500	605.0000		475	525
60600	606.0000		458	542
60700	607.0000		445	555
60800	608.0000		434	566
60900	609.0000		471	529
61000	610.0000		478	522
61100	611.0000		491	509
61200	612.0000		495	505
61300	613.0000		487	513
61400	614.0000		473	527
61500	615.0000		480	520
61600	616.0000		440	560
61700	617.0000		456	544
61800	618.0000		462	538
61900	619.0000		459	541
62000	620.0000		436	564
62100	621.0000		451	549
62200	622.0000		476	524
62300	623.0000		474	526
62400	624.0000		454	546
62500	625.0000		474	526
62600	626.0000		450	550
62700	627.0000		472	528
62800	628.0000		500	500
62900	629.0000		468	532
63000	630.0000		480	520
63100	631.0000		476	524
63200	632.0000		453	547
63300	633.0000		410	590
63400	634.0000		435	565
63500	635.0000		443	557
63600	636.0000		485	515
63700	637.0000		479	521
63800	638.0000		503	497
63900	639.0000		490	510
64000	640.0000		465	535
64100	641.0000		483	517
64200	642.0000		463	537
64300	643.0000		474	526
64400	644.0000		476	524
64500	645.0000		496	504
64600	646.0000		440	560
64700	647.0000		473	527
64800	648.0000		475	525
64900	649.0000		471	529
65000	650.0000		431	569
65100	651.0000		434	566
65200	652.0000		454	546
65300	653.0000		473	527
65400	654.0000		487	513
65500	655.0000		470	530
65600	656.0000		460	540
65700	657.0000		478	522
65800	658.0000		506	494
65900	659.0000		501	499
66000	660.0000		459	541
66100	661.0000		457	543
66200	662.0000		442	558
66300	663.0000		474	526
66400	664.0000		438	562
66500	665.0000		475	525
66600	666.0000		475	525
66700	667.0000		443	557
66800	668.0000		454	546
66900	669.0000		431	569
67000	670.0000		416	584
67100	671.0000		412	588
67200	672.0000		448	552
67300	673.0000		435	565
67400	674.0000		477	523
67500	675.0000		494	506
67600	676.0000		441	559
67700	677.0000		485	515
67800	678.0000		482	518
67900	679.0000		452	548
68000	680.0000		469	531
68100	681.0000		480	520
68200	682.0000		475	525
68300	683.0000		452	548
68400	684.0000		457	543
68500	685.0000		475	525
68600	686.0000		453	547
68700	687.0000		478	522
68800	688.0000		438	562
68900	689.0000		448	552
69000	690.0000		466	534
69100	691.0000		441	559
69200	692.0000		480	520
69300	693.0000		515	485
69400	694.0000		466	534
69500	695.0000		442	558
69600	696.0000		438	562
69700	697.0000		458	542
69800	698.0000		485	515
69900	699.0000		441	559
70000	700.0000		434	566
70100	701.0000		466	534
70200	702.0000		443	557
70300	703.0000		441	559
70400	704.0000		477	523
70500	705.0000		448	552
70600	706.0000		484	516
70700	707.0000		460	540
70800	708.0000		438	562
70900	709.0000		456	544
71000	710.0000		460	540
71100	711.0000		485	515
71200	712.0000		467	533
71300	713.0000		468	532
71400	714.0000		451	549
71500	715.0000		470	530
71600	716.0000		444	556
71700	717.0000		452	548
71800	718.0000		413	587
71900	719.0000		437	563
72000	720.0000		446	554
72100	721.0000		466	534
72200	722.0000		455	545
72300	723.0000		456	544
72400	724.0000		471	529
72500	725.0000		412	588
72600	726.0000		497	503
72700	727.0000		443	557
72800	728.0000		428	572
72900	729.0000		445	555
73000	730.0000		434	566
73100	731.0000		464	536
73200	732.0000		439	561
73300	733.0000		469	531
73400	734.0000		477	523
73500	735.0000		499	501
73600	736.0000		459	541
73700	737.0000		487	513
73800	738.0000		502	498
73900	739.0000		483	517
74000	740.0000		468	532
74100	741.0000		481	519
74200	742.0000		477	523
74300	743.0000		454	546
74400	744.0000		498	502
74500	745.0000		485	515
74600	746.0000		499	501
74700	747.0000		464	536
74800	748.0000		440	560
74900	749.0000		462	538
75000	750.0000		459	541
75100	751.0000		457	543
75200	752.0000		489	511
75300	753.0000		457	543
75400	754.0000		447	553
75500	755.0000		466	534
75600	756.0000		456	544
75700	757.0000		447	553
75800	758.0000		470	530
75900	759.0000		460	540
76000	760.0000		467	533
76100	761.0000		444	556
76200	762.0000		474	526
76300	763.0000		470	530
76400	764.0000		454	546
76500	765.0000		464	536
76600	766.0000		463	537
76700	767.0000		461	539
76800	768.0000		470	530
76900	769.0000		463	537
77000	770.0000		453	547
77100	771.0000		464	536
77200	772.0000		466	534
77300	773.0000		454	546
77400	774.0000		435	565
77500	775.0000		418	582
77600	776.0000		455	545
77700	777.0000		463	537
77800	778.0000		471	529
77900	779.0000		449	551
78000	780.0000		445	555
78100	781.0000		445	555
78200	782.0000		455	545
78300	783.0000		474	526
78400	784.0000		455	545
78500	785.0000		418	582
78600	786.0000		427	573
78700	787.0000		444	556
78800	788.0000		471	529
78900	789.0000		485	515
79000	790.0000		484	516
79100	791.0000		477	523
79200	792.0000		451	549
79300	793.0000		490	510
79400	794.0000		490	510
79500	795.0000		468	532
79600	796.0000		483	517
79700	797.0000		453	547
79800	798.0000		475	525
79900	799.0000		475	525
80000	800.0000		473	527
80100	801.0000		466	534
80200	802.0000		464	536
80300	803.0000		500	500
80400	804.0000		479	521
80500	805.0000		478	522
80600	806.0000		478	522
80700	807.0000		451	549
80800	808.0000		431	569
80900	809.0000		420	580
81000	810.0000		449	551
81100	811.0000		450	550
81200	812.0000		399	601
81300	813.0000		427	573
81400	814.0000		433	567
81500	815.0000		434	566
81600	816.0000		439	561
81700	817.0000		421	579
81800	818.0000		470	530
81900	819.0000		468	532
82000	820.0000		437	563
82100	821.0000		438	562
82200	822.0000		456	544
82300	823.0000		456	544
82400	824.0000		423	577
82500	825.0000		489	511
82600	826.0000		517	483
82700	827.0000		506	494
82800	828.0000		475	525
82900	829.0000		457	543
83000	830.0000		472	528
83100	831.0000		468	532
83200	832.0000		472	528
83300	833.0000		512	488
83400	834.0000		512	488
83500	835.0000		487	513
83600	836.0000		472	528
83700	837.0000		464	536
83800	838.0000		442	558
83900	839.0000		432	568
84000	840.0000		451	549
84100	841.0000		460	540
84200	842.0000		461	539
84300	843.0000		481	519
84400	844.0000		489	511
84500	845.0000		449	551
84600	846.0000		455	545
84700	847.0000		434	566
84800	848.0000		447	553
84900	849.0000		440	560
85000	850.0000		469	531
85100	851.0000		452	548
85200	852.0000		439	561
85300	853.0000		466	534
85400	854.0000		456	544
85500	855.0000		451	549
85600	856.0000		474	526
85700	857.0000		448	552
85800	858.0000		457	543
85900	859.0000		456	544
86000	860.0000		499	501
86100	861.0000		450	550
86200	862.0000		444	556
86300	863.0000		436	564
86400	864.0000		434	566
86500	865.0000		427	573
86600	866.0000		448	552
86700	867.0000		473	527
86800	868.0000		445	555
86900	869.0000		465	535
87000	870.0000		458	542
87100	871.0000		485	515
87200	872.0000		477	523
87300	873.0000		469	531
87400	874.0000		473	527
87500	875.0000		480	520
87600	876.0000		460	540
87700	877.0000		475	525
87800	878.0000		447	553
87900	879.0000		474	526
88000	880.0000		478	522
88100	881.0000		470	530
88200	882.0000		430	570
88300	883.0000		448	552
88400	884.0000		459	541
88500	885.0000		500	500
88600	886.0000		451	549
88700	887.0000		481	519
88800	888.0000		479	521
88900	889.0000		466	534
89000	890.0000		488	512
89100	891.0000		439	561
89200	892.0000		481	519
89300	893.0000		468	532
89400	894.0000		453	547
89500	895.0000		463	537
89600	896.0000		460	540
89700	897.0000		442	558
89800	898.0000		452	548
89900	899.0000		443	557
90000	900.0000		475	525
90100	901.0000		457	543
90200	902.0000		429	571
90300	903.0000		441	559
90400	904.0000		468	532
90500	905.0000		467	533
90600	906.0000		439	561
90700	907.0000		457	543
90800	908.0000		449	551
90900	909.0000		474	526
91000	910.0000		423	577
91100	911.0000		429	571
91200	912.0000		457	543
91300	913.0000		447	553
91400	914.0000		461	539
91500	915.0000		419	581
91600	916.0000		440	560
91700	917.0000		466	534
91800	918.0000		478	522
91900	919.0000		471	529
92000	920.0000		453	547
92100	921.0000		446	554
92200	922.0000		463	537
92300	923.0000		484	516
92400	924.0000		529	471
92500	925.0000		476	524
92600	926.0000		470	530
92700	927.0000		494	506
92800	928.0000		505	495
92900	929.0000		476	524
93000	930.0000		466	534
93100	931.0000		454	546
93200	932.0000		467	533
93300	933.0000		499	501
93400	934.0000		477	523
93500	935.0000		479	521
93600	936.0000		511	489
93700	937.0000		488	512
93800	938.0000		470	530
93900	939.0000		493	507
94000	940.0000		474	526
94100	941.0000		489	511
94200	942.0000		473	527
94300	943.0000		477	523
94400	944.0000		456	544
94500	945.0000		461	539
94600	946.0000		463	537
94700	947.0000		491	509
94800	948.0000		474	526
94900	949.0000		504	496
95000	950.0000		485	515
95100	951.0000		480	520
95200	952.0000		477	523
95300	953.0000		485	515
95400	954.0000		432	568
95500	955.0000		445	555
95600	956.0000		493	507
95700	957.0000		491	509
95800	958.0000		442	558
95900	959.0000		411	589
96000	960.0000		447	553
96100	961.0000		463	537
96200	962.0000		461	539
96300	963.0000		494	506
96400	964.0000		483	517
96500	965.0000		451	549
96600	966.0000		441	559
96700	967.0000		423	577
96800	968.0000		443	557
96900	969.0000		437	563
97000	970.0000		474	526
97100	971.0000		502	498
97200	972.0000		476	524
97300	973.0000		463	537
97400	974.0000		478	522
97500	975.0000		487	513
97600	976.0000		457	543
97700	977.0000		450	550
97800	978.0000		478	522
97900	979.0000		507	493
98000	980.0000		434	566
98100	981.0000		448	552
98200	982.0000		455	545
98300	983.0000		480	520
98400	984.0000		453	547
98500	985.0000		469	531
98600	986.0000		502	498
98700	987.0000		452	548
98800	988.0000		469	531
98900	989.0000		447	553
99000	990.0000		414	586
99100	991.0000		447	553
99200	992.0000		448	552
99300	993.0000		447	553
99400	994.0000		410	590
99500	995.0000		443	557
99600	996.0000		459	541
99700	997.0000		486	514
99800	998.0000		448	552
99900	999.0000		428	572
100000	1000.0000		438	562
# Simulation completed.
