# Creating system...
# System created with N=1000 particles

# Initial state:
# Susceptibles: 999, Infected: 1

# Starting simulation...
# Step	Time		S	I
0	0.0000		999	1
100	1.0000		996	4
200	2.0000		994	6
300	3.0000		993	7
400	4.0000		991	9
500	5.0000		982	18
600	6.0000		962	38
700	7.0000		956	44
800	8.0000		942	58
900	9.0000		919	81
1000	10.0000		901	99
1100	11.0000		880	120
1200	12.0000		872	128
1300	13.0000		838	162
1400	14.0000		809	191
1500	15.0000		772	228
1600	16.0000		776	224
1700	17.0000		737	263
1800	18.0000		716	284
1900	19.0000		671	329
2000	20.0000		645	355
2100	21.0000		625	375
2200	22.0000		623	377
2300	23.0000		600	400
2400	24.0000		554	446
2500	25.0000		569	431
2600	26.0000		523	477
2700	27.0000		482	518
2800	28.0000		505	495
2900	29.0000		513	487
3000	30.0000		496	504
3100	31.0000		492	508
3200	32.0000		469	531
3300	33.0000		469	531
3400	34.0000		482	518
3500	35.0000		474	526
3600	36.0000		485	515
3700	37.0000		478	522
3800	38.0000		498	502
3900	39.0000		490	510
4000	40.0000		486	514
4100	41.0000		502	498
4200	42.0000		485	515
4300	43.0000		484	516
4400	44.0000		475	525
4500	45.0000		496	504
4600	46.0000		496	504
4700	47.0000		473	527
4800	48.0000		498	502
4900	49.0000		502	498
5000	50.0000		509	491
5100	51.0000		463	537
5200	52.0000		464	536
5300	53.0000		475	525
5400	54.0000		415	585
5500	55.0000		450	550
5600	56.0000		457	543
5700	57.0000		473	527
5800	58.0000		480	520
5900	59.0000		467	533
6000	60.0000		487	513
6100	61.0000		500	500
6200	62.0000		464	536
6300	63.0000		473	527
6400	64.0000		475	525
6500	65.0000		470	530
6600	66.0000		467	533
6700	67.0000		484	516
6800	68.0000		525	475
6900	69.0000		513	487
7000	70.0000		451	549
7100	71.0000		498	502
7200	72.0000		510	490
7300	73.0000		486	514
7400	74.0000		469	531
7500	75.0000		449	551
7600	76.0000		473	527
7700	77.0000		475	525
7800	78.0000		447	553
7900	79.0000		441	559
8000	80.0000		458	542
8100	81.0000		443	557
8200	82.0000		438	562
8300	83.0000		460	540
8400	84.0000		438	562
8500	85.0000		440	560
8600	86.0000		447	553
8700	87.0000		461	539
8800	88.0000		462	538
8900	89.0000		480	520
9000	90.0000		494	506
9100	91.0000		508	492
9200	92.0000		492	508
9300	93.0000		501	499
9400	94.0000		502	498
9500	95.0000		472	528
9600	96.0000		466	534
9700	97.0000		466	534
9800	98.0000		494	506
9900	99.0000		455	545
10000	100.0000		418	582
10100	101.0000		449	551
10200	102.0000		461	539
10300	103.0000		456	544
10400	104.0000		462	538
10500	105.0000		477	523
10600	106.0000		448	552
10700	107.0000		450	550
10800	108.0000		445	555
10900	109.0000		440	560
11000	110.0000		460	540
11100	111.0000		472	528
11200	112.0000		463	537
11300	113.0000		476	524
11400	114.0000		461	539
11500	115.0000		462	538
11600	116.0000		520	480
11700	117.0000		482	518
11800	118.0000		444	556
11900	119.0000		504	496
12000	120.0000		499	501
12100	121.0000		489	511
12200	122.0000		480	520
12300	123.0000		473	527
12400	124.0000		474	526
12500	125.0000		478	522
12600	126.0000		452	548
12700	127.0000		441	559
12800	128.0000		460	540
12900	129.0000		444	556
13000	130.0000		435	565
13100	131.0000		459	541
13200	132.0000		470	530
13300	133.0000		492	508
13400	134.0000		481	519
13500	135.0000		424	576
13600	136.0000		458	542
13700	137.0000		476	524
13800	138.0000		473	527
13900	139.0000		443	557
14000	140.0000		452	548
14100	141.0000		462	538
14200	142.0000		455	545
14300	143.0000		454	546
14400	144.0000		458	542
14500	145.0000		476	524
14600	146.0000		458	542
14700	147.0000		489	511
14800	148.0000		498	502
14900	149.0000		496	504
15000	150.0000		506	494
15100	151.0000		487	513
15200	152.0000		458	542
15300	153.0000		456	544
15400	154.0000		448	552
15500	155.0000		452	548
15600	156.0000		470	530
15700	157.0000		476	524
15800	158.0000		478	522
15900	159.0000		461	539
16000	160.0000		457	543
16100	161.0000		467	533
16200	162.0000		486	514
16300	163.0000		487	513
16400	164.0000		480	520
16500	165.0000		452	548
16600	166.0000		468	532
16700	167.0000		491	509
16800	168.0000		459	541
16900	169.0000		449	551
17000	170.0000		444	556
17100	171.0000		448	552
17200	172.0000		513	487
17300	173.0000		466	534
17400	174.0000		438	562
17500	175.0000		445	555
17600	176.0000		476	524
17700	177.0000		455	545
17800	178.0000		470	530
17900	179.0000		439	561
18000	180.0000		490	510
18100	181.0000		483	517
18200	182.0000		473	527
18300	183.0000		474	526
18400	184.0000		490	510
18500	185.0000		488	512
18600	186.0000		479	521
18700	187.0000		475	525
18800	188.0000		477	523
18900	189.0000		466	534
19000	190.0000		481	519
19100	191.0000		467	533
19200	192.0000		479	521
19300	193.0000		456	544
19400	194.0000		466	534
19500	195.0000		475	525
19600	196.0000		468	532
19700	197.0000		487	513
19800	198.0000		476	524
19900	199.0000		494	506
20000	200.0000		511	489
20100	201.0000		471	529
20200	202.0000		429	571
20300	203.0000		429	571
20400	204.0000		463	537
20500	205.0000		446	554
20600	206.0000		404	596
20700	207.0000		426	574
20800	208.0000		418	582
20900	209.0000		465	535
21000	210.0000		505	495
21100	211.0000		528	472
21200	212.0000		523	477
21300	213.0000		474	526
21400	214.0000		462	538
21500	215.0000		471	529
21600	216.0000		458	542
21700	217.0000		430	570
21800	218.0000		459	541
21900	219.0000		464	536
22000	220.0000		459	541
22100	221.0000		482	518
22200	222.0000		449	551
22300	223.0000		488	512
22400	224.0000		470	530
22500	225.0000		456	544
22600	226.0000		461	539
22700	227.0000		437	563
22800	228.0000		433	567
22900	229.0000		435	565
23000	230.0000		465	535
23100	231.0000		481	519
23200	232.0000		512	488
23300	233.0000		447	553
23400	234.0000		493	507
23500	235.0000		492	508
23600	236.0000		467	533
23700	237.0000		491	509
23800	238.0000		515	485
23900	239.0000		496	504
24000	240.0000		484	516
24100	241.0000		470	530
24200	242.0000		485	515
24300	243.0000		486	514
24400	244.0000		453	547
24500	245.0000		415	585
24600	246.0000		459	541
24700	247.0000		460	540
24800	248.0000		476	524
24900	249.0000		470	530
25000	250.0000		465	535
25100	251.0000		491	509
25200	252.0000		476	524
25300	253.0000		458	542
25400	254.0000		433	567
25500	255.0000		489	511
25600	256.0000		481	519
25700	257.0000		471	529
25800	258.0000		466	534
25900	259.0000		478	522
26000	260.0000		452	548
26100	261.0000		468	532
26200	262.0000		495	505
26300	263.0000		462	538
26400	264.0000		443	557
26500	265.0000		471	529
26600	266.0000		480	520
26700	267.0000		477	523
26800	268.0000		461	539
26900	269.0000		476	524
27000	270.0000		446	554
27100	271.0000		481	519
27200	272.0000		480	520
27300	273.0000		480	520
27400	274.0000		453	547
27500	275.0000		442	558
27600	276.0000		449	551
27700	277.0000		446	554
27800	278.0000		482	518
27900	279.0000		473	527
28000	280.0000		448	552
28100	281.0000		466	534
28200	282.0000		458	542
28300	283.0000		441	559
28400	284.0000		477	523
28500	285.0000		482	518
28600	286.0000		470	530
28700	287.0000		458	542
28800	288.0000		454	546
28900	289.0000		448	552
29000	290.0000		468	532
29100	291.0000		493	507
29200	292.0000		508	492
29300	293.0000		517	483
29400	294.0000		498	502
29500	295.0000		491	509
29600	296.0000		473	527
29700	297.0000		435	565
29800	298.0000		455	545
29900	299.0000		441	559
30000	300.0000		454	546
30100	301.0000		457	543
30200	302.0000		483	517
30300	303.0000		501	499
30400	304.0000		488	512
30500	305.0000		486	514
30600	306.0000		465	535
30700	307.0000		475	525
30800	308.0000		461	539
30900	309.0000		483	517
31000	310.0000		502	498
31100	311.0000		488	512
31200	312.0000		477	523
31300	313.0000		494	506
31400	314.0000		464	536
31500	315.0000		450	550
31600	316.0000		471	529
31700	317.0000		471	529
31800	318.0000		494	506
31900	319.0000		472	528
32000	320.0000		480	520
32100	321.0000		477	523
32200	322.0000		497	503
32300	323.0000		461	539
32400	324.0000		458	542
32500	325.0000		481	519
32600	326.0000		483	517
32700	327.0000		442	558
32800	328.0000		478	522
32900	329.0000		470	530
33000	330.0000		484	516
33100	331.0000		476	524
33200	332.0000		498	502
33300	333.0000		493	507
33400	334.0000		507	493
33500	335.0000		478	522
33600	336.0000		493	507
33700	337.0000		474	526
33800	338.0000		483	517
33900	339.0000		461	539
34000	340.0000		467	533
34100	341.0000		462	538
34200	342.0000		448	552
34300	343.0000		472	528
34400	344.0000		484	516
34500	345.0000		446	554
34600	346.0000		459	541
34700	347.0000		482	518
34800	348.0000		462	538
34900	349.0000		483	517
35000	350.0000		445	555
35100	351.0000		454	546
35200	352.0000		474	526
35300	353.0000		499	501
35400	354.0000		484	516
35500	355.0000		480	520
35600	356.0000		483	517
35700	357.0000		462	538
35800	358.0000		439	561
35900	359.0000		451	549
36000	360.0000		424	576
36100	361.0000		449	551
36200	362.0000		452	548
36300	363.0000		469	531
36400	364.0000		490	510
36500	365.0000		458	542
36600	366.0000		452	548
36700	367.0000		499	501
36800	368.0000		464	536
36900	369.0000		454	546
37000	370.0000		495	505
37100	371.0000		491	509
37200	372.0000		480	520
37300	373.0000		490	510
37400	374.0000		474	526
37500	375.0000		475	525
37600	376.0000		490	510
37700	377.0000		456	544
37800	378.0000		454	546
37900	379.0000		473	527
38000	380.0000		471	529
38100	381.0000		521	479
38200	382.0000		483	517
38300	383.0000		464	536
38400	384.0000		480	520
38500	385.0000		508	492
38600	386.0000		519	481
38700	387.0000		467	533
38800	388.0000		484	516
38900	389.0000		495	505
39000	390.0000		478	522
39100	391.0000		457	543
39200	392.0000		479	521
39300	393.0000		474	526
39400	394.0000		491	509
39500	395.0000		475	525
39600	396.0000		490	510
39700	397.0000		478	522
39800	398.0000		474	526
39900	399.0000		503	497
40000	400.0000		507	493
40100	401.0000		491	509
40200	402.0000		490	510
40300	403.0000		470	530
40400	404.0000		482	518
40500	405.0000		459	541
40600	406.0000		436	564
40700	407.0000		530	470
40800	408.0000		528	472
40900	409.0000		481	519
41000	410.0000		430	570
41100	411.0000		475	525
41200	412.0000		440	560
41300	413.0000		467	533
41400	414.0000		454	546
41500	415.0000		460	540
41600	416.0000		477	523
41700	417.0000		429	571
41800	418.0000		429	571
41900	419.0000		492	508
42000	420.0000		469	531
42100	421.0000		488	512
42200	422.0000		481	519
42300	423.0000		459	541
42400	424.0000		468	532
42500	425.0000		499	501
42600	426.0000		491	509
42700	427.0000		490	510
42800	428.0000		470	530
42900	429.0000		501	499
43000	430.0000		509	491
43100	431.0000		520	480
43200	432.0000		465	535
43300	433.0000		476	524
43400	434.0000		449	551
43500	435.0000		475	525
43600	436.0000		474	526
43700	437.0000		493	507
43800	438.0000		477	523
43900	439.0000		475	525
44000	440.0000		455	545
44100	441.0000		481	519
44200	442.0000		481	519
44300	443.0000		504	496
44400	444.0000		451	549
44500	445.0000		474	526
44600	446.0000		467	533
44700	447.0000		463	537
44800	448.0000		486	514
44900	449.0000		461	539
45000	450.0000		465	535
45100	451.0000		449	551
45200	452.0000		473	527
45300	453.0000		472	528
45400	454.0000		490	510
45500	455.0000		463	537
45600	456.0000		441	559
45700	457.0000		463	537
45800	458.0000		476	524
45900	459.0000		451	549
46000	460.0000		473	527
46100	461.0000		487	513
46200	462.0000		465	535
46300	463.0000		489	511
46400	464.0000		491	509
46500	465.0000		468	532
46600	466.0000		475	525
46700	467.0000		442	558
46800	468.0000		461	539
46900	469.0000		460	540
47000	470.0000		457	543
47100	471.0000		475	525
47200	472.0000		450	550
47300	473.0000		494	506
47400	474.0000		466	534
47500	475.0000		463	537
47600	476.0000		466	534
47700	477.0000		456	544
47800	478.0000		437	563
47900	479.0000		475	525
48000	480.0000		459	541
48100	481.0000		437	563
48200	482.0000		447	553
48300	483.0000		455	545
48400	484.0000		472	528
48500	485.0000		425	575
48600	486.0000		442	558
48700	487.0000		471	529
48800	488.0000		458	542
48900	489.0000		469	531
49000	490.0000		447	553
49100	491.0000		432	568
49200	492.0000		461	539
49300	493.0000		511	489
49400	494.0000		484	516
49500	495.0000		462	538
49600	496.0000		487	513
49700	497.0000		479	521
49800	498.0000		490	510
49900	499.0000		479	521
50000	500.0000		457	543
50100	501.0000		428	572
50200	502.0000		440	560
50300	503.0000		432	568
50400	504.0000		455	545
50500	505.0000		474	526
50600	506.0000		462	538
50700	507.0000		467	533
50800	508.0000		476	524
50900	509.0000		472	528
51000	510.0000		446	554
51100	511.0000		442	558
51200	512.0000		481	519
51300	513.0000		501	499
51400	514.0000		476	524
51500	515.0000		471	529
51600	516.0000		463	537
51700	517.0000		469	531
51800	518.0000		482	518
51900	519.0000		490	510
52000	520.0000		460	540
52100	521.0000		500	500
52200	522.0000		479	521
52300	523.0000		495	505
52400	524.0000		488	512
52500	525.0000		479	521
52600	526.0000		485	515
52700	527.0000		506	494
52800	528.0000		483	517
52900	529.0000		457	543
53000	530.0000		455	545
53100	531.0000		452	548
53200	532.0000		421	579
53300	533.0000		431	569
53400	534.0000		444	556
53500	535.0000		475	525
53600	536.0000		471	529
53700	537.0000		494	506
53800	538.0000		483	517
53900	539.0000		476	524
54000	540.0000		444	556
54100	541.0000		463	537
54200	542.0000		466	534
54300	543.0000		511	489
54400	544.0000		470	530
54500	545.0000		488	512
54600	546.0000		474	526
54700	547.0000		469	531
54800	548.0000		499	501
54900	549.0000		490	510
55000	550.0000		476	524
55100	551.0000		444	556
55200	552.0000		475	525
55300	553.0000		475	525
55400	554.0000		496	504
55500	555.0000		463	537
55600	556.0000		503	497
55700	557.0000		503	497
55800	558.0000		522	478
55900	559.0000		499	501
56000	560.0000		479	521
56100	561.0000		498	502
56200	562.0000		474	526
56300	563.0000		463	537
56400	564.0000		494	506
56500	565.0000		491	509
56600	566.0000		493	507
56700	567.0000		458	542
56800	568.0000		443	557
56900	569.0000		445	555
57000	570.0000		455	545
57100	571.0000		486	514
57200	572.0000		472	528
57300	573.0000		434	566
57400	574.0000		424	576
57500	575.0000		443	557
57600	576.0000		458	542
57700	577.0000		460	540
57800	578.0000		452	548
57900	579.0000		470	530
58000	580.0000		453	547
58100	581.0000		469	531
58200	582.0000		456	544
58300	583.0000		494	506
58400	584.0000		484	516
58500	585.0000		468	532
58600	586.0000		472	528
58700	587.0000		450	550
58800	588.0000		485	515
58900	589.0000		471	529
59000	590.0000		478	522
59100	591.0000		443	557
59200	592.0000		475	525
59300	593.0000		504	496
59400	594.0000		507	493
59500	595.0000		472	528
59600	596.0000		496	504
59700	597.0000		490	510
59800	598.0000		482	518
59900	599.0000		468	532
60000	600.0000		469	531
60100	601.0000		457	543
60200	602.0000		472	528
60300	603.0000		457	543
60400	604.0000		456	544
60500	605.0000		489	511
60600	606.0000		455	545
60700	607.0000		499	501
60800	608.0000		483	517
60900	609.0000		452	548
61000	610.0000		513	487
61100	611.0000		512	488
61200	612.0000		480	520
61300	613.0000		455	545
61400	614.0000		447	553
61500	615.0000		430	570
61600	616.0000		455	545
61700	617.0000		488	512
61800	618.0000		498	502
61900	619.0000		476	524
62000	620.0000		490	510
62100	621.0000		475	525
62200	622.0000		474	526
62300	623.0000		466	534
62400	624.0000		446	554
62500	625.0000		459	541
62600	626.0000		458	542
62700	627.0000		461	539
62800	628.0000		505	495
62900	629.0000		475	525
63000	630.0000		498	502
63100	631.0000		535	465
63200	632.0000		558	442
63300	633.0000		484	516
63400	634.0000		507	493
63500	635.0000		524	476
63600	636.0000		469	531
63700	637.0000		476	524
63800	638.0000		468	532
63900	639.0000		473	527
64000	640.0000		482	518
64100	641.0000		486	514
64200	642.0000		470	530
64300	643.0000		456	544
64400	644.0000		511	489
64500	645.0000		454	546
64600	646.0000		479	521
64700	647.0000		480	520
64800	648.0000		477	523
64900	649.0000		485	515
65000	650.0000		485	515
65100	651.0000		465	535
65200	652.0000		450	550
65300	653.0000		473	527
65400	654.0000		491	509
65500	655.0000		495	505
65600	656.0000		461	539
65700	657.0000		462	538
65800	658.0000		462	538
65900	659.0000		472	528
66000	660.0000		441	559
66100	661.0000		445	555
66200	662.0000		453	547
66300	663.0000		444	556
66400	664.0000		454	546
66500	665.0000		479	521
66600	666.0000		476	524
66700	667.0000		496	504
66800	668.0000		532	468
66900	669.0000		497	503
67000	670.0000		474	526
67100	671.0000		477	523
67200	672.0000		494	506
67300	673.0000		483	517
67400	674.0000		446	554
67500	675.0000		482	518
67600	676.0000		460	540
67700	677.0000		460	540
67800	678.0000		471	529
67900	679.0000		483	517
68000	680.0000		460	540
68100	681.0000		474	526
68200	682.0000		442	558
68300	683.0000		469	531
68400	684.0000		456	544
68500	685.0000		472	528
68600	686.0000		435	565
68700	687.0000		454	546
68800	688.0000		421	579
68900	689.0000		476	524
69000	690.0000		483	517
69100	691.0000		461	539
69200	692.0000		467	533
69300	693.0000		470	530
69400	694.0000		523	477
69500	695.0000		511	489
69600	696.0000		482	518
69700	697.0000		498	502
69800	698.0000		480	520
69900	699.0000		439	561
70000	700.0000		420	580
70100	701.0000		459	541
70200	702.0000		441	559
70300	703.0000		422	578
70400	704.0000		471	529
70500	705.0000		469	531
70600	706.0000		485	515
70700	707.0000		481	519
70800	708.0000		491	509
70900	709.0000		471	529
71000	710.0000		469	531
71100	711.0000		448	552
71200	712.0000		467	533
71300	713.0000		494	506
71400	714.0000		500	500
71500	715.0000		455	545
71600	716.0000		458	542
71700	717.0000		451	549
71800	718.0000		496	504
71900	719.0000		471	529
72000	720.0000		509	491
72100	721.0000		482	518
72200	722.0000		476	524
72300	723.0000		456	544
72400	724.0000		456	544
72500	725.0000		443	557
72600	726.0000		447	553
72700	727.0000		437	563
72800	728.0000		442	558
72900	729.0000		436	564
73000	730.0000		447	553
73100	731.0000		469	531
73200	732.0000		459	541
73300	733.0000		469	531
73400	734.0000		451	549
73500	735.0000		460	540
73600	736.0000		464	536
73700	737.0000		502	498
73800	738.0000		521	479
73900	739.0000		477	523
74000	740.0000		453	547
74100	741.0000		482	518
74200	742.0000		481	519
74300	743.0000		479	521
74400	744.0000		450	550
74500	745.0000		509	491
74600	746.0000		499	501
74700	747.0000		489	511
74800	748.0000		455	545
74900	749.0000		449	551
75000	750.0000		447	553
75100	751.0000		432	568
75200	752.0000		421	579
75300	753.0000		457	543
75400	754.0000		465	535
75500	755.0000		441	559
75600	756.0000		458	542
75700	757.0000		454	546
75800	758.0000		431	569
75900	759.0000		509	491
76000	760.0000		497	503
76100	761.0000		486	514
76200	762.0000		459	541
76300	763.0000		505	495
76400	764.0000		488	512
76500	765.0000		478	522
76600	766.0000		468	532
76700	767.0000		480	520
76800	768.0000		433	567
76900	769.0000		442	558
77000	770.0000		462	538
77100	771.0000		441	559
77200	772.0000		453	547
77300	773.0000		437	563
77400	774.0000		442	558
77500	775.0000		448	552
77600	776.0000		449	551
77700	777.0000		452	548
77800	778.0000		476	524
77900	779.0000		491	509
78000	780.0000		431	569
78100	781.0000		450	550
78200	782.0000		441	559
78300	783.0000		458	542
78400	784.0000		457	543
78500	785.0000		432	568
78600	786.0000		416	584
78700	787.0000		447	553
78800	788.0000		484	516
78900	789.0000		478	522
79000	790.0000		484	516
79100	791.0000		511	489
79200	792.0000		493	507
79300	793.0000		473	527
79400	794.0000		474	526
79500	795.0000		428	572
79600	796.0000		441	559
79700	797.0000		429	571
79800	798.0000		444	556
79900	799.0000		443	557
80000	800.0000		472	528
80100	801.0000		440	560
80200	802.0000		458	542
80300	803.0000		438	562
80400	804.0000		410	590
80500	805.0000		449	551
80600	806.0000		442	558
80700	807.0000		420	580
80800	808.0000		475	525
80900	809.0000		483	517
81000	810.0000		458	542
81100	811.0000		427	573
81200	812.0000		432	568
81300	813.0000		450	550
81400	814.0000		435	565
81500	815.0000		405	595
81600	816.0000		447	553
81700	817.0000		479	521
81800	818.0000		499	501
81900	819.0000		454	546
82000	820.0000		454	546
82100	821.0000		450	550
82200	822.0000		464	536
82300	823.0000		459	541
82400	824.0000		462	538
82500	825.0000		475	525
82600	826.0000		485	515
82700	827.0000		485	515
82800	828.0000		486	514
82900	829.0000		464	536
83000	830.0000		469	531
83100	831.0000		475	525
83200	832.0000		452	548
83300	833.0000		453	547
83400	834.0000		477	523
83500	835.0000		470	530
83600	836.0000		468	532
83700	837.0000		482	518
83800	838.0000		448	552
83900	839.0000		487	513
84000	840.0000		446	554
84100	841.0000		454	546
84200	842.0000		465	535
84300	843.0000		505	495
84400	844.0000		456	544
84500	845.0000		464	536
84600	846.0000		460	540
84700	847.0000		458	542
84800	848.0000		466	534
84900	849.0000		474	526
85000	850.0000		484	516
85100	851.0000		510	490
85200	852.0000		504	496
85300	853.0000		491	509
85400	854.0000		474	526
85500	855.0000		506	494
85600	856.0000		478	522
85700	857.0000		424	576
85800	858.0000		458	542
85900	859.0000		488	512
86000	860.0000		491	509
86100	861.0000		497	503
86200	862.0000		476	524
86300	863.0000		471	529
86400	864.0000		504	496
86500	865.0000		466	534
86600	866.0000		481	519
86700	867.0000		468	532
86800	868.0000		487	513
86900	869.0000		514	486
87000	870.0000		492	508
87100	871.0000		448	552
87200	872.0000		490	510
87300	873.0000		483	517
87400	874.0000		465	535
87500	875.0000		467	533
87600	876.0000		478	522
87700	877.0000		467	533
87800	878.0000		464	536
87900	879.0000		446	554
88000	880.0000		494	506
88100	881.0000		493	507
88200	882.0000		460	540
88300	883.0000		477	523
88400	884.0000		462	538
88500	885.0000		480	520
88600	886.0000		440	560
88700	887.0000		459	541
88800	888.0000		473	527
88900	889.0000		491	509
89000	890.0000		466	534
89100	891.0000		471	529
89200	892.0000		476	524
89300	893.0000		503	497
89400	894.0000		487	513
89500	895.0000		474	526
89600	896.0000		468	532
89700	897.0000		487	513
89800	898.0000		457	543
89900	899.0000		479	521
90000	900.0000		486	514
90100	901.0000		452	548
90200	902.0000		504	496
90300	903.0000		478	522
90400	904.0000		483	517
90500	905.0000		489	511
90600	906.0000		472	528
90700	907.0000		481	519
90800	908.0000		506	494
90900	909.0000		508	492
91000	910.0000		507	493
91100	911.0000		510	490
91200	912.0000		469	531
91300	913.0000		476	524
91400	914.0000		496	504
91500	915.0000		480	520
91600	916.0000		493	507
91700	917.0000		453	547
91800	918.0000		441	559
91900	919.0000		480	520
92000	920.0000		492	508
92100	921.0000		471	529
92200	922.0000		474	526
92300	923.0000		474	526
92400	924.0000		450	550
92500	925.0000		473	527
92600	926.0000		463	537
92700	927.0000		453	547
92800	928.0000		493	507
92900	929.0000		513	487
93000	930.0000		515	485
93100	931.0000		497	503
93200	932.0000		521	479
93300	933.0000		496	504
93400	934.0000		447	553
93500	935.0000		486	514
93600	936.0000		478	522
93700	937.0000		457	543
93800	938.0000		470	530
93900	939.0000		454	546
94000	940.0000		454	546
94100	941.0000		490	510
94200	942.0000		482	518
94300	943.0000		470	530
94400	944.0000		466	534
94500	945.0000		460	540
94600	946.0000		475	525
94700	947.0000		449	551
94800	948.0000		455	545
94900	949.0000		426	574
95000	950.0000		449	551
95100	951.0000		421	579
95200	952.0000		441	559
95300	953.0000		435	565
95400	954.0000		458	542
95500	955.0000		491	509
95600	956.0000		448	552
95700	957.0000		480	520
95800	958.0000		481	519
95900	959.0000		491	509
96000	960.0000		436	564
96100	961.0000		458	542
96200	962.0000		475	525
96300	963.0000		441	559
96400	964.0000		443	557
96500	965.0000		447	553
96600	966.0000		455	545
96700	967.0000		458	542
96800	968.0000		459	541
96900	969.0000		468	532
97000	970.0000		504	496
97100	971.0000		517	483
97200	972.0000		459	541
97300	973.0000		491	509
97400	974.0000		448	552
97500	975.0000		498	502
97600	976.0000		462	538
97700	977.0000		488	512
97800	978.0000		484	516
97900	979.0000		448	552
98000	980.0000		451	549
98100	981.0000		456	544
98200	982.0000		442	558
98300	983.0000		485	515
98400	984.0000		475	525
98500	985.0000		480	520
98600	986.0000		502	498
98700	987.0000		463	537
98800	988.0000		440	560
98900	989.0000		449	551
99000	990.0000		498	502
99100	991.0000		446	554
99200	992.0000		492	508
99300	993.0000		482	518
99400	994.0000		492	508
99500	995.0000		475	525
99600	996.0000		472	528
99700	997.0000		440	560
99800	998.0000		448	552
99900	999.0000		469	531
100000	1000.0000		510	490
# Simulation completed.
