# Creating system...
# System created with N=1000 particles

# Initial state:
# Susceptibles: 999, Infected: 1

# Starting simulation...
# Step	Time		S	I
0	0.0000		999	1
100	1.0000		998	2
200	2.0000		990	10
300	3.0000		978	22
400	4.0000		982	18
500	5.0000		972	28
600	6.0000		967	33
700	7.0000		947	53
800	8.0000		930	70
900	9.0000		929	71
1000	10.0000		922	78
1100	11.0000		900	100
1200	12.0000		883	117
1300	13.0000		883	117
1400	14.0000		866	134
1500	15.0000		836	164
1600	16.0000		813	187
1700	17.0000		778	222
1800	18.0000		738	262
1900	19.0000		717	283
2000	20.0000		665	335
2100	21.0000		645	355
2200	22.0000		602	398
2300	23.0000		560	440
2400	24.0000		540	460
2500	25.0000		563	437
2600	26.0000		536	464
2700	27.0000		489	511
2800	28.0000		459	541
2900	29.0000		450	550
3000	30.0000		472	528
3100	31.0000		488	512
3200	32.0000		433	567
3300	33.0000		437	563
3400	34.0000		442	558
3500	35.0000		446	554
3600	36.0000		455	545
3700	37.0000		465	535
3800	38.0000		454	546
3900	39.0000		443	557
4000	40.0000		463	537
4100	41.0000		498	502
4200	42.0000		473	527
4300	43.0000		446	554
4400	44.0000		469	531
4500	45.0000		483	517
4600	46.0000		480	520
4700	47.0000		473	527
4800	48.0000		449	551
4900	49.0000		495	505
5000	50.0000		461	539
5100	51.0000		423	577
5200	52.0000		432	568
5300	53.0000		415	585
5400	54.0000		427	573
5500	55.0000		425	575
5600	56.0000		485	515
5700	57.0000		488	512
5800	58.0000		489	511
5900	59.0000		486	514
6000	60.0000		474	526
6100	61.0000		468	532
6200	62.0000		431	569
6300	63.0000		465	535
6400	64.0000		482	518
6500	65.0000		471	529
6600	66.0000		494	506
6700	67.0000		466	534
6800	68.0000		477	523
6900	69.0000		487	513
7000	70.0000		479	521
7100	71.0000		455	545
7200	72.0000		436	564
7300	73.0000		435	565
7400	74.0000		444	556
7500	75.0000		473	527
7600	76.0000		436	564
7700	77.0000		442	558
7800	78.0000		416	584
7900	79.0000		461	539
8000	80.0000		457	543
8100	81.0000		444	556
8200	82.0000		463	537
8300	83.0000		504	496
8400	84.0000		446	554
8500	85.0000		455	545
8600	86.0000		470	530
8700	87.0000		477	523
8800	88.0000		484	516
8900	89.0000		472	528
9000	90.0000		457	543
9100	91.0000		480	520
9200	92.0000		442	558
9300	93.0000		486	514
9400	94.0000		469	531
9500	95.0000		453	547
9600	96.0000		438	562
9700	97.0000		428	572
9800	98.0000		447	553
9900	99.0000		459	541
10000	100.0000		456	544
10100	101.0000		449	551
10200	102.0000		441	559
10300	103.0000		463	537
10400	104.0000		446	554
10500	105.0000		429	571
10600	106.0000		411	589
10700	107.0000		465	535
10800	108.0000		484	516
10900	109.0000		414	586
11000	110.0000		453	547
11100	111.0000		455	545
11200	112.0000		470	530
11300	113.0000		445	555
11400	114.0000		457	543
11500	115.0000		484	516
11600	116.0000		466	534
11700	117.0000		496	504
11800	118.0000		473	527
11900	119.0000		483	517
12000	120.0000		492	508
12100	121.0000		433	567
12200	122.0000		447	553
12300	123.0000		471	529
12400	124.0000		448	552
12500	125.0000		445	555
12600	126.0000		455	545
12700	127.0000		447	553
12800	128.0000		473	527
12900	129.0000		439	561
13000	130.0000		461	539
13100	131.0000		455	545
13200	132.0000		452	548
13300	133.0000		460	540
13400	134.0000		484	516
13500	135.0000		484	516
13600	136.0000		464	536
13700	137.0000		441	559
13800	138.0000		437	563
13900	139.0000		453	547
14000	140.0000		453	547
14100	141.0000		484	516
14200	142.0000		480	520
14300	143.0000		461	539
14400	144.0000		495	505
14500	145.0000		439	561
14600	146.0000		443	557
14700	147.0000		449	551
14800	148.0000		451	549
14900	149.0000		434	566
15000	150.0000		480	520
15100	151.0000		459	541
15200	152.0000		460	540
15300	153.0000		450	550
15400	154.0000		458	542
15500	155.0000		477	523
15600	156.0000		455	545
15700	157.0000		496	504
15800	158.0000		433	567
15900	159.0000		422	578
16000	160.0000		476	524
16100	161.0000		455	545
16200	162.0000		452	548
16300	163.0000		481	519
16400	164.0000		511	489
16500	165.0000		476	524
16600	166.0000		484	516
16700	167.0000		465	535
16800	168.0000		480	520
16900	169.0000		480	520
17000	170.0000		445	555
17100	171.0000		473	527
17200	172.0000		449	551
17300	173.0000		417	583
17400	174.0000		445	555
17500	175.0000		476	524
17600	176.0000		468	532
17700	177.0000		479	521
17800	178.0000		474	526
17900	179.0000		446	554
18000	180.0000		459	541
18100	181.0000		426	574
18200	182.0000		466	534
18300	183.0000		470	530
18400	184.0000		458	542
18500	185.0000		444	556
18600	186.0000		458	542
18700	187.0000		442	558
18800	188.0000		438	562
18900	189.0000		448	552
19000	190.0000		459	541
19100	191.0000		444	556
19200	192.0000		426	574
19300	193.0000		451	549
19400	194.0000		443	557
19500	195.0000		450	550
19600	196.0000		467	533
19700	197.0000		442	558
19800	198.0000		483	517
19900	199.0000		464	536
20000	200.0000		461	539
20100	201.0000		431	569
20200	202.0000		483	517
20300	203.0000		461	539
20400	204.0000		470	530
20500	205.0000		452	548
20600	206.0000		481	519
20700	207.0000		468	532
20800	208.0000		467	533
20900	209.0000		477	523
21000	210.0000		467	533
21100	211.0000		486	514
21200	212.0000		487	513
21300	213.0000		456	544
21400	214.0000		492	508
21500	215.0000		502	498
21600	216.0000		485	515
21700	217.0000		506	494
21800	218.0000		512	488
21900	219.0000		493	507
22000	220.0000		473	527
22100	221.0000		466	534
22200	222.0000		483	517
22300	223.0000		451	549
22400	224.0000		440	560
22500	225.0000		465	535
22600	226.0000		462	538
22700	227.0000		468	532
22800	228.0000		473	527
22900	229.0000		436	564
23000	230.0000		439	561
23100	231.0000		460	540
23200	232.0000		448	552
23300	233.0000		450	550
23400	234.0000		460	540
23500	235.0000		480	520
23600	236.0000		481	519
23700	237.0000		484	516
23800	238.0000		480	520
23900	239.0000		498	502
24000	240.0000		494	506
24100	241.0000		491	509
24200	242.0000		489	511
24300	243.0000		488	512
24400	244.0000		488	512
24500	245.0000		490	510
24600	246.0000		485	515
24700	247.0000		473	527
24800	248.0000		462	538
24900	249.0000		463	537
25000	250.0000		463	537
25100	251.0000		432	568
25200	252.0000		459	541
25300	253.0000		462	538
25400	254.0000		441	559
25500	255.0000		496	504
25600	256.0000		466	534
25700	257.0000		483	517
25800	258.0000		457	543
25900	259.0000		472	528
26000	260.0000		453	547
26100	261.0000		453	547
26200	262.0000		463	537
26300	263.0000		476	524
26400	264.0000		469	531
26500	265.0000		464	536
26600	266.0000		485	515
26700	267.0000		470	530
26800	268.0000		508	492
26900	269.0000		442	558
27000	270.0000		437	563
27100	271.0000		434	566
27200	272.0000		480	520
27300	273.0000		442	558
27400	274.0000		480	520
27500	275.0000		435	565
27600	276.0000		463	537
27700	277.0000		431	569
27800	278.0000		444	556
27900	279.0000		482	518
28000	280.0000		485	515
28100	281.0000		515	485
28200	282.0000		505	495
28300	283.0000		486	514
28400	284.0000		443	557
28500	285.0000		447	553
28600	286.0000		471	529
28700	287.0000		421	579
28800	288.0000		431	569
28900	289.0000		447	553
29000	290.0000		459	541
29100	291.0000		491	509
29200	292.0000		461	539
29300	293.0000		463	537
29400	294.0000		470	530
29500	295.0000		472	528
29600	296.0000		497	503
29700	297.0000		492	508
29800	298.0000		442	558
29900	299.0000		475	525
30000	300.0000		483	517
30100	301.0000		465	535
30200	302.0000		480	520
30300	303.0000		491	509
30400	304.0000		520	480
30500	305.0000		513	487
30600	306.0000		486	514
30700	307.0000		457	543
30800	308.0000		443	557
30900	309.0000		437	563
31000	310.0000		438	562
31100	311.0000		471	529
31200	312.0000		463	537
31300	313.0000		464	536
31400	314.0000		464	536
31500	315.0000		430	570
31600	316.0000		442	558
31700	317.0000		449	551
31800	318.0000		472	528
31900	319.0000		476	524
32000	320.0000		471	529
32100	321.0000		471	529
32200	322.0000		474	526
32300	323.0000		479	521
32400	324.0000		452	548
32500	325.0000		467	533
32600	326.0000		456	544
32700	327.0000		505	495
32800	328.0000		458	542
32900	329.0000		420	580
33000	330.0000		465	535
33100	331.0000		475	525
33200	332.0000		468	532
33300	333.0000		449	551
33400	334.0000		454	546
33500	335.0000		434	566
33600	336.0000		464	536
33700	337.0000		473	527
33800	338.0000		462	538
33900	339.0000		413	587
34000	340.0000		432	568
34100	341.0000		475	525
34200	342.0000		508	492
34300	343.0000		493	507
34400	344.0000		478	522
34500	345.0000		465	535
34600	346.0000		440	560
34700	347.0000		448	552
34800	348.0000		452	548
34900	349.0000		463	537
35000	350.0000		402	598
35100	351.0000		444	556
35200	352.0000		456	544
35300	353.0000		451	549
35400	354.0000		435	565
35500	355.0000		466	534
35600	356.0000		471	529
35700	357.0000		460	540
35800	358.0000		489	511
35900	359.0000		440	560
36000	360.0000		449	551
36100	361.0000		468	532
36200	362.0000		461	539
36300	363.0000		469	531
36400	364.0000		476	524
36500	365.0000		477	523
36600	366.0000		442	558
36700	367.0000		493	507
36800	368.0000		429	571
36900	369.0000		461	539
37000	370.0000		449	551
37100	371.0000		482	518
37200	372.0000		516	484
37300	373.0000		504	496
37400	374.0000		459	541
37500	375.0000		501	499
37600	376.0000		504	496
37700	377.0000		470	530
37800	378.0000		497	503
37900	379.0000		465	535
38000	380.0000		445	555
38100	381.0000		466	534
38200	382.0000		456	544
38300	383.0000		471	529
38400	384.0000		488	512
38500	385.0000		470	530
38600	386.0000		453	547
38700	387.0000		451	549
38800	388.0000		468	532
38900	389.0000		448	552
39000	390.0000		436	564
39100	391.0000		457	543
39200	392.0000		465	535
39300	393.0000		471	529
39400	394.0000		482	518
39500	395.0000		473	527
39600	396.0000		480	520
39700	397.0000		482	518
39800	398.0000		466	534
39900	399.0000		479	521
40000	400.0000		500	500
40100	401.0000		447	553
40200	402.0000		445	555
40300	403.0000		450	550
40400	404.0000		454	546
40500	405.0000		458	542
40600	406.0000		441	559
40700	407.0000		455	545
40800	408.0000		453	547
40900	409.0000		469	531
41000	410.0000		467	533
41100	411.0000		443	557
41200	412.0000		437	563
41300	413.0000		460	540
41400	414.0000		438	562
41500	415.0000		464	536
41600	416.0000		465	535
41700	417.0000		449	551
41800	418.0000		437	563
41900	419.0000		464	536
42000	420.0000		455	545
42100	421.0000		454	546
42200	422.0000		427	573
42300	423.0000		442	558
42400	424.0000		473	527
42500	425.0000		456	544
42600	426.0000		425	575
42700	427.0000		459	541
42800	428.0000		431	569
42900	429.0000		443	557
43000	430.0000		478	522
43100	431.0000		491	509
43200	432.0000		477	523
43300	433.0000		494	506
43400	434.0000		482	518
43500	435.0000		501	499
43600	436.0000		501	499
43700	437.0000		483	517
43800	438.0000		451	549
43900	439.0000		445	555
44000	440.0000		438	562
44100	441.0000		443	557
44200	442.0000		474	526
44300	443.0000		449	551
44400	444.0000		444	556
44500	445.0000		453	547
44600	446.0000		432	568
44700	447.0000		450	550
44800	448.0000		476	524
44900	449.0000		441	559
45000	450.0000		446	554
45100	451.0000		475	525
45200	452.0000		430	570
45300	453.0000		444	556
45400	454.0000		431	569
45500	455.0000		456	544
45600	456.0000		490	510
45700	457.0000		490	510
45800	458.0000		473	527
45900	459.0000		467	533
46000	460.0000		467	533
46100	461.0000		480	520
46200	462.0000		447	553
46300	463.0000		479	521
46400	464.0000		479	521
46500	465.0000		469	531
46600	466.0000		486	514
46700	467.0000		482	518
46800	468.0000		463	537
46900	469.0000		471	529
47000	470.0000		480	520
47100	471.0000		474	526
47200	472.0000		448	552
47300	473.0000		461	539
47400	474.0000		479	521
47500	475.0000		474	526
47600	476.0000		469	531
47700	477.0000		453	547
47800	478.0000		465	535
47900	479.0000		459	541
48000	480.0000		458	542
48100	481.0000		438	562
48200	482.0000		438	562
48300	483.0000		430	570
48400	484.0000		451	549
48500	485.0000		415	585
48600	486.0000		428	572
48700	487.0000		431	569
48800	488.0000		483	517
48900	489.0000		460	540
49000	490.0000		464	536
49100	491.0000		464	536
49200	492.0000		464	536
49300	493.0000		466	534
49400	494.0000		480	520
49500	495.0000		453	547
49600	496.0000		463	537
49700	497.0000		449	551
49800	498.0000		451	549
49900	499.0000		455	545
50000	500.0000		481	519
50100	501.0000		438	562
50200	502.0000		421	579
50300	503.0000		443	557
50400	504.0000		467	533
50500	505.0000		470	530
50600	506.0000		499	501
50700	507.0000		476	524
50800	508.0000		478	522
50900	509.0000		482	518
51000	510.0000		462	538
51100	511.0000		502	498
51200	512.0000		476	524
51300	513.0000		468	532
51400	514.0000		492	508
51500	515.0000		464	536
51600	516.0000		476	524
51700	517.0000		460	540
51800	518.0000		449	551
51900	519.0000		433	567
52000	520.0000		446	554
52100	521.0000		459	541
52200	522.0000		468	532
52300	523.0000		492	508
52400	524.0000		503	497
52500	525.0000		452	548
52600	526.0000		492	508
52700	527.0000		487	513
52800	528.0000		480	520
52900	529.0000		486	514
53000	530.0000		476	524
53100	531.0000		494	506
53200	532.0000		470	530
53300	533.0000		478	522
53400	534.0000		429	571
53500	535.0000		461	539
53600	536.0000		452	548
53700	537.0000		453	547
53800	538.0000		460	540
53900	539.0000		475	525
54000	540.0000		476	524
54100	541.0000		489	511
54200	542.0000		455	545
54300	543.0000		486	514
54400	544.0000		459	541
54500	545.0000		436	564
54600	546.0000		464	536
54700	547.0000		450	550
54800	548.0000		460	540
54900	549.0000		459	541
55000	550.0000		466	534
55100	551.0000		427	573
55200	552.0000		449	551
55300	553.0000		464	536
55400	554.0000		484	516
55500	555.0000		453	547
55600	556.0000		450	550
55700	557.0000		481	519
55800	558.0000		490	510
55900	559.0000		475	525
56000	560.0000		461	539
56100	561.0000		473	527
56200	562.0000		432	568
56300	563.0000		430	570
56400	564.0000		462	538
56500	565.0000		451	549
56600	566.0000		458	542
56700	567.0000		413	587
56800	568.0000		423	577
56900	569.0000		474	526
57000	570.0000		482	518
57100	571.0000		466	534
57200	572.0000		451	549
57300	573.0000		478	522
57400	574.0000		474	526
57500	575.0000		446	554
57600	576.0000		422	578
57700	577.0000		447	553
57800	578.0000		487	513
57900	579.0000		494	506
58000	580.0000		506	494
58100	581.0000		481	519
58200	582.0000		497	503
58300	583.0000		477	523
58400	584.0000		449	551
58500	585.0000		490	510
58600	586.0000		479	521
58700	587.0000		479	521
58800	588.0000		488	512
58900	589.0000		493	507
59000	590.0000		489	511
59100	591.0000		474	526
59200	592.0000		438	562
59300	593.0000		446	554
59400	594.0000		433	567
59500	595.0000		436	564
59600	596.0000		460	540
59700	597.0000		490	510
59800	598.0000		479	521
59900	599.0000		467	533
60000	600.0000		472	528
60100	601.0000		489	511
60200	602.0000		466	534
60300	603.0000		477	523
60400	604.0000		453	547
60500	605.0000		458	542
60600	606.0000		487	513
60700	607.0000		485	515
60800	608.0000		478	522
60900	609.0000		472	528
61000	610.0000		458	542
61100	611.0000		436	564
61200	612.0000		458	542
61300	613.0000		452	548
61400	614.0000		483	517
61500	615.0000		489	511
61600	616.0000		511	489
61700	617.0000		470	530
61800	618.0000		503	497
61900	619.0000		465	535
62000	620.0000		507	493
62100	621.0000		484	516
62200	622.0000		474	526
62300	623.0000		490	510
62400	624.0000		475	525
62500	625.0000		503	497
62600	626.0000		477	523
62700	627.0000		437	563
62800	628.0000		431	569
62900	629.0000		454	546
63000	630.0000		467	533
63100	631.0000		499	501
63200	632.0000		485	515
63300	633.0000		453	547
63400	634.0000		464	536
63500	635.0000		452	548
63600	636.0000		454	546
63700	637.0000		485	515
63800	638.0000		418	582
63900	639.0000		486	514
64000	640.0000		479	521
64100	641.0000		461	539
64200	642.0000		489	511
64300	643.0000		489	511
64400	644.0000		487	513
64500	645.0000		499	501
64600	646.0000		501	499
64700	647.0000		461	539
64800	648.0000		455	545
64900	649.0000		414	586
65000	650.0000		393	607
65100	651.0000		445	555
65200	652.0000		413	587
65300	653.0000		481	519
65400	654.0000		468	532
65500	655.0000		481	519
65600	656.0000		492	508
65700	657.0000		464	536
65800	658.0000		449	551
65900	659.0000		412	588
66000	660.0000		475	525
66100	661.0000		492	508
66200	662.0000		462	538
66300	663.0000		418	582
66400	664.0000		456	544
66500	665.0000		452	548
66600	666.0000		457	543
66700	667.0000		461	539
66800	668.0000		508	492
66900	669.0000		507	493
67000	670.0000		498	502
67100	671.0000		522	478
67200	672.0000		513	487
67300	673.0000		485	515
67400	674.0000		465	535
67500	675.0000		458	542
67600	676.0000		436	564
67700	677.0000		465	535
67800	678.0000		450	550
67900	679.0000		457	543
68000	680.0000		486	514
68100	681.0000		480	520
68200	682.0000		442	558
68300	683.0000		452	548
68400	684.0000		478	522
68500	685.0000		475	525
68600	686.0000		486	514
68700	687.0000		462	538
68800	688.0000		519	481
68900	689.0000		477	523
69000	690.0000		470	530
69100	691.0000		455	545
69200	692.0000		439	561
69300	693.0000		442	558
69400	694.0000		485	515
69500	695.0000		501	499
69600	696.0000		493	507
69700	697.0000		451	549
69800	698.0000		447	553
69900	699.0000		451	549
70000	700.0000		448	552
70100	701.0000		457	543
70200	702.0000		453	547
70300	703.0000		464	536
70400	704.0000		488	512
70500	705.0000		452	548
70600	706.0000		439	561
70700	707.0000		430	570
70800	708.0000		426	574
70900	709.0000		443	557
71000	710.0000		455	545
71100	711.0000		461	539
71200	712.0000		483	517
71300	713.0000		485	515
71400	714.0000		469	531
71500	715.0000		445	555
71600	716.0000		459	541
71700	717.0000		470	530
71800	718.0000		503	497
71900	719.0000		433	567
72000	720.0000		441	559
72100	721.0000		434	566
72200	722.0000		445	555
72300	723.0000		462	538
72400	724.0000		459	541
72500	725.0000		483	517
72600	726.0000		449	551
72700	727.0000		438	562
72800	728.0000		455	545
72900	729.0000		475	525
73000	730.0000		448	552
73100	731.0000		451	549
73200	732.0000		457	543
73300	733.0000		486	514
73400	734.0000		466	534
73500	735.0000		474	526
73600	736.0000		467	533
73700	737.0000		462	538
73800	738.0000		460	540
73900	739.0000		463	537
74000	740.0000		446	554
74100	741.0000		482	518
74200	742.0000		476	524
74300	743.0000		469	531
74400	744.0000		477	523
74500	745.0000		444	556
74600	746.0000		475	525
74700	747.0000		487	513
74800	748.0000		472	528
74900	749.0000		445	555
75000	750.0000		457	543
75100	751.0000		449	551
75200	752.0000		443	557
75300	753.0000		465	535
75400	754.0000		486	514
75500	755.0000		500	500
75600	756.0000		505	495
75700	757.0000		482	518
75800	758.0000		463	537
75900	759.0000		477	523
76000	760.0000		477	523
76100	761.0000		439	561
76200	762.0000		416	584
76300	763.0000		432	568
76400	764.0000		448	552
76500	765.0000		471	529
76600	766.0000		467	533
76700	767.0000		485	515
76800	768.0000		510	490
76900	769.0000		504	496
77000	770.0000		466	534
77100	771.0000		496	504
77200	772.0000		496	504
77300	773.0000		471	529
77400	774.0000		473	527
77500	775.0000		466	534
77600	776.0000		453	547
77700	777.0000		470	530
77800	778.0000		485	515
77900	779.0000		451	549
78000	780.0000		480	520
78100	781.0000		430	570
78200	782.0000		459	541
78300	783.0000		483	517
78400	784.0000		478	522
78500	785.0000		475	525
78600	786.0000		446	554
78700	787.0000		507	493
78800	788.0000		480	520
78900	789.0000		485	515
79000	790.0000		467	533
79100	791.0000		483	517
79200	792.0000		406	594
79300	793.0000		445	555
79400	794.0000		439	561
79500	795.0000		477	523
79600	796.0000		462	538
79700	797.0000		433	567
79800	798.0000		493	507
79900	799.0000		482	518
80000	800.0000		513	487
80100	801.0000		408	592
80200	802.0000		416	584
80300	803.0000		469	531
80400	804.0000		472	528
80500	805.0000		454	546
80600	806.0000		488	512
80700	807.0000		501	499
80800	808.0000		490	510
80900	809.0000		483	517
81000	810.0000		475	525
81100	811.0000		476	524
81200	812.0000		520	480
81300	813.0000		523	477
81400	814.0000		471	529
81500	815.0000		432	568
81600	816.0000		453	547
81700	817.0000		462	538
81800	818.0000		457	543
81900	819.0000		424	576
82000	820.0000		468	532
82100	821.0000		460	540
82200	822.0000		473	527
82300	823.0000		482	518
82400	824.0000		485	515
82500	825.0000		442	558
82600	826.0000		469	531
82700	827.0000		468	532
82800	828.0000		465	535
82900	829.0000		457	543
83000	830.0000		429	571
83100	831.0000		449	551
83200	832.0000		435	565
83300	833.0000		415	585
83400	834.0000		466	534
83500	835.0000		441	559
83600	836.0000		447	553
83700	837.0000		467	533
83800	838.0000		470	530
83900	839.0000		477	523
84000	840.0000		451	549
84100	841.0000		428	572
84200	842.0000		418	582
84300	843.0000		461	539
84400	844.0000		497	503
84500	845.0000		477	523
84600	846.0000		472	528
84700	847.0000		466	534
84800	848.0000		513	487
84900	849.0000		471	529
85000	850.0000		459	541
85100	851.0000		481	519
85200	852.0000		518	482
85300	853.0000		504	496
85400	854.0000		495	505
85500	855.0000		495	505
85600	856.0000		471	529
85700	857.0000		480	520
85800	858.0000		483	517
85900	859.0000		473	527
86000	860.0000		468	532
86100	861.0000		466	534
86200	862.0000		461	539
86300	863.0000		446	554
86400	864.0000		472	528
86500	865.0000		449	551
86600	866.0000		457	543
86700	867.0000		467	533
86800	868.0000		474	526
86900	869.0000		473	527
87000	870.0000		458	542
87100	871.0000		480	520
87200	872.0000		435	565
87300	873.0000		459	541
87400	874.0000		464	536
87500	875.0000		491	509
87600	876.0000		439	561
87700	877.0000		473	527
87800	878.0000		448	552
87900	879.0000		432	568
88000	880.0000		465	535
88100	881.0000		476	524
88200	882.0000		465	535
88300	883.0000		443	557
88400	884.0000		463	537
88500	885.0000		477	523
88600	886.0000		462	538
88700	887.0000		457	543
88800	888.0000		431	569
88900	889.0000		451	549
89000	890.0000		466	534
89100	891.0000		487	513
89200	892.0000		483	517
89300	893.0000		457	543
89400	894.0000		478	522
89500	895.0000		488	512
89600	896.0000		490	510
89700	897.0000		483	517
89800	898.0000		465	535
89900	899.0000		476	524
90000	900.0000		461	539
90100	901.0000		491	509
90200	902.0000		478	522
90300	903.0000		499	501
90400	904.0000		503	497
90500	905.0000		476	524
90600	906.0000		474	526
90700	907.0000		470	530
90800	908.0000		505	495
90900	909.0000		416	584
91000	910.0000		451	549
91100	911.0000		444	556
91200	912.0000		438	562
91300	913.0000		413	587
91400	914.0000		465	535
91500	915.0000		445	555
91600	916.0000		467	533
91700	917.0000		472	528
91800	918.0000		440	560
91900	919.0000		434	566
92000	920.0000		410	590
92100	921.0000		430	570
92200	922.0000		442	558
92300	923.0000		461	539
92400	924.0000		453	547
92500	925.0000		494	506
92600	926.0000		482	518
92700	927.0000		474	526
92800	928.0000		467	533
92900	929.0000		484	516
93000	930.0000		476	524
93100	931.0000		479	521
93200	932.0000		463	537
93300	933.0000		438	562
93400	934.0000		448	552
93500	935.0000		465	535
93600	936.0000		465	535
93700	937.0000		449	551
93800	938.0000		430	570
93900	939.0000		444	556
94000	940.0000		442	558
94100	941.0000		466	534
94200	942.0000		444	556
94300	943.0000		468	532
94400	944.0000		471	529
94500	945.0000		488	512
94600	946.0000		474	526
94700	947.0000		467	533
94800	948.0000		491	509
94900	949.0000		457	543
95000	950.0000		473	527
95100	951.0000		478	522
95200	952.0000		458	542
95300	953.0000		470	530
95400	954.0000		501	499
95500	955.0000		474	526
95600	956.0000		450	550
95700	957.0000		509	491
95800	958.0000		503	497
95900	959.0000		496	504
96000	960.0000		508	492
96100	961.0000		477	523
96200	962.0000		491	509
96300	963.0000		447	553
96400	964.0000		444	556
96500	965.0000		459	541
96600	966.0000		483	517
96700	967.0000		469	531
96800	968.0000		481	519
96900	969.0000		482	518
97000	970.0000		460	540
97100	971.0000		428	572
97200	972.0000		449	551
97300	973.0000		478	522
97400	974.0000		462	538
97500	975.0000		470	530
97600	976.0000		465	535
97700	977.0000		469	531
97800	978.0000		472	528
97900	979.0000		466	534
98000	980.0000		491	509
98100	981.0000		454	546
98200	982.0000		454	546
98300	983.0000		461	539
98400	984.0000		454	546
98500	985.0000		444	556
98600	986.0000		451	549
98700	987.0000		438	562
98800	988.0000		457	543
98900	989.0000		445	555
99000	990.0000		430	570
99100	991.0000		471	529
99200	992.0000		449	551
99300	993.0000		444	556
99400	994.0000		484	516
99500	995.0000		443	557
99600	996.0000		496	504
99700	997.0000		475	525
99800	998.0000		476	524
99900	999.0000		458	542
100000	1000.0000		435	565
# Simulation completed.
