# Step	Time	mean_S	stderr_S	mean_I	stderr_I
0	0.0000	999.000000	0.000000	1.000000	0.000000
100	1.0000	996.760000	0.504032	3.240000	0.504032
200	2.0000	994.840000	0.869648	5.160000	0.869648
300	3.0000	991.320000	1.304589	8.680000	1.304589
400	4.0000	987.300000	1.850676	12.700000	1.850676
500	5.0000	983.380000	2.281208	16.620000	2.281208
600	6.0000	977.540000	3.095572	22.460000	3.095572
700	7.0000	970.960000	4.054228	29.040000	4.054228
800	8.0000	962.380000	5.290209	37.620000	5.290209
900	9.0000	953.900000	6.424158	46.100000	6.424158
1000	10.0000	943.020000	7.995273	56.980000	7.995273
1100	11.0000	932.280000	9.343577	67.720000	9.343577
1200	12.0000	920.320000	10.641671	79.680000	10.641671
1300	13.0000	903.200000	12.552641	96.800000	12.552641
1400	14.0000	891.480000	14.050544	108.520000	14.050544
1500	15.0000	874.440000	16.301464	125.560000	16.301464
1600	16.0000	856.340000	18.176240	143.660000	18.176240
1700	17.0000	836.340000	20.218182	163.660000	20.218182
1800	18.0000	818.920000	21.898070	181.080000	21.898070
1900	19.0000	801.100000	23.467599	198.900000	23.467599
2000	20.0000	783.740000	25.214310	216.260000	25.214310
2100	21.0000	769.800000	26.415162	230.200000	26.415162
2200	22.0000	752.600000	27.922149	247.400000	27.922149
2300	23.0000	737.400000	29.359605	262.600000	29.359605
2400	24.0000	722.740000	30.749254	277.260000	30.749254
2500	25.0000	710.080000	31.791003	289.920000	31.791003
2600	26.0000	700.500000	32.583717	299.500000	32.583717
2700	27.0000	689.640000	33.426573	310.360000	33.426573
2800	28.0000	678.860000	34.467318	321.140000	34.467318
2900	29.0000	675.840000	34.684098	324.160000	34.684098
3000	30.0000	668.480000	35.390759	331.520000	35.390759
3100	31.0000	667.080000	35.480866	332.920000	35.480866
3200	32.0000	663.600000	35.848135	336.400000	35.848135
3300	33.0000	665.960000	35.592695	334.040000	35.592695
3400	34.0000	663.820000	35.777643	336.180000	35.777643
3500	35.0000	666.060000	35.507052	333.940000	35.507052
3600	36.0000	666.040000	35.492928	333.960000	35.492928
3700	37.0000	663.160000	35.817028	336.840000	35.817028
3800	38.0000	662.680000	35.913657	337.320000	35.913657
3900	39.0000	662.820000	35.848433	337.180000	35.848433
4000	40.0000	663.240000	35.771459	336.760000	35.771459
4100	41.0000	668.380000	35.246820	331.620000	35.246820
4200	42.0000	667.500000	35.377318	332.500000	35.377318
4300	43.0000	660.360000	36.112222	339.640000	36.112222
4400	44.0000	661.140000	36.085842	338.860000	36.085842
4500	45.0000	656.960000	36.493835	343.040000	36.493835
4600	46.0000	656.020000	36.541062	343.980000	36.541062
4700	47.0000	656.260000	36.544699	343.740000	36.544699
4800	48.0000	659.680000	36.181724	340.320000	36.181724
4900	49.0000	658.900000	36.271578	341.100000	36.271578
5000	50.0000	659.780000	36.195075	340.220000	36.195075
5100	51.0000	658.560000	36.275922	341.440000	36.275922
5200	52.0000	658.140000	36.326552	341.860000	36.326552
5300	53.0000	655.920000	36.576253	344.080000	36.576253
5400	54.0000	657.320000	36.440191	342.680000	36.440191
5500	55.0000	655.240000	36.664550	344.760000	36.664550
5600	56.0000	658.900000	36.281524	341.100000	36.281524
5700	57.0000	659.380000	36.235153	340.620000	36.235153
5800	58.0000	660.900000	36.066630	339.100000	36.066630
5900	59.0000	658.740000	36.303551	341.260000	36.303551
6000	60.0000	662.440000	35.917496	337.560000	35.917496
6100	61.0000	658.700000	36.274556	341.300000	36.274556
6200	62.0000	654.700000	36.725787	345.300000	36.725787
6300	63.0000	654.980000	36.665270	345.020000	36.665270
6400	64.0000	658.860000	36.240342	341.140000	36.240342
6500	65.0000	659.280000	36.217643	340.720000	36.217643
6600	66.0000	660.360000	36.102053	339.640000	36.102053
6700	67.0000	661.300000	35.987434	338.700000	35.987434
6800	68.0000	661.000000	36.026368	339.000000	36.026368
6900	69.0000	660.820000	36.048874	339.180000	36.048874
7000	70.0000	657.320000	36.419154	342.680000	36.419154
7100	71.0000	658.620000	36.287451	341.380000	36.287451
7200	72.0000	662.700000	35.877784	337.300000	35.877784
7300	73.0000	661.400000	35.991288	338.600000	35.991288
7400	74.0000	660.400000	36.078071	339.600000	36.078071
7500	75.0000	659.760000	36.162351	340.240000	36.162351
7600	76.0000	655.540000	36.620532	344.460000	36.620532
7700	77.0000	657.160000	36.452131	342.840000	36.452131
7800	78.0000	653.640000	36.876668	346.360000	36.876668
7900	79.0000	654.160000	36.826668	345.840000	36.826668
8000	80.0000	654.640000	36.749920	345.360000	36.749920
8100	81.0000	657.340000	36.433365	342.660000	36.433365
8200	82.0000	658.240000	36.360127	341.760000	36.360127
8300	83.0000	662.460000	35.891884	337.540000	35.891884
8400	84.0000	661.340000	35.998373	338.660000	35.998373
8500	85.0000	659.340000	36.203023	340.660000	36.203023
8600	86.0000	655.940000	36.590626	344.060000	36.590626
8700	87.0000	659.240000	36.206801	340.760000	36.206801
8800	88.0000	655.080000	36.664422	344.920000	36.664422
8900	89.0000	654.060000	36.811144	345.940000	36.811144
9000	90.0000	652.820000	36.913246	347.180000	36.913246
9100	91.0000	658.600000	36.282602	341.400000	36.282602
9200	92.0000	656.300000	36.510889	343.700000	36.510889
9300	93.0000	661.260000	36.005153	338.740000	36.005153
9400	94.0000	659.680000	36.171054	340.320000	36.171054
9500	95.0000	663.180000	35.787112	336.820000	35.787112
9600	96.0000	655.380000	36.631723	344.620000	36.631723
9700	97.0000	655.660000	36.635902	344.340000	36.635902
9800	98.0000	658.840000	36.262723	341.160000	36.262723
9900	99.0000	656.020000	36.583105	343.980000	36.583105
10000	100.0000	657.640000	36.397459	342.360000	36.397459
10100	101.0000	657.340000	36.398369	342.660000	36.398369
10200	102.0000	651.660000	37.074246	348.340000	37.074246
10300	103.0000	655.920000	36.573322	344.080000	36.573322
10400	104.0000	657.980000	36.362173	342.020000	36.362173
10500	105.0000	659.240000	36.235558	340.760000	36.235558
10600	106.0000	655.620000	36.610041	344.380000	36.610041
10700	107.0000	659.060000	36.248602	340.940000	36.248602
10800	108.0000	660.980000	36.046897	339.020000	36.046897
10900	109.0000	663.880000	35.769972	336.120000	35.769972
11000	110.0000	659.640000	36.170593	340.360000	36.170593
11100	111.0000	660.220000	36.081289	339.780000	36.081289
11200	112.0000	657.500000	36.385143	342.500000	36.385143
11300	113.0000	657.840000	36.369266	342.160000	36.369266
11400	114.0000	659.560000	36.166572	340.440000	36.166572
11500	115.0000	659.880000	36.191708	340.120000	36.191708
11600	116.0000	654.780000	36.680963	345.220000	36.680963
11700	117.0000	655.500000	36.602374	344.500000	36.602374
11800	118.0000	650.760000	37.104820	349.240000	37.104820
11900	119.0000	654.400000	36.742945	345.600000	36.742945
12000	120.0000	659.540000	36.176790	340.460000	36.176790
12100	121.0000	656.980000	36.458135	343.020000	36.458135
12200	122.0000	660.040000	36.118372	339.960000	36.118372
12300	123.0000	659.640000	36.182767	340.360000	36.182767
12400	124.0000	656.640000	36.481587	343.360000	36.481587
12500	125.0000	660.680000	36.059933	339.320000	36.059933
12600	126.0000	659.340000	36.187242	340.660000	36.187242
12700	127.0000	655.560000	36.628078	344.440000	36.628078
12800	128.0000	659.560000	36.221973	340.440000	36.221973
12900	129.0000	656.060000	36.521330	343.940000	36.521330
13000	130.0000	658.220000	36.330938	341.780000	36.330938
13100	131.0000	659.460000	36.195682	340.540000	36.195682
13200	132.0000	660.940000	36.055251	339.060000	36.055251
13300	133.0000	659.720000	36.168650	340.280000	36.168650
13400	134.0000	659.940000	36.134265	340.060000	36.134265
13500	135.0000	657.160000	36.416418	342.840000	36.416418
13600	136.0000	655.640000	36.583119	344.360000	36.583119
13700	137.0000	654.780000	36.679763	345.220000	36.679763
13800	138.0000	656.840000	36.509926	343.160000	36.509926
13900	139.0000	653.180000	36.882979	346.820000	36.882979
14000	140.0000	652.340000	36.950341	347.660000	36.950341
14100	141.0000	660.120000	36.124890	339.880000	36.124890
14200	142.0000	655.940000	36.615793	344.060000	36.615793
14300	143.0000	656.660000	36.507485	343.340000	36.507485
14400	144.0000	659.340000	36.189198	340.660000	36.189198
14500	145.0000	660.380000	36.129090	339.620000	36.129090
14600	146.0000	658.880000	36.300740	341.120000	36.300740
14700	147.0000	660.920000	36.061501	339.080000	36.061501
14800	148.0000	661.720000	35.976126	338.280000	35.976126
14900	149.0000	656.840000	36.468346	343.160000	36.468346
15000	150.0000	659.600000	36.202464	340.400000	36.202464
15100	151.0000	661.680000	35.966612	338.320000	35.966612
15200	152.0000	658.460000	36.315949	341.540000	36.315949
15300	153.0000	661.820000	35.934860	338.180000	35.934860
15400	154.0000	659.580000	36.175562	340.420000	36.175562
15500	155.0000	659.920000	36.143855	340.080000	36.143855
15600	156.0000	657.400000	36.411262	342.600000	36.411262
15700	157.0000	658.620000	36.295122	341.380000	36.295122
15800	158.0000	657.420000	36.441450	342.580000	36.441450
15900	159.0000	659.080000	36.292885	340.920000	36.292885
16000	160.0000	659.420000	36.194641	340.580000	36.194641
16100	161.0000	656.460000	36.520528	343.540000	36.520528
16200	162.0000	658.240000	36.356970	341.760000	36.356970
16300	163.0000	659.700000	36.168155	340.300000	36.168155
16400	164.0000	662.260000	35.904115	337.740000	35.904115
16500	165.0000	662.080000	35.939481	337.920000	35.939481
16600	166.0000	662.720000	35.839777	337.280000	35.839777
16700	167.0000	663.340000	35.803593	336.660000	35.803593
16800	168.0000	662.920000	35.826257	337.080000	35.826257
16900	169.0000	660.560000	36.090688	339.440000	36.090688
17000	170.0000	658.580000	36.300238	341.420000	36.300238
17100	171.0000	658.460000	36.352906	341.540000	36.352906
17200	172.0000	658.140000	36.388350	341.860000	36.388350
17300	173.0000	653.880000	36.818013	346.120000	36.818013
17400	174.0000	655.020000	36.666677	344.980000	36.666677
17500	175.0000	656.680000	36.481573	343.320000	36.481573
17600	176.0000	659.420000	36.220106	340.580000	36.220106
17700	177.0000	662.780000	35.849422	337.220000	35.849422
17800	178.0000	656.840000	36.463180	343.160000	36.463180
17900	179.0000	656.220000	36.514165	343.780000	36.514165
18000	180.0000	661.140000	35.997311	338.860000	35.997311
18100	181.0000	660.800000	36.060849	339.200000	36.060849
18200	182.0000	661.260000	35.994831	338.740000	35.994831
18300	183.0000	657.860000	36.335602	342.140000	36.335602
18400	184.0000	658.840000	36.234198	341.160000	36.234198
18500	185.0000	660.120000	36.110936	339.880000	36.110936
18600	186.0000	660.420000	36.112337	339.580000	36.112337
18700	187.0000	661.820000	35.953867	338.180000	35.953867
18800	188.0000	660.700000	36.080568	339.300000	36.080568
18900	189.0000	657.780000	36.363919	342.220000	36.363919
19000	190.0000	661.540000	35.999536	338.460000	35.999536
19100	191.0000	659.960000	36.133762	340.040000	36.133762
19200	192.0000	661.460000	35.992991	338.540000	35.992991
19300	193.0000	655.600000	36.605748	344.400000	36.605748
19400	194.0000	653.040000	36.865441	346.960000	36.865441
19500	195.0000	657.520000	36.394101	342.480000	36.394101
19600	196.0000	657.520000	36.399970	342.480000	36.399970
19700	197.0000	660.180000	36.113507	339.820000	36.113507
19800	198.0000	659.100000	36.265568	340.900000	36.265568
19900	199.0000	662.740000	35.880176	337.260000	35.880176
20000	200.0000	659.540000	36.203582	340.460000	36.203582
20100	201.0000	656.940000	36.456225	343.060000	36.456225
20200	202.0000	654.240000	36.771811	345.760000	36.771811
20300	203.0000	660.320000	36.115442	339.680000	36.115442
20400	204.0000	661.960000	35.918786	338.040000	35.918786
20500	205.0000	658.700000	36.325344	341.300000	36.325344
20600	206.0000	658.620000	36.328918	341.380000	36.328918
20700	207.0000	659.300000	36.224459	340.700000	36.224459
20800	208.0000	660.920000	36.091560	339.080000	36.091560
20900	209.0000	657.160000	36.453821	342.840000	36.453821
21000	210.0000	658.940000	36.232388	341.060000	36.232388
21100	211.0000	657.280000	36.453631	342.720000	36.453631
21200	212.0000	661.260000	36.030307	338.740000	36.030307
21300	213.0000	659.160000	36.225509	340.840000	36.225509
21400	214.0000	660.500000	36.071365	339.500000	36.071365
21500	215.0000	658.860000	36.235861	341.140000	36.235861
21600	216.0000	656.640000	36.501449	343.360000	36.501449
21700	217.0000	657.480000	36.426180	342.520000	36.426180
21800	218.0000	659.780000	36.206677	340.220000	36.206677
21900	219.0000	659.180000	36.235471	340.820000	36.235471
22000	220.0000	656.440000	36.493683	343.560000	36.493683
22100	221.0000	659.360000	36.205665	340.640000	36.205665
22200	222.0000	663.780000	35.770908	336.220000	35.770908
22300	223.0000	662.580000	35.858791	337.420000	35.858791
22400	224.0000	663.880000	35.748585	336.120000	35.748585
22500	225.0000	658.920000	36.262188	341.080000	36.262188
22600	226.0000	655.740000	36.568673	344.260000	36.568673
22700	227.0000	658.580000	36.261529	341.420000	36.261529
22800	228.0000	661.520000	35.973582	338.480000	35.973582
22900	229.0000	657.300000	36.449606	342.700000	36.449606
23000	230.0000	657.820000	36.410896	342.180000	36.410896
23100	231.0000	659.960000	36.142185	340.040000	36.142185
23200	232.0000	660.840000	36.103666	339.160000	36.103666
23300	233.0000	656.720000	36.456078	343.280000	36.456078
23400	234.0000	657.540000	36.388979	342.460000	36.388979
23500	235.0000	657.600000	36.418369	342.400000	36.418369
23600	236.0000	660.120000	36.137578	339.880000	36.137578
23700	237.0000	661.120000	36.011239	338.880000	36.011239
23800	238.0000	656.640000	36.495860	343.360000	36.495860
23900	239.0000	659.980000	36.131034	340.020000	36.131034
24000	240.0000	662.920000	35.879675	337.080000	35.879675
24100	241.0000	661.240000	36.010793	338.760000	36.010793
24200	242.0000	663.840000	35.728861	336.160000	35.728861
24300	243.0000	661.540000	36.025293	338.460000	36.025293
24400	244.0000	659.920000	36.153394	340.080000	36.153394
24500	245.0000	659.940000	36.172436	340.060000	36.172436
24600	246.0000	659.820000	36.129608	340.180000	36.129608
24700	247.0000	655.980000	36.598213	344.020000	36.598213
24800	248.0000	658.320000	36.340803	341.680000	36.340803
24900	249.0000	660.820000	36.098096	339.180000	36.098096
25000	250.0000	663.560000	35.807632	336.440000	35.807632
25100	251.0000	660.580000	36.082917	339.420000	36.082917
25200	252.0000	658.400000	36.309139	341.600000	36.309139
25300	253.0000	660.480000	36.084858	339.520000	36.084858
25400	254.0000	661.820000	35.944665	338.180000	35.944665
25500	255.0000	664.000000	35.699580	336.000000	35.699580
25600	256.0000	663.020000	35.854110	336.980000	35.854110
25700	257.0000	656.640000	36.498052	343.360000	36.498052
25800	258.0000	658.920000	36.265718	341.080000	36.265718
25900	259.0000	655.200000	36.668122	344.800000	36.668122
26000	260.0000	653.800000	36.788302	346.200000	36.788302
26100	261.0000	655.680000	36.582580	344.320000	36.582580
26200	262.0000	652.340000	36.972191	347.660000	36.972191
26300	263.0000	655.660000	36.650420	344.340000	36.650420
26400	264.0000	657.180000	36.479613	342.820000	36.479613
26500	265.0000	657.020000	36.488557	342.980000	36.488557
26600	266.0000	661.800000	35.932247	338.200000	35.932247
26700	267.0000	661.500000	35.959736	338.500000	35.959736
26800	268.0000	657.020000	36.453219	342.980000	36.453219
26900	269.0000	657.620000	36.414534	342.380000	36.414534
27000	270.0000	658.140000	36.367656	341.860000	36.367656
27100	271.0000	661.040000	36.061736	338.960000	36.061736
27200	272.0000	663.520000	35.774899	336.480000	35.774899
27300	273.0000	660.880000	36.059292	339.120000	36.059292
27400	274.0000	655.480000	36.617561	344.520000	36.617561
27500	275.0000	654.080000	36.789790	345.920000	36.789790
27600	276.0000	655.940000	36.564621	344.060000	36.564621
27700	277.0000	654.880000	36.664933	345.120000	36.664933
27800	278.0000	655.540000	36.594166	344.460000	36.594166
27900	279.0000	656.660000	36.483778	343.340000	36.483778
28000	280.0000	658.880000	36.238230	341.120000	36.238230
28100	281.0000	660.680000	36.102182	339.320000	36.102182
28200	282.0000	659.720000	36.161593	340.280000	36.161593
28300	283.0000	659.900000	36.140418	340.100000	36.140418
28400	284.0000	658.500000	36.274071	341.500000	36.274071
28500	285.0000	661.360000	36.001631	338.640000	36.001631
28600	286.0000	658.460000	36.312083	341.540000	36.312083
28700	287.0000	657.800000	36.399407	342.200000	36.399407
28800	288.0000	656.040000	36.601551	343.960000	36.601551
28900	289.0000	651.800000	37.038726	348.200000	37.038726
29000	290.0000	655.300000	36.626824	344.700000	36.626824
29100	291.0000	657.260000	36.442786	342.740000	36.442786
29200	292.0000	661.240000	36.052945	338.760000	36.052945
29300	293.0000	661.940000	35.945530	338.060000	35.945530
29400	294.0000	659.060000	36.229749	340.940000	36.229749
29500	295.0000	659.860000	36.117774	340.140000	36.117774
29600	296.0000	660.560000	36.097603	339.440000	36.097603
29700	297.0000	662.240000	35.939756	337.760000	35.939756
29800	298.0000	660.720000	36.075699	339.280000	36.075699
29900	299.0000	657.960000	36.354025	342.040000	36.354025
30000	300.0000	653.880000	36.850299	346.120000	36.850299
30100	301.0000	656.220000	36.545679	343.780000	36.545679
30200	302.0000	660.460000	36.091320	339.540000	36.091320
30300	303.0000	657.820000	36.371854	342.180000	36.371854
30400	304.0000	660.040000	36.124506	339.960000	36.124506
30500	305.0000	659.180000	36.272719	340.820000	36.272719
30600	306.0000	654.780000	36.752962	345.220000	36.752962
30700	307.0000	657.880000	36.383014	342.120000	36.383014
30800	308.0000	654.080000	36.785561	345.920000	36.785561
30900	309.0000	657.720000	36.382403	342.280000	36.382403
31000	310.0000	659.080000	36.292047	340.920000	36.292047
31100	311.0000	660.020000	36.139801	339.980000	36.139801
31200	312.0000	659.840000	36.144348	340.160000	36.144348
31300	313.0000	660.700000	36.053496	339.300000	36.053496
31400	314.0000	661.040000	36.057631	338.960000	36.057631
31500	315.0000	659.120000	36.233748	340.880000	36.233748
31600	316.0000	658.460000	36.280024	341.540000	36.280024
31700	317.0000	662.700000	35.866232	337.300000	35.866232
31800	318.0000	660.000000	36.124308	340.000000	36.124308
31900	319.0000	655.280000	36.627575	344.720000	36.627575
32000	320.0000	658.660000	36.292397	341.340000	36.292397
32100	321.0000	658.520000	36.250862	341.480000	36.250862
32200	322.0000	661.500000	35.969156	338.500000	35.969156
32300	323.0000	660.220000	36.134817	339.780000	36.134817
32400	324.0000	661.020000	36.069328	338.980000	36.069328
32500	325.0000	658.340000	36.319346	341.660000	36.319346
32600	326.0000	657.780000	36.373158	342.220000	36.373158
32700	327.0000	659.360000	36.250161	340.640000	36.250161
32800	328.0000	660.840000	36.019954	339.160000	36.019954
32900	329.0000	658.120000	36.360282	341.880000	36.360282
33000	330.0000	661.780000	35.947176	338.220000	35.947176
33100	331.0000	655.360000	36.605680	344.640000	36.605680
33200	332.0000	663.480000	35.775469	336.520000	35.775469
33300	333.0000	662.300000	35.896142	337.700000	35.896142
33400	334.0000	658.080000	36.355124	341.920000	36.355124
33500	335.0000	656.020000	36.582034	343.980000	36.582034
33600	336.0000	662.620000	35.854337	337.380000	35.854337
33700	337.0000	661.800000	35.930154	338.200000	35.930154
33800	338.0000	662.780000	35.869857	337.220000	35.869857
33900	339.0000	660.120000	36.123296	339.880000	36.123296
34000	340.0000	657.380000	36.405636	342.620000	36.405636
34100	341.0000	657.160000	36.446447	342.840000	36.446447
34200	342.0000	657.780000	36.414890	342.220000	36.414890
34300	343.0000	655.960000	36.570031	344.040000	36.570031
34400	344.0000	654.680000	36.731746	345.320000	36.731746
34500	345.0000	656.460000	36.558000	343.540000	36.558000
34600	346.0000	659.160000	36.278934	340.840000	36.278934
34700	347.0000	661.980000	35.941636	338.020000	35.941636
34800	348.0000	657.480000	36.393475	342.520000	36.393475
34900	349.0000	661.980000	35.911987	338.020000	35.911987
35000	350.0000	653.720000	36.825980	346.280000	36.825980
35100	351.0000	656.360000	36.522681	343.640000	36.522681
35200	352.0000	658.340000	36.311647	341.660000	36.311647
35300	353.0000	658.220000	36.354161	341.780000	36.354161
35400	354.0000	658.060000	36.340186	341.940000	36.340186
35500	355.0000	656.560000	36.475626	343.440000	36.475626
35600	356.0000	660.640000	36.044969	339.360000	36.044969
35700	357.0000	658.320000	36.320765	341.680000	36.320765
35800	358.0000	659.300000	36.207759	340.700000	36.207759
35900	359.0000	656.740000	36.506370	343.260000	36.506370
36000	360.0000	660.940000	36.038584	339.060000	36.038584
36100	361.0000	658.600000	36.285281	341.400000	36.285281
36200	362.0000	660.320000	36.116007	339.680000	36.116007
36300	363.0000	656.140000	36.552373	343.860000	36.552373
36400	364.0000	658.520000	36.361598	341.480000	36.361598
36500	365.0000	654.940000	36.686394	345.060000	36.686394
36600	366.0000	652.400000	36.923055	347.600000	36.923055
36700	367.0000	657.580000	36.415547	342.420000	36.415547
36800	368.0000	654.460000	36.743557	345.540000	36.743557
36900	369.0000	654.720000	36.714728	345.280000	36.714728
37000	370.0000	657.780000	36.391717	342.220000	36.391717
37100	371.0000	660.880000	36.044746	339.120000	36.044746
37200	372.0000	664.680000	35.708357	335.320000	35.708357
37300	373.0000	662.180000	35.921689	337.820000	35.921689
37400	374.0000	657.900000	36.354590	342.100000	36.354590
37500	375.0000	660.100000	36.162945	339.900000	36.162945
37600	376.0000	664.240000	35.702790	335.760000	35.702790
37700	377.0000	663.580000	35.793017	336.420000	35.793017
37800	378.0000	660.380000	36.095361	339.620000	36.095361
37900	379.0000	657.660000	36.353251	342.340000	36.353251
38000	380.0000	657.800000	36.387701	342.200000	36.387701
38100	381.0000	654.680000	36.698582	345.320000	36.698582
38200	382.0000	652.760000	36.920374	347.240000	36.920374
38300	383.0000	655.000000	36.678310	345.000000	36.678310
38400	384.0000	660.820000	36.040707	339.180000	36.040707
38500	385.0000	655.700000	36.582971	344.300000	36.582971
38600	386.0000	656.820000	36.491530	343.180000	36.491530
38700	387.0000	657.240000	36.449335	342.760000	36.449335
38800	388.0000	659.920000	36.117451	340.080000	36.117451
38900	389.0000	658.860000	36.259873	341.140000	36.259873
39000	390.0000	653.000000	36.852864	347.000000	36.852864
39100	391.0000	656.000000	36.554868	344.000000	36.554868
39200	392.0000	656.720000	36.478772	343.280000	36.478772
39300	393.0000	659.740000	36.133893	340.260000	36.133893
39400	394.0000	658.580000	36.305450	341.420000	36.305450
39500	395.0000	657.220000	36.421239	342.780000	36.421239
39600	396.0000	657.620000	36.427538	342.380000	36.427538
39700	397.0000	657.500000	36.386660	342.500000	36.386660
39800	398.0000	659.660000	36.185750	340.340000	36.185750
39900	399.0000	658.380000	36.331275	341.620000	36.331275
40000	400.0000	659.080000	36.300951	340.920000	36.300951
40100	401.0000	661.220000	36.065044	338.780000	36.065044
40200	402.0000	661.760000	35.965512	338.240000	35.965512
40300	403.0000	660.640000	36.042927	339.360000	36.042927
40400	404.0000	660.800000	36.044550	339.200000	36.044550
40500	405.0000	658.000000	36.356700	342.000000	36.356700
40600	406.0000	659.760000	36.148268	340.240000	36.148268
40700	407.0000	657.820000	36.414477	342.180000	36.414477
40800	408.0000	660.340000	36.161190	339.660000	36.161190
40900	409.0000	658.440000	36.294696	341.560000	36.294696
41000	410.0000	654.860000	36.662253	345.140000	36.662253
41100	411.0000	658.860000	36.262984	341.140000	36.262984
41200	412.0000	653.940000	36.792134	346.060000	36.792134
41300	413.0000	660.280000	36.123577	339.720000	36.123577
41400	414.0000	660.340000	36.178398	339.660000	36.178398
41500	415.0000	660.320000	36.133956	339.680000	36.133956
41600	416.0000	658.000000	36.349107	342.000000	36.349107
41700	417.0000	660.560000	36.086243	339.440000	36.086243
41800	418.0000	657.020000	36.465090	342.980000	36.465090
41900	419.0000	658.260000	36.315042	341.740000	36.315042
42000	420.0000	657.560000	36.414691	342.440000	36.414691
42100	421.0000	655.140000	36.713431	344.860000	36.713431
42200	422.0000	656.000000	36.549616	344.000000	36.549616
42300	423.0000	656.380000	36.547688	343.620000	36.547688
42400	424.0000	655.380000	36.615842	344.620000	36.615842
42500	425.0000	657.020000	36.440686	342.980000	36.440686
42600	426.0000	659.300000	36.206422	340.700000	36.206422
42700	427.0000	655.120000	36.635236	344.880000	36.635236
42800	428.0000	656.540000	36.483785	343.460000	36.483785
42900	429.0000	657.560000	36.440024	342.440000	36.440024
43000	430.0000	659.540000	36.192267	340.460000	36.192267
43100	431.0000	658.420000	36.315342	341.580000	36.315342
43200	432.0000	655.520000	36.568536	344.480000	36.568536
43300	433.0000	654.700000	36.684179	345.300000	36.684179
43400	434.0000	656.680000	36.500471	343.320000	36.500471
43500	435.0000	659.340000	36.241729	340.660000	36.241729
43600	436.0000	659.520000	36.216673	340.480000	36.216673
43700	437.0000	657.400000	36.406021	342.600000	36.406021
43800	438.0000	654.940000	36.695225	345.060000	36.695225
43900	439.0000	653.760000	36.812656	346.240000	36.812656
44000	440.0000	657.340000	36.411895	342.660000	36.411895
44100	441.0000	653.820000	36.774564	346.180000	36.774564
44200	442.0000	658.280000	36.366293	341.720000	36.366293
44300	443.0000	660.200000	36.143459	339.800000	36.143459
44400	444.0000	660.040000	36.156094	339.960000	36.156094
44500	445.0000	660.500000	36.117433	339.500000	36.117433
44600	446.0000	663.520000	35.804784	336.480000	35.804784
44700	447.0000	660.500000	36.081034	339.500000	36.081034
44800	448.0000	655.360000	36.645783	344.640000	36.645783
44900	449.0000	656.840000	36.447764	343.160000	36.447764
45000	450.0000	658.540000	36.336970	341.460000	36.336970
45100	451.0000	658.760000	36.267402	341.240000	36.267402
45200	452.0000	654.580000	36.726634	345.420000	36.726634
45300	453.0000	660.200000	36.106121	339.800000	36.106121
45400	454.0000	660.360000	36.106074	339.640000	36.106074
45500	455.0000	654.300000	36.726505	345.700000	36.726505
45600	456.0000	655.000000	36.674667	345.000000	36.674667
45700	457.0000	654.720000	36.742259	345.280000	36.742259
45800	458.0000	656.120000	36.536214	343.880000	36.536214
45900	459.0000	657.920000	36.331406	342.080000	36.331406
46000	460.0000	655.040000	36.668198	344.960000	36.668198
46100	461.0000	662.920000	35.835020	337.080000	35.835020
46200	462.0000	661.520000	36.021641	338.480000	36.021641
46300	463.0000	660.520000	36.098933	339.480000	36.098933
46400	464.0000	661.460000	35.968188	338.540000	35.968188
46500	465.0000	658.100000	36.347250	341.900000	36.347250
46600	466.0000	662.340000	35.925229	337.660000	35.925229
46700	467.0000	661.280000	36.060172	338.720000	36.060172
46800	468.0000	661.060000	35.998082	338.940000	35.998082
46900	469.0000	660.160000	36.084427	339.840000	36.084427
47000	470.0000	659.300000	36.229151	340.700000	36.229151
47100	471.0000	658.800000	36.232041	341.200000	36.232041
47200	472.0000	659.280000	36.197415	340.720000	36.197415
47300	473.0000	659.520000	36.168796	340.480000	36.168796
47400	474.0000	660.340000	36.130393	339.660000	36.130393
47500	475.0000	659.940000	36.158644	340.060000	36.158644
47600	476.0000	661.440000	35.992946	338.560000	35.992946
47700	477.0000	655.860000	36.594951	344.140000	36.594951
47800	478.0000	654.740000	36.743694	345.260000	36.743694
47900	479.0000	656.980000	36.462128	343.020000	36.462128
48000	480.0000	658.780000	36.267531	341.220000	36.267531
48100	481.0000	656.360000	36.511365	343.640000	36.511365
48200	482.0000	655.540000	36.639697	344.460000	36.639697
48300	483.0000	660.120000	36.134633	339.880000	36.134633
48400	484.0000	658.040000	36.348171	341.960000	36.348171
48500	485.0000	655.940000	36.580939	344.060000	36.580939
48600	486.0000	657.980000	36.369333	342.020000	36.369333
48700	487.0000	653.480000	36.837679	346.520000	36.837679
48800	488.0000	653.040000	36.856207	346.960000	36.856207
48900	489.0000	657.600000	36.424651	342.400000	36.424651
49000	490.0000	656.580000	36.517515	343.420000	36.517515
49100	491.0000	655.420000	36.640197	344.580000	36.640197
49200	492.0000	659.960000	36.142960	340.040000	36.142960
49300	493.0000	659.460000	36.220339	340.540000	36.220339
49400	494.0000	658.220000	36.326126	341.780000	36.326126
49500	495.0000	653.880000	36.781230	346.120000	36.781230
49600	496.0000	660.100000	36.123580	339.900000	36.123580
49700	497.0000	656.940000	36.462786	343.060000	36.462786
49800	498.0000	660.560000	36.101270	339.440000	36.101270
49900	499.0000	659.640000	36.183496	340.360000	36.183496
50000	500.0000	662.660000	35.834549	337.340000	35.834549
50100	501.0000	660.460000	36.097725	339.540000	36.097725
50200	502.0000	659.000000	36.304490	341.000000	36.304490
50300	503.0000	658.540000	36.331333	341.460000	36.331333
50400	504.0000	657.880000	36.367234	342.120000	36.367234
50500	505.0000	656.500000	36.527702	343.500000	36.527702
50600	506.0000	658.520000	36.289979	341.480000	36.289979
50700	507.0000	657.060000	36.450113	342.940000	36.450113
50800	508.0000	654.860000	36.707787	345.140000	36.707787
50900	509.0000	659.180000	36.214690	340.820000	36.214690
51000	510.0000	661.040000	36.024824	338.960000	36.024824
51100	511.0000	663.580000	35.767841	336.420000	35.767841
51200	512.0000	660.660000	36.080871	339.340000	36.080871
51300	513.0000	658.260000	36.348038	341.740000	36.348038
51400	514.0000	660.340000	36.104145	339.660000	36.104145
51500	515.0000	659.720000	36.185191	340.280000	36.185191
51600	516.0000	658.400000	36.327653	341.600000	36.327653
51700	517.0000	655.840000	36.605184	344.160000	36.605184
51800	518.0000	659.380000	36.227657	340.620000	36.227657
51900	519.0000	655.780000	36.663991	344.220000	36.663991
52000	520.0000	658.000000	36.371395	342.000000	36.371395
52100	521.0000	658.440000	36.293219	341.560000	36.293219
52200	522.0000	658.820000	36.272874	341.180000	36.272874
52300	523.0000	661.400000	36.011598	338.600000	36.011598
52400	524.0000	659.940000	36.155978	340.060000	36.155978
52500	525.0000	657.060000	36.471495	342.940000	36.471495
52600	526.0000	657.140000	36.440911	342.860000	36.440911
52700	527.0000	658.080000	36.337978	341.920000	36.337978
52800	528.0000	661.400000	35.998489	338.600000	35.998489
52900	529.0000	658.200000	36.344936	341.800000	36.344936
53000	530.0000	659.200000	36.265565	340.800000	36.265565
53100	531.0000	657.600000	36.393483	342.400000	36.393483
53200	532.0000	659.820000	36.165914	340.180000	36.165914
53300	533.0000	658.600000	36.329955	341.400000	36.329955
53400	534.0000	657.960000	36.356204	342.040000	36.356204
53500	535.0000	656.940000	36.461392	343.060000	36.461392
53600	536.0000	656.320000	36.494059	343.680000	36.494059
53700	537.0000	663.280000	35.813774	336.720000	35.813774
53800	538.0000	658.120000	36.320965	341.880000	36.320965
53900	539.0000	660.080000	36.144398	339.920000	36.144398
54000	540.0000	659.200000	36.204232	340.800000	36.204232
54100	541.0000	658.560000	36.320420	341.440000	36.320420
54200	542.0000	657.260000	36.413051	342.740000	36.413051
54300	543.0000	662.000000	35.924187	338.000000	35.924187
54400	544.0000	663.200000	35.801475	336.800000	35.801475
54500	545.0000	662.040000	35.930944	337.960000	35.930944
54600	546.0000	661.120000	36.027952	338.880000	36.027952
54700	547.0000	661.380000	36.033217	338.620000	36.033217
54800	548.0000	659.700000	36.209714	340.300000	36.209714
54900	549.0000	658.480000	36.367054	341.520000	36.367054
55000	550.0000	656.060000	36.572191	343.940000	36.572191
55100	551.0000	655.540000	36.591433	344.460000	36.591433
55200	552.0000	657.000000	36.431009	343.000000	36.431009
55300	553.0000	656.260000	36.517292	343.740000	36.517292
55400	554.0000	659.600000	36.179088	340.400000	36.179088
55500	555.0000	655.000000	36.690555	345.000000	36.690555
55600	556.0000	661.780000	35.961027	338.220000	35.961027
55700	557.0000	661.180000	36.043526	338.820000	36.043526
55800	558.0000	659.040000	36.301404	340.960000	36.301404
55900	559.0000	660.660000	36.070970	339.340000	36.070970
56000	560.0000	658.700000	36.260593	341.300000	36.260593
56100	561.0000	657.660000	36.424746	342.340000	36.424746
56200	562.0000	658.760000	36.289795	341.240000	36.289795
56300	563.0000	659.400000	36.213489	340.600000	36.213489
56400	564.0000	658.340000	36.347848	341.660000	36.347848
56500	565.0000	659.840000	36.162637	340.160000	36.162637
56600	566.0000	659.940000	36.133944	340.060000	36.133944
56700	567.0000	659.560000	36.174070	340.440000	36.174070
56800	568.0000	656.600000	36.488080	343.400000	36.488080
56900	569.0000	656.420000	36.520494	343.580000	36.520494
57000	570.0000	658.880000	36.248803	341.120000	36.248803
57100	571.0000	658.100000	36.339931	341.900000	36.339931
57200	572.0000	660.720000	36.050920	339.280000	36.050920
57300	573.0000	662.120000	35.936329	337.880000	35.936329
57400	574.0000	660.420000	36.117985	339.580000	36.117985
57500	575.0000	659.680000	36.204491	340.320000	36.204491
57600	576.0000	655.040000	36.680414	344.960000	36.680414
57700	577.0000	655.360000	36.603407	344.640000	36.603407
57800	578.0000	659.420000	36.192299	340.580000	36.192299
57900	579.0000	658.520000	36.266406	341.480000	36.266406
58000	580.0000	654.660000	36.742189	345.340000	36.742189
58100	581.0000	655.660000	36.587086	344.340000	36.587086
58200	582.0000	656.700000	36.478292	343.300000	36.478292
58300	583.0000	660.700000	36.070212	339.300000	36.070212
58400	584.0000	655.860000	36.563195	344.140000	36.563195
58500	585.0000	657.380000	36.436003	342.620000	36.436003
58600	586.0000	657.080000	36.428635	342.920000	36.428635
58700	587.0000	659.020000	36.233371	340.980000	36.233371
58800	588.0000	661.300000	35.990579	338.700000	35.990579
58900	589.0000	660.580000	36.058975	339.420000	36.058975
59000	590.0000	656.800000	36.465798	343.200000	36.465798
59100	591.0000	658.100000	36.318912	341.900000	36.318912
59200	592.0000	657.440000	36.399397	342.560000	36.399397
59300	593.0000	661.900000	35.931660	338.100000	35.931660
59400	594.0000	659.300000	36.249714	340.700000	36.249714
59500	595.0000	658.840000	36.292284	341.160000	36.292284
59600	596.0000	659.900000	36.169681	340.100000	36.169681
59700	597.0000	658.040000	36.349712	341.960000	36.349712
59800	598.0000	656.260000	36.581184	343.740000	36.581184
59900	599.0000	659.140000	36.211490	340.860000	36.211490
60000	600.0000	657.380000	36.416237	342.620000	36.416237
60100	601.0000	657.360000	36.418959	342.640000	36.418959
60200	602.0000	660.000000	36.123521	340.000000	36.123521
60300	603.0000	660.080000	36.153836	339.920000	36.153836
60400	604.0000	661.220000	36.037018	338.780000	36.037018
60500	605.0000	661.920000	35.945479	338.080000	35.945479
60600	606.0000	655.140000	36.659569	344.860000	36.659569
60700	607.0000	654.560000	36.702220	345.440000	36.702220
60800	608.0000	658.980000	36.238151	341.020000	36.238151
60900	609.0000	661.880000	35.939790	338.120000	35.939790
61000	610.0000	659.220000	36.237575	340.780000	36.237575
61100	611.0000	659.040000	36.280198	340.960000	36.280198
61200	612.0000	657.960000	36.376289	342.040000	36.376289
61300	613.0000	656.800000	36.492147	343.200000	36.492147
61400	614.0000	657.240000	36.459990	342.760000	36.459990
61500	615.0000	653.400000	36.839425	346.600000	36.839425
61600	616.0000	653.380000	36.869932	346.620000	36.869932
61700	617.0000	657.560000	36.428079	342.440000	36.428079
61800	618.0000	656.860000	36.482083	343.140000	36.482083
61900	619.0000	658.140000	36.345355	341.860000	36.345355
62000	620.0000	659.260000	36.258591	340.740000	36.258591
62100	621.0000	656.980000	36.475488	343.020000	36.475488
62200	622.0000	656.800000	36.498164	343.200000	36.498164
62300	623.0000	658.140000	36.326277	341.860000	36.326277
62400	624.0000	654.660000	36.720835	345.340000	36.720835
62500	625.0000	659.020000	36.270401	340.980000	36.270401
62600	626.0000	656.580000	36.510953	343.420000	36.510953
62700	627.0000	654.780000	36.681541	345.220000	36.681541
62800	628.0000	657.400000	36.434390	342.600000	36.434390
62900	629.0000	660.200000	36.127142	339.800000	36.127142
63000	630.0000	658.480000	36.336188	341.520000	36.336188
63100	631.0000	660.400000	36.141677	339.600000	36.141677
63200	632.0000	661.160000	36.048616	338.840000	36.048616
63300	633.0000	655.640000	36.609581	344.360000	36.609581
63400	634.0000	656.940000	36.477482	343.060000	36.477482
63500	635.0000	657.920000	36.398152	342.080000	36.398152
63600	636.0000	657.320000	36.431694	342.680000	36.431694
63700	637.0000	659.460000	36.178416	340.540000	36.178416
63800	638.0000	655.560000	36.607127	344.440000	36.607127
63900	639.0000	660.080000	36.128868	339.920000	36.128868
64000	640.0000	662.780000	35.873793	337.220000	35.873793
64100	641.0000	661.980000	35.959049	338.020000	35.959049
64200	642.0000	662.320000	35.956590	337.680000	35.956590
64300	643.0000	658.040000	36.347687	341.960000	36.347687
64400	644.0000	660.440000	36.109779	339.560000	36.109779
64500	645.0000	659.000000	36.273781	341.000000	36.273781
64600	646.0000	657.760000	36.401193	342.240000	36.401193
64700	647.0000	656.820000	36.455240	343.180000	36.455240
64800	648.0000	657.420000	36.388757	342.580000	36.388757
64900	649.0000	655.320000	36.636413	344.680000	36.636413
65000	650.0000	654.580000	36.766301	345.420000	36.766301
65100	651.0000	655.960000	36.553796	344.040000	36.553796
65200	652.0000	656.360000	36.541196	343.640000	36.541196
65300	653.0000	656.140000	36.555273	343.860000	36.555273
65400	654.0000	659.260000	36.204230	340.740000	36.204230
65500	655.0000	660.940000	36.056959	339.060000	36.056959
65600	656.0000	660.340000	36.070394	339.660000	36.070394
65700	657.0000	656.420000	36.525225	343.580000	36.525225
65800	658.0000	658.660000	36.279036	341.340000	36.279036
65900	659.0000	656.680000	36.519380	343.320000	36.519380
66000	660.0000	656.220000	36.532060	343.780000	36.532060
66100	661.0000	657.240000	36.408192	342.760000	36.408192
66200	662.0000	653.880000	36.764794	346.120000	36.764794
66300	663.0000	654.700000	36.683841	345.300000	36.683841
66400	664.0000	658.060000	36.351577	341.940000	36.351577
66500	665.0000	658.540000	36.291147	341.460000	36.291147
66600	666.0000	659.600000	36.201657	340.400000	36.201657
66700	667.0000	659.480000	36.206842	340.520000	36.206842
66800	668.0000	662.120000	35.968460	337.880000	35.968460
66900	669.0000	661.440000	36.019641	338.560000	36.019641
67000	670.0000	659.080000	36.256507	340.920000	36.256507
67100	671.0000	659.380000	36.229920	340.620000	36.229920
67200	672.0000	661.760000	35.947357	338.240000	35.947357
67300	673.0000	658.140000	36.334149	341.860000	36.334149
67400	674.0000	660.160000	36.156431	339.840000	36.156431
67500	675.0000	660.040000	36.194021	339.960000	36.194021
67600	676.0000	657.300000	36.441880	342.700000	36.441880
67700	677.0000	657.380000	36.420872	342.620000	36.420872
67800	678.0000	661.320000	36.032246	338.680000	36.032246
67900	679.0000	661.000000	36.066882	339.000000	36.066882
68000	680.0000	659.820000	36.152507	340.180000	36.152507
68100	681.0000	656.640000	36.450204	343.360000	36.450204
68200	682.0000	655.760000	36.603252	344.240000	36.603252
68300	683.0000	658.000000	36.353454	342.000000	36.353454
68400	684.0000	657.260000	36.440064	342.740000	36.440064
68500	685.0000	658.320000	36.283930	341.680000	36.283930
68600	686.0000	659.100000	36.248390	340.900000	36.248390
68700	687.0000	660.940000	36.044466	339.060000	36.044466
68800	688.0000	659.940000	36.173387	340.060000	36.173387
68900	689.0000	660.460000	36.051000	339.540000	36.051000
69000	690.0000	658.240000	36.327571	341.760000	36.327571
69100	691.0000	658.680000	36.270489	341.320000	36.270489
69200	692.0000	659.200000	36.242042	340.800000	36.242042
69300	693.0000	665.240000	35.623527	334.760000	35.623527
69400	694.0000	663.020000	35.861171	336.980000	35.861171
69500	695.0000	661.200000	36.038824	338.800000	36.038824
69600	696.0000	659.060000	36.230058	340.940000	36.230058
69700	697.0000	656.460000	36.504314	343.540000	36.504314
69800	698.0000	657.460000	36.385175	342.540000	36.385175
69900	699.0000	655.800000	36.608840	344.200000	36.608840
70000	700.0000	659.460000	36.245300	340.540000	36.245300
70100	701.0000	659.420000	36.200874	340.580000	36.200874
70200	702.0000	656.020000	36.561482	343.980000	36.561482
70300	703.0000	660.080000	36.169698	339.920000	36.169698
70400	704.0000	659.840000	36.162039	340.160000	36.162039
70500	705.0000	658.160000	36.323858	341.840000	36.323858
70600	706.0000	661.680000	35.954209	338.320000	35.954209
70700	707.0000	658.920000	36.273647	341.080000	36.273647
70800	708.0000	661.020000	36.040649	338.980000	36.040649
70900	709.0000	660.060000	36.162991	339.940000	36.162991
71000	710.0000	661.100000	36.052986	338.900000	36.052986
71100	711.0000	662.580000	35.838383	337.420000	35.838383
71200	712.0000	658.820000	36.237568	341.180000	36.237568
71300	713.0000	659.120000	36.221625	340.880000	36.221625
71400	714.0000	659.700000	36.162989	340.300000	36.162989
71500	715.0000	656.840000	36.459735	343.160000	36.459735
71600	716.0000	654.540000	36.721723	345.460000	36.721723
71700	717.0000	660.280000	36.130320	339.720000	36.130320
71800	718.0000	661.480000	36.034531	338.520000	36.034531
71900	719.0000	660.840000	36.077820	339.160000	36.077820
72000	720.0000	661.000000	36.027168	339.000000	36.027168
72100	721.0000	660.820000	36.060834	339.180000	36.060834
72200	722.0000	659.240000	36.230557	340.760000	36.230557
72300	723.0000	659.620000	36.197822	340.380000	36.197822
72400	724.0000	653.240000	36.897919	346.760000	36.897919
72500	725.0000	656.180000	36.536017	343.820000	36.536017
72600	726.0000	654.880000	36.665828	345.120000	36.665828
72700	727.0000	654.420000	36.737644	345.580000	36.737644
72800	728.0000	653.240000	36.880603	346.760000	36.880603
72900	729.0000	657.360000	36.446506	342.640000	36.446506
73000	730.0000	656.800000	36.494142	343.200000	36.494142
73100	731.0000	660.940000	36.064569	339.060000	36.064569
73200	732.0000	657.740000	36.372075	342.260000	36.372075
73300	733.0000	659.160000	36.262646	340.840000	36.262646
73400	734.0000	659.060000	36.222484	340.940000	36.222484
73500	735.0000	659.080000	36.220479	340.920000	36.220479
73600	736.0000	658.380000	36.291717	341.620000	36.291717
73700	737.0000	661.460000	35.979285	338.540000	35.979285
73800	738.0000	662.500000	35.890525	337.500000	35.890525
73900	739.0000	659.560000	36.169757	340.440000	36.169757
74000	740.0000	656.760000	36.507025	343.240000	36.507025
74100	741.0000	658.100000	36.326654	341.900000	36.326654
74200	742.0000	657.680000	36.373853	342.320000	36.373853
74300	743.0000	660.140000	36.107063	339.860000	36.107063
74400	744.0000	660.780000	36.076422	339.220000	36.076422
74500	745.0000	658.060000	36.371301	341.940000	36.371301
74600	746.0000	661.680000	35.989526	338.320000	35.989526
74700	747.0000	660.200000	36.126755	339.800000	36.126755
74800	748.0000	660.640000	36.108168	339.360000	36.108168
74900	749.0000	653.900000	36.827503	346.100000	36.827503
75000	750.0000	659.040000	36.285346	340.960000	36.285346
75100	751.0000	656.320000	36.611839	343.680000	36.611839
75200	752.0000	656.760000	36.502631	343.240000	36.502631
75300	753.0000	656.660000	36.479568	343.340000	36.479568
75400	754.0000	658.660000	36.279577	341.340000	36.279577
75500	755.0000	663.240000	35.794844	336.760000	35.794844
75600	756.0000	662.700000	35.840717	337.300000	35.840717
75700	757.0000	660.800000	36.103374	339.200000	36.103374
75800	758.0000	657.300000	36.455411	342.700000	36.455411
75900	759.0000	661.180000	36.012261	338.820000	36.012261
76000	760.0000	662.260000	35.884078	337.740000	35.884078
76100	761.0000	658.240000	36.318938	341.760000	36.318938
76200	762.0000	657.640000	36.423583	342.360000	36.423583
76300	763.0000	658.960000	36.260314	341.040000	36.260314
76400	764.0000	658.080000	36.361032	341.920000	36.361032
76500	765.0000	657.960000	36.348491	342.040000	36.348491
76600	766.0000	656.980000	36.458683	343.020000	36.458683
76700	767.0000	657.420000	36.393033	342.580000	36.393033
76800	768.0000	657.840000	36.404894	342.160000	36.404894
76900	769.0000	657.360000	36.421365	342.640000	36.421365
77000	770.0000	657.220000	36.411089	342.780000	36.411089
77100	771.0000	654.020000	36.764782	345.980000	36.764782
77200	772.0000	657.340000	36.418837	342.660000	36.418837
77300	773.0000	656.220000	36.557913	343.780000	36.557913
77400	774.0000	653.940000	36.750928	346.060000	36.750928
77500	775.0000	656.760000	36.503606	343.240000	36.503606
77600	776.0000	659.720000	36.187866	340.280000	36.187866
77700	777.0000	656.920000	36.467715	343.080000	36.467715
77800	778.0000	661.980000	35.981401	338.020000	35.981401
77900	779.0000	659.100000	36.231282	340.900000	36.231282
78000	780.0000	659.260000	36.198418	340.740000	36.198418
78100	781.0000	656.920000	36.459960	343.080000	36.459960
78200	782.0000	661.740000	35.940003	338.260000	35.940003
78300	783.0000	663.800000	35.778250	336.200000	35.778250
78400	784.0000	662.060000	35.982778	337.940000	35.982778
78500	785.0000	659.560000	36.198068	340.440000	36.198068
78600	786.0000	655.180000	36.665468	344.820000	36.665468
78700	787.0000	660.940000	36.024907	339.060000	36.024907
78800	788.0000	661.100000	36.022940	338.900000	36.022940
78900	789.0000	662.000000	35.947306	338.000000	35.947306
79000	790.0000	658.180000	36.351734	341.820000	36.351734
79100	791.0000	663.100000	35.845092	336.900000	35.845092
79200	792.0000	658.860000	36.268962	341.140000	36.268962
79300	793.0000	661.000000	36.033607	339.000000	36.033607
79400	794.0000	659.600000	36.178192	340.400000	36.178192
79500	795.0000	661.500000	35.976195	338.500000	35.976195
79600	796.0000	658.440000	36.317116	341.560000	36.317116
79700	797.0000	657.480000	36.473489	342.520000	36.473489
79800	798.0000	658.480000	36.312733	341.520000	36.312733
79900	799.0000	658.240000	36.338162	341.760000	36.338162
80000	800.0000	660.500000	36.070512	339.500000	36.070512
80100	801.0000	658.680000	36.284139	341.320000	36.284139
80200	802.0000	655.120000	36.676910	344.880000	36.676910
80300	803.0000	659.100000	36.249990	340.900000	36.249990
80400	804.0000	659.060000	36.253600	340.940000	36.253600
80500	805.0000	656.280000	36.554737	343.720000	36.554737
80600	806.0000	652.800000	36.928580	347.200000	36.928580
80700	807.0000	652.220000	37.017134	347.780000	37.017134
80800	808.0000	656.600000	36.510163	343.400000	36.510163
80900	809.0000	658.540000	36.329505	341.460000	36.329505
81000	810.0000	662.060000	35.920294	337.940000	35.920294
81100	811.0000	659.240000	36.244421	340.760000	36.244421
81200	812.0000	658.820000	36.309092	341.180000	36.309092
81300	813.0000	658.160000	36.378239	341.840000	36.378239
81400	814.0000	659.480000	36.201992	340.520000	36.201992
81500	815.0000	655.960000	36.656546	344.040000	36.656546
81600	816.0000	659.560000	36.193095	340.440000	36.193095
81700	817.0000	659.120000	36.229145	340.880000	36.229145
81800	818.0000	660.540000	36.077408	339.460000	36.077408
81900	819.0000	660.340000	36.089629	339.660000	36.089629
82000	820.0000	660.100000	36.117577	339.900000	36.117577
82100	821.0000	657.280000	36.429428	342.720000	36.429428
82200	822.0000	660.440000	36.095652	339.560000	36.095652
82300	823.0000	655.980000	36.547366	344.020000	36.547366
82400	824.0000	658.360000	36.299132	341.640000	36.299132
82500	825.0000	660.460000	36.083273	339.540000	36.083273
82600	826.0000	661.760000	35.965745	338.240000	35.965745
82700	827.0000	660.520000	36.079992	339.480000	36.079992
82800	828.0000	658.880000	36.240040	341.120000	36.240040
82900	829.0000	658.600000	36.269955	341.400000	36.269955
83000	830.0000	659.900000	36.147932	340.100000	36.147932
83100	831.0000	660.540000	36.059897	339.460000	36.059897
83200	832.0000	659.060000	36.258984	340.940000	36.258984
83300	833.0000	660.020000	36.146098	339.980000	36.146098
83400	834.0000	659.940000	36.136612	340.060000	36.136612
83500	835.0000	662.660000	35.845464	337.340000	35.845464
83600	836.0000	659.220000	36.223134	340.780000	36.223134
83700	837.0000	659.060000	36.232631	340.940000	36.232631
83800	838.0000	662.580000	35.905989	337.420000	35.905989
83900	839.0000	659.660000	36.219062	340.340000	36.219062
84000	840.0000	658.080000	36.341358	341.920000	36.341358
84100	841.0000	657.020000	36.445976	342.980000	36.445976
84200	842.0000	660.220000	36.113436	339.780000	36.113436
84300	843.0000	660.500000	36.116315	339.500000	36.116315
84400	844.0000	664.400000	35.677063	335.600000	35.677063
84500	845.0000	661.400000	35.979817	338.600000	35.979817
84600	846.0000	663.980000	35.719983	336.020000	35.719983
84700	847.0000	662.340000	35.884912	337.660000	35.884912
84800	848.0000	659.700000	36.164825	340.300000	36.164825
84900	849.0000	660.320000	36.082167	339.680000	36.082167
85000	850.0000	658.120000	36.318223	341.880000	36.318223
85100	851.0000	657.060000	36.451441	342.940000	36.451441
85200	852.0000	660.540000	36.119659	339.460000	36.119659
85300	853.0000	661.240000	35.992772	338.760000	35.992772
85400	854.0000	659.400000	36.191358	340.600000	36.191358
85500	855.0000	657.760000	36.376163	342.240000	36.376163
85600	856.0000	658.280000	36.326905	341.720000	36.326905
85700	857.0000	655.440000	36.616665	344.560000	36.616665
85800	858.0000	663.700000	35.743108	336.300000	35.743108
85900	859.0000	658.100000	36.343872	341.900000	36.343872
86000	860.0000	658.780000	36.262998	341.220000	36.262998
86100	861.0000	656.960000	36.468430	343.040000	36.468430
86200	862.0000	653.660000	36.832786	346.340000	36.832786
86300	863.0000	656.720000	36.501047	343.280000	36.501047
86400	864.0000	659.060000	36.273962	340.940000	36.273962
86500	865.0000	659.520000	36.221609	340.480000	36.221609
86600	866.0000	659.480000	36.238910	340.520000	36.238910
86700	867.0000	659.860000	36.151504	340.140000	36.151504
86800	868.0000	658.320000	36.337754	341.680000	36.337754
86900	869.0000	661.260000	36.049320	338.740000	36.049320
87000	870.0000	658.900000	36.264233	341.100000	36.264233
87100	871.0000	660.400000	36.092182	339.600000	36.092182
87200	872.0000	657.700000	36.438532	342.300000	36.438532
87300	873.0000	661.620000	36.004232	338.380000	36.004232
87400	874.0000	657.120000	36.492319	342.880000	36.492319
87500	875.0000	657.220000	36.430759	342.780000	36.430759
87600	876.0000	656.400000	36.511960	343.600000	36.511960
87700	877.0000	660.300000	36.106501	339.700000	36.106501
87800	878.0000	657.380000	36.431853	342.620000	36.431853
87900	879.0000	658.620000	36.274298	341.380000	36.274298
88000	880.0000	661.060000	36.063116	338.940000	36.063116
88100	881.0000	659.020000	36.231439	340.980000	36.231439
88200	882.0000	658.800000	36.275667	341.200000	36.275667
88300	883.0000	659.280000	36.226985	340.720000	36.226985
88400	884.0000	660.380000	36.072903	339.620000	36.072903
88500	885.0000	660.880000	36.037865	339.120000	36.037865
88600	886.0000	659.520000	36.197019	340.480000	36.197019
88700	887.0000	661.920000	35.954102	338.080000	35.954102
88800	888.0000	659.400000	36.220006	340.600000	36.220006
88900	889.0000	659.500000	36.190322	340.500000	36.190322
89000	890.0000	656.380000	36.534706	343.620000	36.534706
89100	891.0000	657.020000	36.457992	342.980000	36.457992
89200	892.0000	656.300000	36.527176	343.700000	36.527176
89300	893.0000	658.540000	36.314672	341.460000	36.314672
89400	894.0000	658.200000	36.311970	341.800000	36.311970
89500	895.0000	662.800000	35.822831	337.200000	35.822831
89600	896.0000	663.320000	35.807043	336.680000	35.807043
89700	897.0000	660.500000	36.085579	339.500000	36.085579
89800	898.0000	660.340000	36.121380	339.660000	36.121380
89900	899.0000	659.200000	36.234602	340.800000	36.234602
90000	900.0000	661.700000	35.966042	338.300000	35.966042
90100	901.0000	656.060000	36.537810	343.940000	36.537810
90200	902.0000	657.960000	36.397340	342.040000	36.397340
90300	903.0000	658.220000	36.335969	341.780000	36.335969
90400	904.0000	659.400000	36.202762	340.600000	36.202762
90500	905.0000	660.540000	36.070544	339.460000	36.070544
90600	906.0000	656.420000	36.556259	343.580000	36.556259
90700	907.0000	659.680000	36.184720	340.320000	36.184720
90800	908.0000	661.400000	35.993966	338.600000	35.993966
90900	909.0000	655.780000	36.588067	344.220000	36.588067
91000	910.0000	658.140000	36.335955	341.860000	36.335955
91100	911.0000	657.300000	36.445677	342.700000	36.445677
91200	912.0000	662.460000	35.900097	337.540000	35.900097
91300	913.0000	660.100000	36.153011	339.900000	36.153011
91400	914.0000	660.440000	36.093303	339.560000	36.093303
91500	915.0000	662.760000	35.847673	337.240000	35.847673
91600	916.0000	663.460000	35.755785	336.540000	35.755785
91700	917.0000	660.820000	36.025221	339.180000	36.025221
91800	918.0000	659.520000	36.181921	340.480000	36.181921
91900	919.0000	658.460000	36.284853	341.540000	36.284853
92000	920.0000	655.620000	36.602578	344.380000	36.602578
92100	921.0000	655.840000	36.572081	344.160000	36.572081
92200	922.0000	661.720000	35.963782	338.280000	35.963782
92300	923.0000	660.600000	36.080599	339.400000	36.080599
92400	924.0000	658.800000	36.291839	341.200000	36.291839
92500	925.0000	659.080000	36.278411	340.920000	36.278411
92600	926.0000	653.300000	36.848417	346.700000	36.848417
92700	927.0000	657.340000	36.447602	342.660000	36.447602
92800	928.0000	663.600000	35.751822	336.400000	35.751822
92900	929.0000	656.520000	36.535366	343.480000	36.535366
93000	930.0000	656.760000	36.491090	343.240000	36.491090
93100	931.0000	654.360000	36.747743	345.640000	36.747743
93200	932.0000	658.800000	36.301967	341.200000	36.301967
93300	933.0000	658.080000	36.382500	341.920000	36.382500
93400	934.0000	655.360000	36.613164	344.640000	36.613164
93500	935.0000	654.740000	36.693474	345.260000	36.693474
93600	936.0000	659.700000	36.207659	340.300000	36.207659
93700	937.0000	663.840000	35.745493	336.160000	35.745493
93800	938.0000	661.280000	36.011699	338.720000	36.011699
93900	939.0000	662.800000	35.878361	337.200000	35.878361
94000	940.0000	656.080000	36.552984	343.920000	36.552984
94100	941.0000	658.920000	36.253903	341.080000	36.253903
94200	942.0000	656.540000	36.502857	343.460000	36.502857
94300	943.0000	657.320000	36.415968	342.680000	36.415968
94400	944.0000	657.680000	36.393356	342.320000	36.393356
94500	945.0000	661.880000	35.949661	338.120000	35.949661
94600	946.0000	659.680000	36.164252	340.320000	36.164252
94700	947.0000	659.200000	36.205458	340.800000	36.205458
94800	948.0000	659.480000	36.193969	340.520000	36.193969
94900	949.0000	657.400000	36.468441	342.600000	36.468441
95000	950.0000	658.900000	36.307523	341.100000	36.307523
95100	951.0000	656.920000	36.495039	343.080000	36.495039
95200	952.0000	657.300000	36.447850	342.700000	36.447850
95300	953.0000	658.940000	36.259315	341.060000	36.259315
95400	954.0000	656.100000	36.563416	343.900000	36.563416
95500	955.0000	659.320000	36.275429	340.680000	36.275429
95600	956.0000	660.720000	36.067615	339.280000	36.067615
95700	957.0000	662.160000	35.941390	337.840000	35.941390
95800	958.0000	661.080000	36.053414	338.920000	36.053414
95900	959.0000	661.880000	35.972430	338.120000	35.972430
96000	960.0000	659.600000	36.173714	340.400000	36.173714
96100	961.0000	657.500000	36.379184	342.500000	36.379184
96200	962.0000	657.320000	36.427599	342.680000	36.427599
96300	963.0000	657.240000	36.459331	342.760000	36.459331
96400	964.0000	655.600000	36.645491	344.400000	36.645491
96500	965.0000	655.440000	36.635766	344.560000	36.635766
96600	966.0000	658.400000	36.346224	341.600000	36.346224
96700	967.0000	654.340000	36.732358	345.660000	36.732358
96800	968.0000	656.800000	36.452226	343.200000	36.452226
96900	969.0000	659.060000	36.255366	340.940000	36.255366
97000	970.0000	662.180000	35.879852	337.820000	35.879852
97100	971.0000	661.800000	35.948975	338.200000	35.948975
97200	972.0000	657.640000	36.379904	342.360000	36.379904
97300	973.0000	658.300000	36.310784	341.700000	36.310784
97400	974.0000	657.700000	36.390727	342.300000	36.390727
97500	975.0000	661.020000	36.037519	338.980000	36.037519
97600	976.0000	656.440000	36.495415	343.560000	36.495415
97700	977.0000	658.060000	36.341529	341.940000	36.341529
97800	978.0000	659.020000	36.245844	340.980000	36.245844
97900	979.0000	661.200000	36.051230	338.800000	36.051230
98000	980.0000	656.780000	36.474959	343.220000	36.474959
98100	981.0000	661.160000	36.002504	338.840000	36.002504
98200	982.0000	660.660000	36.054987	339.340000	36.054987
98300	983.0000	663.100000	35.794840	336.900000	35.794840
98400	984.0000	660.600000	36.055313	339.400000	36.055313
98500	985.0000	658.200000	36.335580	341.800000	36.335580
98600	986.0000	664.820000	35.645282	335.180000	35.645282
98700	987.0000	661.580000	35.978461	338.420000	35.978461
98800	988.0000	656.900000	36.447532	343.100000	36.447532
98900	989.0000	660.860000	36.075576	339.140000	36.075576
99000	990.0000	656.660000	36.495015	343.340000	36.495015
99100	991.0000	658.440000	36.269239	341.560000	36.269239
99200	992.0000	660.640000	36.061966	339.360000	36.061966
99300	993.0000	661.100000	36.043121	338.900000	36.043121
99400	994.0000	662.480000	35.918611	337.520000	35.918611
99500	995.0000	662.440000	35.858814	337.560000	35.858814
99600	996.0000	660.200000	36.134327	339.800000	36.134327
99700	997.0000	661.880000	35.967615	338.120000	35.967615
99800	998.0000	656.600000	36.491544	343.400000	36.491544
99900	999.0000	660.280000	36.102709	339.720000	36.102709
100000	1000.0000	661.400000	35.999122	338.600000	35.999122
