# Step	Time	mean_S	stderr_S	mean_I	stderr_I
0	0.0000	999.000000	0.000000	1.000000	0.000000
100	1.0000	998.860000	0.213560	1.140000	0.213560
200	2.0000	998.560000	0.383833	1.440000	0.383833
300	3.0000	998.180000	0.477234	1.820000	0.477234
400	4.0000	998.000000	0.557136	2.000000	0.557136
500	5.0000	997.820000	0.680993	2.180000	0.680993
600	6.0000	997.260000	0.788320	2.740000	0.788320
700	7.0000	997.220000	0.985612	2.780000	0.985612
800	8.0000	997.540000	0.882365	2.460000	0.882365
900	9.0000	997.280000	0.989562	2.720000	0.989562
1000	10.0000	997.540000	0.974150	2.460000	0.974150
1100	11.0000	997.220000	1.217634	2.780000	1.217634
1200	12.0000	997.400000	1.084066	2.600000	1.084066
1300	13.0000	997.360000	1.091333	2.640000	1.091333
1400	14.0000	997.420000	1.193010	2.580000	1.193010
1500	15.0000	997.500000	1.113643	2.500000	1.113643
1600	16.0000	996.960000	1.427434	3.040000	1.427434
1700	17.0000	996.980000	1.456431	3.020000	1.456431
1800	18.0000	996.480000	1.772961	3.520000	1.772961
1900	19.0000	996.460000	1.737863	3.540000	1.737863
2000	20.0000	996.680000	1.590079	3.320000	1.590079
2100	21.0000	996.300000	1.853267	3.700000	1.853267
2200	22.0000	996.680000	1.718706	3.320000	1.718706
2300	23.0000	996.560000	1.754345	3.440000	1.754345
2400	24.0000	996.840000	1.515087	3.160000	1.515087
2500	25.0000	996.760000	1.514083	3.240000	1.514083
2600	26.0000	996.640000	1.564803	3.360000	1.564803
2700	27.0000	996.380000	1.714617	3.620000	1.714617
2800	28.0000	996.500000	1.718430	3.500000	1.718430
2900	29.0000	996.860000	1.527353	3.140000	1.527353
3000	30.0000	995.980000	1.987056	4.020000	1.987056
3100	31.0000	995.560000	2.083873	4.440000	2.083873
3200	32.0000	995.300000	2.154669	4.700000	2.154669
3300	33.0000	995.300000	2.226252	4.700000	2.226252
3400	34.0000	995.340000	2.183320	4.660000	2.183320
3500	35.0000	995.380000	2.198161	4.620000	2.198161
3600	36.0000	995.660000	2.060021	4.340000	2.060021
3700	37.0000	995.460000	2.125692	4.540000	2.125692
3800	38.0000	995.260000	2.247454	4.740000	2.247454
3900	39.0000	995.260000	2.249233	4.740000	2.249233
4000	40.0000	995.540000	2.096132	4.460000	2.096132
4100	41.0000	995.000000	2.301652	5.000000	2.301652
4200	42.0000	994.940000	2.430541	5.060000	2.430541
4300	43.0000	995.280000	2.189254	4.720000	2.189254
4400	44.0000	995.280000	2.306173	4.720000	2.306173
4500	45.0000	995.100000	2.528122	4.900000	2.528122
4600	46.0000	995.200000	2.775896	4.800000	2.775896
4700	47.0000	995.040000	2.682083	4.960000	2.682083
4800	48.0000	994.440000	3.040153	5.560000	3.040153
4900	49.0000	994.200000	3.247029	5.800000	3.247029
5000	50.0000	994.660000	3.152981	5.340000	3.152981
5100	51.0000	994.860000	2.954997	5.140000	2.954997
5200	52.0000	994.160000	3.135010	5.840000	3.135010
5300	53.0000	994.840000	2.793902	5.160000	2.793902
5400	54.0000	994.600000	2.814818	5.400000	2.814818
5500	55.0000	994.380000	2.903224	5.620000	2.903224
5600	56.0000	994.300000	3.060490	5.700000	3.060490
5700	57.0000	994.360000	3.059773	5.640000	3.059773
5800	58.0000	994.420000	2.943072	5.580000	2.943072
5900	59.0000	994.040000	3.084278	5.960000	3.084278
6000	60.0000	993.900000	3.133082	6.100000	3.133082
6100	61.0000	994.080000	3.104428	5.920000	3.104428
6200	62.0000	994.100000	3.058398	5.900000	3.058398
6300	63.0000	993.260000	3.538114	6.740000	3.538114
6400	64.0000	992.940000	3.663377	7.060000	3.663377
6500	65.0000	993.360000	3.572647	6.640000	3.572647
6600	66.0000	992.980000	3.629930	7.020000	3.629930
6700	67.0000	993.400000	3.374493	6.600000	3.374493
6800	68.0000	992.740000	3.730717	7.260000	3.730717
6900	69.0000	993.300000	3.491389	6.700000	3.491389
7000	70.0000	992.980000	3.613474	7.020000	3.613474
7100	71.0000	992.880000	3.682460	7.120000	3.682460
7200	72.0000	993.200000	3.520000	6.800000	3.520000
7300	73.0000	993.040000	3.465021	6.960000	3.465021
7400	74.0000	992.720000	3.683047	7.280000	3.683047
7500	75.0000	992.440000	3.819022	7.560000	3.819022
7600	76.0000	992.220000	3.884460	7.780000	3.884460
7700	77.0000	992.520000	3.776055	7.480000	3.776055
7800	78.0000	993.060000	3.417649	6.940000	3.417649
7900	79.0000	992.440000	3.875271	7.560000	3.875271
8000	80.0000	992.620000	3.771354	7.380000	3.771354
8100	81.0000	992.500000	3.911342	7.500000	3.911342
8200	82.0000	993.480000	3.415639	6.520000	3.415639
8300	83.0000	993.500000	3.439448	6.500000	3.439448
8400	84.0000	993.340000	3.637539	6.660000	3.637539
8500	85.0000	993.340000	3.581129	6.660000	3.581129
8600	86.0000	992.880000	3.870260	7.120000	3.870260
8700	87.0000	993.120000	3.736377	6.880000	3.736377
8800	88.0000	993.020000	3.867763	6.980000	3.867763
8900	89.0000	993.100000	3.843878	6.900000	3.843878
9000	90.0000	992.880000	3.935646	7.120000	3.935646
9100	91.0000	992.740000	4.115319	7.260000	4.115319
9200	92.0000	992.400000	4.268114	7.600000	4.268114
9300	93.0000	992.000000	4.497644	8.000000	4.497644
9400	94.0000	992.080000	4.554017	7.920000	4.554017
9500	95.0000	992.000000	4.535901	8.000000	4.535901
9600	96.0000	992.660000	4.114424	7.340000	4.114424
9700	97.0000	993.300000	3.597805	6.700000	3.597805
9800	98.0000	993.980000	3.277376	6.020000	3.277376
9900	99.0000	993.760000	3.503320	6.240000	3.503320
10000	100.0000	993.860000	3.356190	6.140000	3.356190
10100	101.0000	993.520000	3.481292	6.480000	3.481292
10200	102.0000	993.580000	3.395066	6.420000	3.395066
10300	103.0000	993.680000	3.368257	6.320000	3.368257
10400	104.0000	993.080000	3.761047	6.920000	3.761047
10500	105.0000	992.760000	3.854925	7.240000	3.854925
10600	106.0000	992.720000	3.875362	7.280000	3.875362
10700	107.0000	992.040000	4.239336	7.960000	4.239336
10800	108.0000	992.180000	4.093184	7.820000	4.093184
10900	109.0000	992.080000	4.373817	7.920000	4.373817
11000	110.0000	991.860000	4.504665	8.140000	4.504665
11100	111.0000	992.520000	4.166940	7.480000	4.166940
11200	112.0000	992.320000	4.291241	7.680000	4.291241
11300	113.0000	992.200000	4.385978	7.800000	4.385978
11400	114.0000	992.700000	4.222630	7.300000	4.222630
11500	115.0000	991.980000	4.448504	8.020000	4.448504
11600	116.0000	992.440000	4.211713	7.560000	4.211713
11700	117.0000	991.400000	4.947565	8.600000	4.947565
11800	118.0000	990.900000	5.131881	9.100000	5.131881
11900	119.0000	991.200000	4.826510	8.800000	4.826510
12000	120.0000	992.340000	4.191955	7.660000	4.191955
12100	121.0000	991.940000	4.318649	8.060000	4.318649
12200	122.0000	992.280000	4.040499	7.720000	4.040499
12300	123.0000	991.660000	4.390409	8.340000	4.390409
12400	124.0000	991.240000	4.491286	8.760000	4.491286
12500	125.0000	991.140000	4.628175	8.860000	4.628175
12600	126.0000	990.980000	4.723430	9.020000	4.723430
12700	127.0000	991.200000	4.522212	8.800000	4.522212
12800	128.0000	990.580000	4.694089	9.420000	4.694089
12900	129.0000	990.460000	4.781147	9.540000	4.781147
13000	130.0000	991.600000	4.115240	8.400000	4.115240
13100	131.0000	991.800000	4.086661	8.200000	4.086661
13200	132.0000	990.860000	4.627225	9.140000	4.627225
13300	133.0000	991.220000	4.374132	8.780000	4.374132
13400	134.0000	990.140000	4.903958	9.860000	4.903958
13500	135.0000	990.320000	4.759701	9.680000	4.759701
13600	136.0000	989.580000	5.098164	10.420000	5.098164
13700	137.0000	989.980000	4.946230	10.020000	4.946230
13800	138.0000	989.860000	5.010550	10.140000	5.010550
13900	139.0000	989.660000	5.247675	10.340000	5.247675
14000	140.0000	989.400000	5.600643	10.600000	5.600643
14100	141.0000	988.620000	5.880469	11.380000	5.880469
14200	142.0000	988.540000	5.911292	11.460000	5.911292
14300	143.0000	988.420000	5.868294	11.580000	5.868294
14400	144.0000	988.960000	5.529843	11.040000	5.529843
14500	145.0000	989.240000	5.573405	10.760000	5.573405
14600	146.0000	988.700000	5.720857	11.300000	5.720857
14700	147.0000	988.340000	6.075301	11.660000	6.075301
14800	148.0000	988.260000	5.926403	11.740000	5.926403
14900	149.0000	988.820000	5.563430	11.180000	5.563430
15000	150.0000	987.920000	6.022680	12.080000	6.022680
15100	151.0000	987.500000	6.079424	12.500000	6.079424
15200	152.0000	987.120000	6.274497	12.880000	6.274497
15300	153.0000	986.960000	6.419530	13.040000	6.419530
15400	154.0000	987.400000	6.106259	12.600000	6.106259
15500	155.0000	987.340000	6.195263	12.660000	6.195263
15600	156.0000	987.020000	6.333182	12.980000	6.333182
15700	157.0000	986.440000	6.518537	13.560000	6.518537
15800	158.0000	985.860000	6.809053	14.140000	6.809053
15900	159.0000	986.600000	6.536299	13.400000	6.536299
16000	160.0000	986.820000	6.420697	13.180000	6.420697
16100	161.0000	986.800000	6.391494	13.200000	6.391494
16200	162.0000	987.260000	6.158234	12.740000	6.158234
16300	163.0000	987.920000	5.893240	12.080000	5.893240
16400	164.0000	986.960000	6.436643	13.040000	6.436643
16500	165.0000	986.760000	6.522120	13.240000	6.522120
16600	166.0000	987.640000	6.131868	12.360000	6.131868
16700	167.0000	988.340000	5.778346	11.660000	5.778346
16800	168.0000	987.560000	6.109806	12.440000	6.109806
16900	169.0000	988.140000	5.746443	11.860000	5.746443
17000	170.0000	988.400000	5.675421	11.600000	5.675421
17100	171.0000	988.100000	5.875798	11.900000	5.875798
17200	172.0000	988.140000	5.785984	11.860000	5.785984
17300	173.0000	987.020000	6.435681	12.980000	6.435681
17400	174.0000	987.000000	6.544188	13.000000	6.544188
17500	175.0000	987.080000	6.391484	12.920000	6.391484
17600	176.0000	987.580000	6.106986	12.420000	6.106986
17700	177.0000	987.640000	5.967563	12.360000	5.967563
17800	178.0000	986.800000	6.388928	13.200000	6.388928
17900	179.0000	986.700000	6.508041	13.300000	6.508041
18000	180.0000	985.900000	6.883328	14.100000	6.883328
18100	181.0000	986.320000	6.625855	13.680000	6.625855
18200	182.0000	987.440000	6.067959	12.560000	6.067959
18300	183.0000	987.100000	6.224548	12.900000	6.224548
18400	184.0000	987.180000	6.248692	12.820000	6.248692
18500	185.0000	987.660000	6.041100	12.340000	6.041100
18600	186.0000	987.480000	6.056814	12.520000	6.056814
18700	187.0000	987.980000	5.842430	12.020000	5.842430
18800	188.0000	988.920000	5.374744	11.080000	5.374744
18900	189.0000	989.600000	5.061778	10.400000	5.061778
19000	190.0000	988.320000	5.673830	11.680000	5.673830
19100	191.0000	987.820000	5.883651	12.180000	5.883651
19200	192.0000	987.480000	6.046635	12.520000	6.046635
19300	193.0000	987.780000	5.909199	12.220000	5.909199
19400	194.0000	988.100000	5.759531	11.900000	5.759531
19500	195.0000	988.240000	5.679265	11.760000	5.679265
19600	196.0000	988.740000	5.445057	11.260000	5.445057
19700	197.0000	989.600000	5.017011	10.400000	5.017011
19800	198.0000	989.080000	5.258885	10.920000	5.258885
19900	199.0000	987.420000	6.064790	12.580000	6.064790
20000	200.0000	987.240000	6.168018	12.760000	6.168018
20100	201.0000	987.900000	5.816133	12.100000	5.816133
20200	202.0000	987.980000	5.777300	12.020000	5.777300
20300	203.0000	988.380000	5.636445	11.620000	5.636445
20400	204.0000	989.360000	5.282860	10.640000	5.282860
20500	205.0000	989.220000	5.322653	10.780000	5.322653
20600	206.0000	988.800000	5.521811	11.200000	5.521811
20700	207.0000	989.020000	5.412319	10.980000	5.412319
20800	208.0000	988.860000	5.393849	11.140000	5.393849
20900	209.0000	988.700000	5.517046	11.300000	5.517046
21000	210.0000	987.880000	5.936911	12.120000	5.936911
21100	211.0000	987.720000	6.028535	12.280000	6.028535
21200	212.0000	987.800000	5.955636	12.200000	5.955636
21300	213.0000	987.100000	6.246743	12.900000	6.246743
21400	214.0000	987.740000	5.941502	12.260000	5.941502
21500	215.0000	987.880000	5.895940	12.120000	5.895940
21600	216.0000	987.660000	5.977867	12.340000	5.977867
21700	217.0000	986.780000	6.502448	13.220000	6.502448
21800	218.0000	986.960000	6.436270	13.040000	6.436270
21900	219.0000	986.900000	6.403515	13.100000	6.403515
22000	220.0000	987.920000	5.909439	12.080000	5.909439
22100	221.0000	987.520000	6.124654	12.480000	6.124654
22200	222.0000	987.300000	6.118905	12.700000	6.118905
22300	223.0000	987.740000	5.908286	12.260000	5.908286
22400	224.0000	988.320000	5.726321	11.680000	5.726321
22500	225.0000	987.380000	6.110639	12.620000	6.110639
22600	226.0000	987.720000	6.013587	12.280000	6.013587
22700	227.0000	987.880000	5.891393	12.120000	5.891393
22800	228.0000	987.340000	6.129640	12.660000	6.129640
22900	229.0000	987.400000	6.115423	12.600000	6.115423
23000	230.0000	987.080000	6.274637	12.920000	6.274637
23100	231.0000	988.340000	5.697621	11.660000	5.697621
23200	232.0000	988.860000	5.405997	11.140000	5.405997
23300	233.0000	988.080000	5.781823	11.920000	5.781823
23400	234.0000	988.840000	5.431269	11.160000	5.431269
23500	235.0000	988.700000	5.565052	11.300000	5.565052
23600	236.0000	988.060000	5.918203	11.940000	5.918203
23700	237.0000	987.940000	5.920298	12.060000	5.920298
23800	238.0000	988.700000	5.494088	11.300000	5.494088
23900	239.0000	988.460000	5.629153	11.540000	5.629153
24000	240.0000	989.000000	5.369246	11.000000	5.369246
24100	241.0000	988.440000	5.671977	11.560000	5.671977
24200	242.0000	988.240000	5.730310	11.760000	5.730310
24300	243.0000	988.800000	5.524346	11.200000	5.524346
24400	244.0000	988.820000	5.507136	11.180000	5.507136
24500	245.0000	988.240000	5.866485	11.760000	5.866485
24600	246.0000	988.120000	5.992638	11.880000	5.992638
24700	247.0000	988.520000	5.645688	11.480000	5.645688
24800	248.0000	989.080000	5.418918	10.920000	5.418918
24900	249.0000	990.120000	4.819099	9.880000	4.819099
25000	250.0000	989.720000	5.034286	10.280000	5.034286
25100	251.0000	988.940000	5.485793	11.060000	5.485793
25200	252.0000	989.140000	5.457912	10.860000	5.457912
25300	253.0000	989.760000	5.143972	10.240000	5.143972
25400	254.0000	988.380000	5.869575	11.620000	5.869575
25500	255.0000	988.200000	5.881224	11.800000	5.881224
25600	256.0000	987.980000	6.109697	12.020000	6.109697
25700	257.0000	988.000000	6.052041	12.000000	6.052041
25800	258.0000	988.620000	5.765060	11.380000	5.765060
25900	259.0000	988.060000	5.866066	11.940000	5.866066
26000	260.0000	988.980000	5.405663	11.020000	5.405663
26100	261.0000	989.060000	5.414308	10.940000	5.414308
26200	262.0000	990.220000	4.800607	9.780000	4.800607
26300	263.0000	989.820000	5.060568	10.180000	5.060568
26400	264.0000	990.660000	4.548020	9.340000	4.548020
26500	265.0000	989.560000	5.087881	10.440000	5.087881
26600	266.0000	988.660000	5.479461	11.340000	5.479461
26700	267.0000	989.200000	5.295356	10.800000	5.295356
26800	268.0000	989.380000	5.106536	10.620000	5.106536
26900	269.0000	988.380000	5.626572	11.620000	5.626572
27000	270.0000	988.620000	5.460395	11.380000	5.460395
27100	271.0000	988.900000	5.358899	11.100000	5.358899
27200	272.0000	988.160000	5.696902	11.840000	5.696902
27300	273.0000	988.140000	5.747139	11.860000	5.747139
27400	274.0000	987.860000	5.838973	12.140000	5.838973
27500	275.0000	989.140000	5.212217	10.860000	5.212217
27600	276.0000	988.800000	5.429401	11.200000	5.429401
27700	277.0000	989.140000	5.263840	10.860000	5.263840
27800	278.0000	988.360000	5.665457	11.640000	5.665457
27900	279.0000	987.920000	5.809980	12.080000	5.809980
28000	280.0000	988.780000	5.425664	11.220000	5.425664
28100	281.0000	989.100000	5.276154	10.900000	5.276154
28200	282.0000	989.260000	5.182649	10.740000	5.182649
28300	283.0000	990.020000	4.838966	9.980000	4.838966
28400	284.0000	989.900000	4.935038	10.100000	4.935038
28500	285.0000	990.000000	4.885652	10.000000	4.885652
28600	286.0000	989.980000	4.880778	10.020000	4.880778
28700	287.0000	989.120000	5.287846	10.880000	5.287846
28800	288.0000	988.680000	5.470681	11.320000	5.470681
28900	289.0000	988.340000	5.651875	11.660000	5.651875
29000	290.0000	988.360000	5.664469	11.640000	5.664469
29100	291.0000	989.060000	5.346431	10.940000	5.346431
29200	292.0000	989.060000	5.293045	10.940000	5.293045
29300	293.0000	988.480000	5.583278	11.520000	5.583278
29400	294.0000	988.360000	5.637713	11.640000	5.637713
29500	295.0000	988.120000	5.760669	11.880000	5.760669
29600	296.0000	988.360000	5.640550	11.640000	5.640550
29700	297.0000	988.020000	5.792097	11.980000	5.792097
29800	298.0000	988.560000	5.521895	11.440000	5.521895
29900	299.0000	987.920000	5.844782	12.080000	5.844782
30000	300.0000	987.980000	5.835854	12.020000	5.835854
30100	301.0000	988.020000	5.914287	11.980000	5.914287
30200	302.0000	987.980000	5.930901	12.020000	5.930901
30300	303.0000	986.860000	6.571089	13.140000	6.571089
30400	304.0000	987.140000	6.380220	12.860000	6.380220
30500	305.0000	987.420000	6.358685	12.580000	6.358685
30600	306.0000	987.500000	6.186970	12.500000	6.186970
30700	307.0000	987.100000	6.376033	12.900000	6.376033
30800	308.0000	987.840000	6.057350	12.160000	6.057350
30900	309.0000	988.000000	5.971599	12.000000	5.971599
31000	310.0000	987.720000	6.074803	12.280000	6.074803
31100	311.0000	986.640000	6.670818	13.360000	6.670818
31200	312.0000	987.320000	6.195188	12.680000	6.195188
31300	313.0000	988.080000	5.853535	11.920000	5.853535
31400	314.0000	988.280000	5.726503	11.720000	5.726503
31500	315.0000	988.540000	5.643135	11.460000	5.643135
31600	316.0000	988.160000	5.785939	11.840000	5.785939
31700	317.0000	987.600000	6.058052	12.400000	6.058052
31800	318.0000	987.180000	6.231128	12.820000	6.231128
31900	319.0000	987.140000	6.245383	12.860000	6.245383
32000	320.0000	987.080000	6.233961	12.920000	6.233961
32100	321.0000	987.500000	6.013269	12.500000	6.013269
32200	322.0000	987.840000	5.851725	12.160000	5.851725
32300	323.0000	987.640000	5.949236	12.360000	5.949236
32400	324.0000	988.240000	5.672076	11.760000	5.672076
32500	325.0000	988.580000	5.544878	11.420000	5.544878
32600	326.0000	988.640000	5.478595	11.360000	5.478595
32700	327.0000	987.100000	6.214837	12.900000	6.214837
32800	328.0000	987.240000	6.185891	12.760000	6.185891
32900	329.0000	987.900000	5.880221	12.100000	5.880221
33000	330.0000	987.720000	5.967649	12.280000	5.967649
33100	331.0000	987.440000	6.127914	12.560000	6.127914
33200	332.0000	988.020000	5.831946	11.980000	5.831946
33300	333.0000	988.460000	5.692396	11.540000	5.692396
33400	334.0000	988.380000	5.702273	11.620000	5.702273
33500	335.0000	988.540000	5.586857	11.460000	5.586857
33600	336.0000	988.840000	5.507839	11.160000	5.507839
33700	337.0000	988.300000	5.680370	11.700000	5.680370
33800	338.0000	987.280000	6.218041	12.720000	6.218041
33900	339.0000	987.180000	6.219112	12.820000	6.219112
34000	340.0000	987.220000	6.244184	12.780000	6.244184
34100	341.0000	987.480000	6.147275	12.520000	6.147275
34200	342.0000	986.280000	6.753786	13.720000	6.753786
34300	343.0000	986.020000	6.781179	13.980000	6.781179
34400	344.0000	986.700000	6.430070	13.300000	6.430070
34500	345.0000	987.220000	6.158395	12.780000	6.158395
34600	346.0000	987.400000	6.065509	12.600000	6.065509
34700	347.0000	986.680000	6.393649	13.320000	6.393649
34800	348.0000	986.740000	6.374437	13.260000	6.374437
34900	349.0000	986.480000	6.577491	13.520000	6.577491
35000	350.0000	986.460000	6.562817	13.540000	6.562817
35100	351.0000	986.680000	6.429522	13.320000	6.429522
35200	352.0000	986.500000	6.561905	13.500000	6.561905
35300	353.0000	986.620000	6.484066	13.380000	6.484066
35400	354.0000	986.920000	6.366779	13.080000	6.366779
35500	355.0000	986.560000	6.563972	13.440000	6.563972
35600	356.0000	985.440000	7.009945	14.560000	7.009945
35700	357.0000	986.360000	6.626357	13.640000	6.626357
35800	358.0000	986.500000	6.626688	13.500000	6.626688
35900	359.0000	986.780000	6.440639	13.220000	6.440639
36000	360.0000	986.320000	6.618667	13.680000	6.618667
36100	361.0000	987.400000	6.101147	12.600000	6.101147
36200	362.0000	987.140000	6.246151	12.860000	6.246151
36300	363.0000	986.340000	6.633286	13.660000	6.633286
36400	364.0000	986.460000	6.585451	13.540000	6.585451
36500	365.0000	986.280000	6.640966	13.720000	6.640966
36600	366.0000	986.480000	6.539678	13.520000	6.539678
36700	367.0000	986.720000	6.422525	13.280000	6.422525
36800	368.0000	987.620000	6.043833	12.380000	6.043833
36900	369.0000	987.060000	6.358579	12.940000	6.358579
37000	370.0000	987.420000	6.085398	12.580000	6.085398
37100	371.0000	987.940000	5.832146	12.060000	5.832146
37200	372.0000	986.920000	6.304274	13.080000	6.304274
37300	373.0000	987.300000	6.115178	12.700000	6.115178
37400	374.0000	987.400000	6.059571	12.600000	6.059571
37500	375.0000	987.300000	6.115767	12.700000	6.115767
37600	376.0000	986.600000	6.491964	13.400000	6.491964
37700	377.0000	986.640000	6.489176	13.360000	6.489176
37800	378.0000	987.600000	6.046156	12.400000	6.046156
37900	379.0000	987.540000	6.096964	12.460000	6.096964
38000	380.0000	987.440000	6.068157	12.560000	6.068157
38100	381.0000	987.920000	5.821535	12.080000	5.821535
38200	382.0000	986.780000	6.348435	13.220000	6.348435
38300	383.0000	986.160000	6.666955	13.840000	6.666955
38400	384.0000	986.280000	6.600851	13.720000	6.600851
38500	385.0000	987.160000	6.167097	12.840000	6.167097
38600	386.0000	986.800000	6.388677	13.200000	6.388677
38700	387.0000	987.180000	6.190166	12.820000	6.190166
38800	388.0000	986.900000	6.363222	13.100000	6.363222
38900	389.0000	986.740000	6.432468	13.260000	6.432468
39000	390.0000	986.680000	6.423609	13.320000	6.423609
39100	391.0000	986.940000	6.324139	13.060000	6.324139
39200	392.0000	985.760000	6.935795	14.240000	6.935795
39300	393.0000	986.200000	6.694774	13.800000	6.694774
39400	394.0000	986.460000	6.631815	13.540000	6.631815
39500	395.0000	986.800000	6.424204	13.200000	6.424204
39600	396.0000	986.800000	6.435091	13.200000	6.435091
39700	397.0000	987.100000	6.288163	12.900000	6.288163
39800	398.0000	987.120000	6.278958	12.880000	6.278958
39900	399.0000	987.940000	5.852275	12.060000	5.852275
40000	400.0000	987.820000	5.910174	12.180000	5.910174
40100	401.0000	987.880000	5.896822	12.120000	5.896822
40200	402.0000	988.260000	5.730606	11.740000	5.730606
40300	403.0000	988.840000	5.417849	11.160000	5.417849
40400	404.0000	988.920000	5.389311	11.080000	5.389311
40500	405.0000	988.340000	5.746902	11.660000	5.746902
40600	406.0000	988.180000	5.750248	11.820000	5.750248
40700	407.0000	987.860000	5.945621	12.140000	5.945621
40800	408.0000	987.900000	5.872393	12.100000	5.872393
40900	409.0000	987.600000	6.036754	12.400000	6.036754
41000	410.0000	987.300000	6.146039	12.700000	6.146039
41100	411.0000	987.700000	5.928322	12.300000	5.928322
41200	412.0000	987.900000	5.867964	12.100000	5.867964
41300	413.0000	988.300000	5.758628	11.700000	5.758628
41400	414.0000	987.500000	6.142915	12.500000	6.142915
41500	415.0000	986.360000	6.649016	13.640000	6.649016
41600	416.0000	986.960000	6.406182	13.040000	6.406182
41700	417.0000	988.080000	5.880737	11.920000	5.880737
41800	418.0000	987.460000	6.084486	12.540000	6.084486
41900	419.0000	987.020000	6.319398	12.980000	6.319398
42000	420.0000	988.020000	5.811608	11.980000	5.811608
42100	421.0000	988.560000	5.589645	11.440000	5.589645
42200	422.0000	988.840000	5.501517	11.160000	5.501517
42300	423.0000	988.640000	5.543339	11.360000	5.543339
42400	424.0000	988.780000	5.491469	11.220000	5.491469
42500	425.0000	989.320000	5.189099	10.680000	5.189099
42600	426.0000	989.020000	5.320638	10.980000	5.320638
42700	427.0000	988.740000	5.432996	11.260000	5.432996
42800	428.0000	987.840000	5.878324	12.160000	5.878324
42900	429.0000	988.080000	5.833753	11.920000	5.833753
43000	430.0000	988.120000	5.813546	11.880000	5.813546
43100	431.0000	987.480000	6.225511	12.520000	6.225511
43200	432.0000	987.500000	6.153779	12.500000	6.153779
43300	433.0000	988.420000	5.738159	11.580000	5.738159
43400	434.0000	989.300000	5.269402	10.700000	5.269402
43500	435.0000	988.600000	5.599500	11.400000	5.599500
43600	436.0000	988.600000	5.585768	11.400000	5.585768
43700	437.0000	988.060000	5.821506	11.940000	5.821506
43800	438.0000	987.340000	6.220393	12.660000	6.220393
43900	439.0000	988.060000	5.918338	11.940000	5.918338
44000	440.0000	988.860000	5.450138	11.140000	5.450138
44100	441.0000	988.300000	5.707066	11.700000	5.707066
44200	442.0000	988.240000	5.749682	11.760000	5.749682
44300	443.0000	988.560000	5.632276	11.440000	5.632276
44400	444.0000	989.200000	5.263611	10.800000	5.263611
44500	445.0000	990.220000	4.733395	9.780000	4.733395
44600	446.0000	989.480000	5.118769	10.520000	5.118769
44700	447.0000	989.340000	5.147940	10.660000	5.147940
44800	448.0000	990.200000	4.743501	9.800000	4.743501
44900	449.0000	990.020000	4.826799	9.980000	4.826799
45000	450.0000	989.540000	5.025870	10.460000	5.025870
45100	451.0000	989.680000	5.039400	10.320000	5.039400
45200	452.0000	988.580000	5.494440	11.420000	5.494440
45300	453.0000	988.940000	5.314840	11.060000	5.314840
45400	454.0000	989.080000	5.259950	10.920000	5.259950
45500	455.0000	988.760000	5.416609	11.240000	5.416609
45600	456.0000	989.700000	5.015356	10.300000	5.015356
45700	457.0000	989.220000	5.310464	10.780000	5.310464
45800	458.0000	989.540000	5.092521	10.460000	5.092521
45900	459.0000	990.300000	4.721038	9.700000	4.721038
46000	460.0000	989.720000	5.024503	10.280000	5.024503
46100	461.0000	989.160000	5.291530	10.840000	5.291530
46200	462.0000	988.980000	5.311986	11.020000	5.311986
46300	463.0000	989.400000	5.116092	10.600000	5.116092
46400	464.0000	988.580000	5.504041	11.420000	5.504041
46500	465.0000	987.600000	5.989257	12.400000	5.989257
46600	466.0000	987.660000	6.002374	12.340000	6.002374
46700	467.0000	988.060000	5.805129	11.940000	5.805129
46800	468.0000	988.760000	5.526052	11.240000	5.526052
46900	469.0000	988.000000	5.874555	12.000000	5.874555
47000	470.0000	987.440000	6.115499	12.560000	6.115499
47100	471.0000	988.380000	5.674638	11.620000	5.674638
47200	472.0000	988.260000	5.711939	11.740000	5.711939
47300	473.0000	988.260000	5.807913	11.740000	5.807913
47400	474.0000	987.800000	5.967445	12.200000	5.967445
47500	475.0000	987.980000	5.976989	12.020000	5.976989
47600	476.0000	988.460000	5.668171	11.540000	5.668171
47700	477.0000	988.620000	5.522021	11.380000	5.522021
47800	478.0000	988.200000	5.722447	11.800000	5.722447
47900	479.0000	988.220000	5.778047	11.780000	5.778047
48000	480.0000	988.040000	5.826077	11.960000	5.826077
48100	481.0000	987.780000	5.988408	12.220000	5.988408
48200	482.0000	987.740000	5.935170	12.260000	5.935170
48300	483.0000	987.180000	6.201786	12.820000	6.201786
48400	484.0000	986.640000	6.458592	13.360000	6.458592
48500	485.0000	986.580000	6.499298	13.420000	6.499298
48600	486.0000	987.300000	6.096310	12.700000	6.096310
48700	487.0000	986.960000	6.273497	13.040000	6.273497
48800	488.0000	987.060000	6.265423	12.940000	6.265423
48900	489.0000	987.180000	6.253939	12.820000	6.253939
49000	490.0000	987.140000	6.322848	12.860000	6.322848
49100	491.0000	987.900000	5.858413	12.100000	5.858413
49200	492.0000	986.580000	6.465050	13.420000	6.465050
49300	493.0000	986.460000	6.524429	13.540000	6.524429
49400	494.0000	986.620000	6.473138	13.380000	6.473138
49500	495.0000	986.980000	6.295680	13.020000	6.295680
49600	496.0000	986.560000	6.492652	13.440000	6.492652
49700	497.0000	986.680000	6.428278	13.320000	6.428278
49800	498.0000	985.660000	6.912517	14.340000	6.912517
49900	499.0000	986.060000	6.770076	13.940000	6.770076
50000	500.0000	986.200000	6.688498	13.800000	6.688498
50100	501.0000	986.640000	6.416776	13.360000	6.416776
50200	502.0000	987.320000	6.121793	12.680000	6.121793
50300	503.0000	986.880000	6.310350	13.120000	6.310350
50400	504.0000	987.120000	6.181368	12.880000	6.181368
50500	505.0000	987.740000	5.885291	12.260000	5.885291
50600	506.0000	988.280000	5.636952	11.720000	5.636952
50700	507.0000	986.720000	6.384170	13.280000	6.384170
50800	508.0000	987.040000	6.293804	12.960000	6.293804
50900	509.0000	988.380000	5.677386	11.620000	5.677386
51000	510.0000	987.600000	6.109861	12.400000	6.109861
51100	511.0000	987.360000	6.157386	12.640000	6.157386
51200	512.0000	987.560000	6.056148	12.440000	6.056148
51300	513.0000	987.420000	6.044706	12.580000	6.044706
51400	514.0000	988.500000	5.546116	11.500000	5.546116
51500	515.0000	987.500000	6.112103	12.500000	6.112103
51600	516.0000	988.060000	5.822536	11.940000	5.822536
51700	517.0000	987.960000	5.861396	12.040000	5.861396
51800	518.0000	987.680000	5.998963	12.320000	5.998963
51900	519.0000	987.940000	5.854257	12.060000	5.854257
52000	520.0000	988.220000	5.778463	11.780000	5.778463
52100	521.0000	988.240000	5.695160	11.760000	5.695160
52200	522.0000	987.360000	6.113249	12.640000	6.113249
52300	523.0000	987.420000	6.108099	12.580000	6.108099
52400	524.0000	987.600000	5.961208	12.400000	5.961208
52500	525.0000	987.640000	5.976605	12.360000	5.976605
52600	526.0000	987.800000	5.892096	12.200000	5.892096
52700	527.0000	988.040000	5.788469	11.960000	5.788469
52800	528.0000	988.080000	5.751858	11.920000	5.751858
52900	529.0000	987.780000	5.883012	12.220000	5.883012
53000	530.0000	988.520000	5.535358	11.480000	5.535358
53100	531.0000	987.360000	6.112005	12.640000	6.112005
53200	532.0000	986.680000	6.446173	13.320000	6.446173
53300	533.0000	986.240000	6.665707	13.760000	6.665707
53400	534.0000	986.660000	6.410966	13.340000	6.410966
53500	535.0000	987.200000	6.145633	12.800000	6.145633
53600	536.0000	986.540000	6.474887	13.460000	6.474887
53700	537.0000	986.520000	6.528721	13.480000	6.528721
53800	538.0000	986.840000	6.482984	13.160000	6.482984
53900	539.0000	987.060000	6.340878	12.940000	6.340878
54000	540.0000	986.760000	6.434815	13.240000	6.434815
54100	541.0000	986.800000	6.438820	13.200000	6.438820
54200	542.0000	988.680000	5.497013	11.320000	5.497013
54300	543.0000	987.760000	5.989294	12.240000	5.989294
54400	544.0000	987.280000	6.233782	12.720000	6.233782
54500	545.0000	988.200000	5.739826	11.800000	5.739826
54600	546.0000	988.020000	5.785256	11.980000	5.785256
54700	547.0000	987.620000	5.946218	12.380000	5.946218
54800	548.0000	987.700000	5.928389	12.300000	5.928389
54900	549.0000	987.320000	6.099012	12.680000	6.099012
55000	550.0000	987.140000	6.223183	12.860000	6.223183
55100	551.0000	987.020000	6.250599	12.980000	6.250599
55200	552.0000	986.660000	6.461864	13.340000	6.461864
55300	553.0000	986.620000	6.442105	13.380000	6.442105
55400	554.0000	986.520000	6.555745	13.480000	6.555745
55500	555.0000	986.760000	6.511993	13.240000	6.511993
55600	556.0000	986.700000	6.474828	13.300000	6.474828
55700	557.0000	985.260000	7.318787	14.740000	7.318787
55800	558.0000	985.840000	7.091085	14.160000	7.091085
55900	559.0000	986.540000	6.644951	13.460000	6.644951
56000	560.0000	986.420000	6.684974	13.580000	6.684974
56100	561.0000	986.580000	6.550303	13.420000	6.550303
56200	562.0000	985.740000	6.946758	14.260000	6.946758
56300	563.0000	986.440000	6.611515	13.560000	6.611515
56400	564.0000	986.320000	6.742251	13.680000	6.742251
56500	565.0000	987.420000	6.121182	12.580000	6.121182
56600	566.0000	987.640000	6.012637	12.360000	6.012637
56700	567.0000	986.440000	6.540102	13.560000	6.540102
56800	568.0000	986.120000	6.672249	13.880000	6.672249
56900	569.0000	986.820000	6.382457	13.180000	6.382457
57000	570.0000	985.840000	6.832766	14.160000	6.832766
57100	571.0000	985.380000	7.047774	14.620000	7.047774
57200	572.0000	985.100000	7.209563	14.900000	7.209563
57300	573.0000	985.900000	6.865056	14.100000	6.865056
57400	574.0000	984.920000	7.317914	15.080000	7.317914
57500	575.0000	984.640000	7.416455	15.360000	7.416455
57600	576.0000	985.660000	6.931644	14.340000	6.931644
57700	577.0000	986.040000	6.721248	13.960000	6.721248
57800	578.0000	985.200000	7.108980	14.800000	7.108980
57900	579.0000	986.060000	6.693962	13.940000	6.693962
58000	580.0000	986.400000	6.546083	13.600000	6.546083
58100	581.0000	986.600000	6.471970	13.400000	6.471970
58200	582.0000	987.300000	6.113150	12.700000	6.113150
58300	583.0000	987.220000	6.162940	12.780000	6.162940
58400	584.0000	987.100000	6.199306	12.900000	6.199306
58500	585.0000	986.640000	6.433771	13.360000	6.433771
58600	586.0000	986.140000	6.666154	13.860000	6.666154
58700	587.0000	986.080000	6.682565	13.920000	6.682565
58800	588.0000	987.260000	6.111289	12.740000	6.111289
58900	589.0000	987.080000	6.218157	12.920000	6.218157
59000	590.0000	987.020000	6.291740	12.980000	6.291740
59100	591.0000	986.860000	6.347347	13.140000	6.347347
59200	592.0000	986.440000	6.515039	13.560000	6.515039
59300	593.0000	985.960000	6.785099	14.040000	6.785099
59400	594.0000	985.260000	7.157810	14.740000	7.157810
59500	595.0000	984.660000	7.408946	15.340000	7.408946
59600	596.0000	984.220000	7.645929	15.780000	7.645929
59700	597.0000	984.440000	7.547193	15.560000	7.547193
59800	598.0000	984.220000	7.636507	15.780000	7.636507
59900	599.0000	984.700000	7.387896	15.300000	7.387896
60000	600.0000	984.460000	7.574600	15.540000	7.574600
60100	601.0000	984.600000	7.422776	15.400000	7.422776
60200	602.0000	985.360000	7.038679	14.640000	7.038679
60300	603.0000	985.020000	7.245384	14.980000	7.245384
60400	604.0000	985.340000	7.045998	14.660000	7.045998
60500	605.0000	985.260000	7.100355	14.740000	7.100355
60600	606.0000	985.860000	6.792703	14.140000	6.792703
60700	607.0000	985.260000	7.076881	14.740000	7.076881
60800	608.0000	985.260000	7.095904	14.740000	7.095904
60900	609.0000	986.180000	6.647868	13.820000	6.647868
61000	610.0000	986.620000	6.540024	13.380000	6.540024
61100	611.0000	987.340000	6.098302	12.660000	6.098302
61200	612.0000	986.440000	6.536064	13.560000	6.536064
61300	613.0000	986.760000	6.394220	13.240000	6.394220
61400	614.0000	987.440000	6.110395	12.560000	6.110395
61500	615.0000	987.200000	6.230698	12.800000	6.230698
61600	616.0000	987.040000	6.270053	12.960000	6.270053
61700	617.0000	987.440000	6.147465	12.560000	6.147465
61800	618.0000	987.480000	6.078173	12.520000	6.078173
61900	619.0000	987.480000	6.093816	12.520000	6.093816
62000	620.0000	987.400000	6.154608	12.600000	6.154608
62100	621.0000	986.420000	6.527792	13.580000	6.527792
62200	622.0000	987.560000	5.973418	12.440000	5.973418
62300	623.0000	987.200000	6.203160	12.800000	6.203160
62400	624.0000	987.300000	6.132748	12.700000	6.132748
62500	625.0000	986.800000	6.357106	13.200000	6.357106
62600	626.0000	987.200000	6.148886	12.800000	6.148886
62700	627.0000	986.500000	6.487480	13.500000	6.487480
62800	628.0000	986.980000	6.303998	13.020000	6.303998
62900	629.0000	986.200000	6.729160	13.800000	6.729160
63000	630.0000	986.060000	6.805963	13.940000	6.805963
63100	631.0000	985.940000	6.806021	14.060000	6.806021
63200	632.0000	986.640000	6.433833	13.360000	6.433833
63300	633.0000	986.700000	6.399266	13.300000	6.399266
63400	634.0000	986.000000	6.742225	14.000000	6.742225
63500	635.0000	986.000000	6.777551	14.000000	6.777551
63600	636.0000	986.140000	6.726545	13.860000	6.726545
63700	637.0000	984.900000	7.326459	15.100000	7.326459
63800	638.0000	985.000000	7.245854	15.000000	7.245854
63900	639.0000	985.560000	6.934676	14.440000	6.934676
64000	640.0000	985.940000	6.745334	14.060000	6.745334
64100	641.0000	986.280000	6.596001	13.720000	6.596001
64200	642.0000	986.020000	6.746228	13.980000	6.746228
64300	643.0000	985.880000	6.808620	14.120000	6.808620
64400	644.0000	986.380000	6.565905	13.620000	6.565905
64500	645.0000	985.680000	6.919563	14.320000	6.919563
64600	646.0000	985.660000	6.892118	14.340000	6.892118
64700	647.0000	986.940000	6.272506	13.060000	6.272506
64800	648.0000	986.080000	6.686933	13.920000	6.686933
64900	649.0000	986.480000	6.495490	13.520000	6.495490
65000	650.0000	986.700000	6.397453	13.300000	6.397453
65100	651.0000	986.720000	6.370811	13.280000	6.370811
65200	652.0000	986.440000	6.513319	13.560000	6.513319
65300	653.0000	987.080000	6.223044	12.920000	6.223044
65400	654.0000	987.080000	6.246525	12.920000	6.246525
65500	655.0000	986.620000	6.447877	13.380000	6.447877
65600	656.0000	986.180000	6.652981	13.820000	6.652981
65700	657.0000	985.760000	6.839857	14.240000	6.839857
65800	658.0000	986.100000	6.709709	13.900000	6.709709
65900	659.0000	986.580000	6.470431	13.420000	6.470431
66000	660.0000	986.560000	6.488708	13.440000	6.488708
66100	661.0000	986.860000	6.353960	13.140000	6.353960
66200	662.0000	987.220000	6.142852	12.780000	6.142852
66300	663.0000	987.140000	6.229094	12.860000	6.229094
66400	664.0000	987.080000	6.239028	12.920000	6.239028
66500	665.0000	986.820000	6.390661	13.180000	6.390661
66600	666.0000	986.380000	6.573516	13.620000	6.573516
66700	667.0000	985.560000	6.933291	14.440000	6.933291
66800	668.0000	985.680000	6.885140	14.320000	6.885140
66900	669.0000	985.880000	6.782368	14.120000	6.782368
67000	670.0000	985.760000	6.940407	14.240000	6.940407
67100	671.0000	985.920000	6.952688	14.080000	6.952688
67200	672.0000	985.600000	7.040170	14.400000	7.040170
67300	673.0000	985.420000	7.154304	14.580000	7.154304
67400	674.0000	984.760000	7.539313	15.240000	7.539313
67500	675.0000	985.320000	7.240245	14.680000	7.240245
67600	676.0000	985.320000	7.249576	14.680000	7.249576
67700	677.0000	985.660000	7.083649	14.340000	7.083649
67800	678.0000	986.100000	6.823386	13.900000	6.823386
67900	679.0000	986.800000	6.474195	13.200000	6.474195
68000	680.0000	987.020000	6.397092	12.980000	6.397092
68100	681.0000	988.240000	5.747525	11.760000	5.747525
68200	682.0000	987.800000	5.989457	12.200000	5.989457
68300	683.0000	987.500000	6.116159	12.500000	6.116159
68400	684.0000	986.980000	6.474658	13.020000	6.474658
68500	685.0000	987.260000	6.281771	12.740000	6.281771
68600	686.0000	987.480000	6.229108	12.520000	6.229108
68700	687.0000	986.820000	6.453011	13.180000	6.453011
68800	688.0000	987.140000	6.327275	12.860000	6.327275
68900	689.0000	987.800000	5.924660	12.200000	5.924660
69000	690.0000	988.000000	5.918986	12.000000	5.918986
69100	691.0000	987.880000	6.005374	12.120000	6.005374
69200	692.0000	987.620000	6.033367	12.380000	6.033367
69300	693.0000	987.940000	5.887302	12.060000	5.887302
69400	694.0000	988.220000	5.748759	11.780000	5.748759
69500	695.0000	988.120000	5.823033	11.880000	5.823033
69600	696.0000	988.220000	5.769110	11.780000	5.769110
69700	697.0000	988.840000	5.436128	11.160000	5.436128
69800	698.0000	989.580000	5.043260	10.420000	5.043260
69900	699.0000	988.780000	5.434430	11.220000	5.434430
70000	700.0000	989.040000	5.397181	10.960000	5.397181
70100	701.0000	989.600000	5.154260	10.400000	5.154260
70200	702.0000	989.460000	5.216375	10.540000	5.216375
70300	703.0000	989.900000	4.993696	10.100000	4.993696
70400	704.0000	989.660000	5.043698	10.340000	5.043698
70500	705.0000	989.720000	5.011590	10.280000	5.011590
70600	706.0000	989.000000	5.369842	11.000000	5.369842
70700	707.0000	988.440000	5.612854	11.560000	5.612854
70800	708.0000	988.120000	5.794731	11.880000	5.794731
70900	709.0000	987.680000	5.983540	12.320000	5.983540
71000	710.0000	986.820000	6.430346	13.180000	6.430346
71100	711.0000	986.540000	6.552203	13.460000	6.552203
71200	712.0000	987.020000	6.274742	12.980000	6.274742
71300	713.0000	987.580000	6.014721	12.420000	6.014721
71400	714.0000	987.940000	5.822399	12.060000	5.822399
71500	715.0000	986.460000	6.518418	13.540000	6.518418
71600	716.0000	986.200000	6.670292	13.800000	6.670292
71700	717.0000	987.200000	6.147585	12.800000	6.147585
71800	718.0000	986.440000	6.557936	13.560000	6.557936
71900	719.0000	987.000000	6.271587	13.000000	6.271587
72000	720.0000	987.220000	6.193112	12.780000	6.193112
72100	721.0000	987.520000	6.020581	12.480000	6.020581
72200	722.0000	987.540000	6.008874	12.460000	6.008874
72300	723.0000	988.100000	5.718479	11.900000	5.718479
72400	724.0000	988.640000	5.506197	11.360000	5.506197
72500	725.0000	987.880000	5.829349	12.120000	5.829349
72600	726.0000	987.340000	6.100728	12.660000	6.100728
72700	727.0000	986.620000	6.447690	13.380000	6.447690
72800	728.0000	987.300000	6.142394	12.700000	6.142394
72900	729.0000	986.900000	6.349630	13.100000	6.349630
73000	730.0000	987.780000	6.004618	12.220000	6.004618
73100	731.0000	986.640000	6.466700	13.360000	6.466700
73200	732.0000	987.120000	6.258667	12.880000	6.258667
73300	733.0000	987.420000	6.104758	12.580000	6.104758
73400	734.0000	987.500000	6.152934	12.500000	6.152934
73500	735.0000	987.540000	6.073695	12.460000	6.073695
73600	736.0000	987.980000	5.848520	12.020000	5.848520
73700	737.0000	987.280000	6.224727	12.720000	6.224727
73800	738.0000	987.160000	6.254685	12.840000	6.254685
73900	739.0000	987.700000	6.103655	12.300000	6.103655
74000	740.0000	987.300000	6.277914	12.700000	6.277914
74100	741.0000	987.940000	5.918541	12.060000	5.918541
74200	742.0000	987.940000	5.888525	12.060000	5.888525
74300	743.0000	988.000000	5.884556	12.000000	5.884556
74400	744.0000	987.940000	5.969751	12.060000	5.969751
74500	745.0000	987.680000	6.079371	12.320000	6.079371
74600	746.0000	986.620000	6.565844	13.380000	6.565844
74700	747.0000	987.240000	6.224247	12.760000	6.224247
74800	748.0000	987.680000	5.995628	12.320000	5.995628
74900	749.0000	987.700000	6.021046	12.300000	6.021046
75000	750.0000	987.220000	6.165730	12.780000	6.165730
75100	751.0000	987.120000	6.245487	12.880000	6.245487
75200	752.0000	986.520000	6.497029	13.480000	6.497029
75300	753.0000	987.900000	5.891910	12.100000	5.891910
75400	754.0000	988.380000	5.650054	11.620000	5.650054
75500	755.0000	988.060000	5.822536	11.940000	5.822536
75600	756.0000	987.060000	6.306213	12.940000	6.306213
75700	757.0000	987.240000	6.241190	12.760000	6.241190
75800	758.0000	986.560000	6.573837	13.440000	6.573837
75900	759.0000	985.760000	6.943403	14.240000	6.943403
76000	760.0000	986.020000	6.778996	13.980000	6.778996
76100	761.0000	986.640000	6.544663	13.360000	6.544663
76200	762.0000	987.160000	6.299674	12.840000	6.299674
76300	763.0000	988.120000	5.738895	11.880000	5.738895
76400	764.0000	987.840000	5.848375	12.160000	5.848375
76500	765.0000	988.660000	5.447613	11.340000	5.447613
76600	766.0000	987.920000	5.896022	12.080000	5.896022
76700	767.0000	987.000000	6.331003	13.000000	6.331003
76800	768.0000	986.220000	6.678580	13.780000	6.678580
76900	769.0000	987.240000	6.135181	12.760000	6.135181
77000	770.0000	987.020000	6.293075	12.980000	6.293075
77100	771.0000	986.940000	6.319077	13.060000	6.319077
77200	772.0000	986.980000	6.299110	13.020000	6.299110
77300	773.0000	987.960000	5.863853	12.040000	5.863853
77400	774.0000	988.020000	5.819724	11.980000	5.819724
77500	775.0000	988.240000	5.659368	11.760000	5.659368
77600	776.0000	989.080000	5.269675	10.920000	5.269675
77700	777.0000	988.580000	5.522542	11.420000	5.522542
77800	778.0000	988.140000	5.733551	11.860000	5.733551
77900	779.0000	987.100000	6.239247	12.900000	6.239247
78000	780.0000	987.000000	6.340852	13.000000	6.340852
78100	781.0000	987.020000	6.359465	12.980000	6.359465
78200	782.0000	987.060000	6.328817	12.940000	6.328817
78300	783.0000	987.700000	6.021777	12.300000	6.021777
78400	784.0000	987.300000	6.194142	12.700000	6.194142
78500	785.0000	987.080000	6.376760	12.920000	6.376760
78600	786.0000	986.700000	6.558003	13.300000	6.558003
78700	787.0000	987.280000	6.315064	12.720000	6.315064
78800	788.0000	987.680000	5.970758	12.320000	5.970758
78900	789.0000	987.920000	5.873455	12.080000	5.873455
79000	790.0000	986.520000	6.539189	13.480000	6.539189
79100	791.0000	987.720000	5.945017	12.280000	5.945017
79200	792.0000	987.880000	5.821109	12.120000	5.821109
79300	793.0000	987.320000	6.089955	12.680000	6.089955
79400	794.0000	987.260000	6.136371	12.740000	6.136371
79500	795.0000	988.500000	5.570942	11.500000	5.570942
79600	796.0000	987.440000	6.057535	12.560000	6.057535
79700	797.0000	986.920000	6.296973	13.080000	6.296973
79800	798.0000	986.360000	6.610644	13.640000	6.610644
79900	799.0000	986.900000	6.349756	13.100000	6.349756
80000	800.0000	987.340000	6.158936	12.660000	6.158936
80100	801.0000	986.880000	6.363750	13.120000	6.363750
80200	802.0000	986.480000	6.572381	13.520000	6.572381
80300	803.0000	986.100000	6.832993	13.900000	6.832993
80400	804.0000	986.060000	6.888623	13.940000	6.888623
80500	805.0000	985.820000	6.982360	14.180000	6.982360
80600	806.0000	985.100000	7.367455	14.900000	7.367455
80700	807.0000	984.920000	7.423198	15.080000	7.423198
80800	808.0000	984.380000	7.644129	15.620000	7.644129
80900	809.0000	984.980000	7.345719	15.020000	7.345719
81000	810.0000	984.860000	7.417763	15.140000	7.417763
81100	811.0000	986.420000	6.587023	13.580000	6.587023
81200	812.0000	986.860000	6.456501	13.140000	6.456501
81300	813.0000	986.860000	6.458236	13.140000	6.458236
81400	814.0000	987.620000	6.093005	12.380000	6.093005
81500	815.0000	987.880000	5.870512	12.120000	5.870512
81600	816.0000	986.720000	6.423584	13.280000	6.423584
81700	817.0000	987.120000	6.210677	12.880000	6.210677
81800	818.0000	987.600000	5.958389	12.400000	5.958389
81900	819.0000	987.640000	5.946008	12.360000	5.946008
82000	820.0000	987.820000	5.883379	12.180000	5.883379
82100	821.0000	987.980000	5.847905	12.020000	5.847905
82200	822.0000	987.140000	6.251784	12.860000	6.251784
82300	823.0000	986.960000	6.325375	13.040000	6.325375
82400	824.0000	987.320000	6.177018	12.680000	6.177018
82500	825.0000	986.940000	6.362918	13.060000	6.362918
82600	826.0000	987.020000	6.332740	12.980000	6.332740
82700	827.0000	987.200000	6.317278	12.800000	6.317278
82800	828.0000	987.280000	6.196711	12.720000	6.196711
82900	829.0000	987.540000	6.144019	12.460000	6.144019
83000	830.0000	987.140000	6.361321	12.860000	6.361321
83100	831.0000	986.380000	6.683825	13.620000	6.683825
83200	832.0000	987.000000	6.333530	13.000000	6.333530
83300	833.0000	986.620000	6.490663	13.380000	6.490663
83400	834.0000	986.320000	6.640508	13.680000	6.640508
83500	835.0000	986.940000	6.302914	13.060000	6.302914
83600	836.0000	987.020000	6.255973	12.980000	6.255973
83700	837.0000	987.720000	5.962754	12.280000	5.962754
83800	838.0000	988.280000	5.688729	11.720000	5.688729
83900	839.0000	988.660000	5.520407	11.340000	5.520407
84000	840.0000	987.760000	5.894781	12.240000	5.894781
84100	841.0000	987.360000	6.096803	12.640000	6.096803
84200	842.0000	988.100000	5.754668	11.900000	5.754668
84300	843.0000	988.560000	5.543584	11.440000	5.543584
84400	844.0000	987.680000	5.977721	12.320000	5.977721
84500	845.0000	988.280000	5.671898	11.720000	5.671898
84600	846.0000	987.840000	5.888793	12.160000	5.888793
84700	847.0000	986.980000	6.267471	13.020000	6.267471
84800	848.0000	987.520000	6.107061	12.480000	6.107061
84900	849.0000	987.220000	6.207369	12.780000	6.207369
85000	850.0000	986.620000	6.475115	13.380000	6.475115
85100	851.0000	986.700000	6.464070	13.300000	6.464070
85200	852.0000	987.960000	5.909244	12.040000	5.909244
85300	853.0000	987.720000	6.059640	12.280000	6.059640
85400	854.0000	986.620000	6.630589	13.380000	6.630589
85500	855.0000	985.980000	6.858950	14.020000	6.858950
85600	856.0000	986.360000	6.635647	13.640000	6.635647
85700	857.0000	985.700000	6.951388	14.300000	6.951388
85800	858.0000	986.200000	6.740267	13.800000	6.740267
85900	859.0000	987.340000	6.165427	12.660000	6.165427
86000	860.0000	987.620000	6.088277	12.380000	6.088277
86100	861.0000	988.820000	5.518673	11.180000	5.518673
86200	862.0000	988.560000	5.584920	11.440000	5.584920
86300	863.0000	989.400000	5.183358	10.600000	5.183358
86400	864.0000	988.960000	5.351109	11.040000	5.351109
86500	865.0000	989.100000	5.305639	10.900000	5.305639
86600	866.0000	988.220000	5.732594	11.780000	5.732594
86700	867.0000	988.200000	5.709921	11.800000	5.709921
86800	868.0000	989.360000	5.156182	10.640000	5.156182
86900	869.0000	988.800000	5.419446	11.200000	5.419446
87000	870.0000	988.240000	5.690241	11.760000	5.690241
87100	871.0000	989.120000	5.263888	10.880000	5.263888
87200	872.0000	989.740000	4.936137	10.260000	4.936137
87300	873.0000	989.560000	5.046358	10.440000	5.046358
87400	874.0000	989.280000	5.205846	10.720000	5.205846
87500	875.0000	988.600000	5.529340	11.400000	5.529340
87600	876.0000	989.080000	5.389830	10.920000	5.389830
87700	877.0000	988.640000	5.552135	11.360000	5.552135
87800	878.0000	989.020000	5.364512	10.980000	5.364512
87900	879.0000	988.720000	5.478543	11.280000	5.478543
88000	880.0000	987.760000	5.958964	12.240000	5.958964
88100	881.0000	988.400000	5.591136	11.600000	5.591136
88200	882.0000	989.380000	5.110530	10.620000	5.110530
88300	883.0000	988.360000	5.583244	11.640000	5.583244
88400	884.0000	987.680000	5.919557	12.320000	5.919557
88500	885.0000	987.800000	5.874283	12.200000	5.874283
88600	886.0000	988.020000	5.824946	11.980000	5.824946
88700	887.0000	987.920000	5.841701	12.080000	5.841701
88800	888.0000	988.840000	5.379320	11.160000	5.379320
88900	889.0000	988.380000	5.612550	11.620000	5.612550
89000	890.0000	988.020000	5.823023	11.980000	5.823023
89100	891.0000	987.800000	5.947504	12.200000	5.947504
89200	892.0000	988.260000	5.767621	11.740000	5.767621
89300	893.0000	988.320000	5.851662	11.680000	5.851662
89400	894.0000	988.920000	5.437341	11.080000	5.437341
89500	895.0000	989.220000	5.279567	10.780000	5.279567
89600	896.0000	988.180000	5.755254	11.820000	5.755254
89700	897.0000	988.240000	5.786160	11.760000	5.786160
89800	898.0000	988.200000	5.859147	11.800000	5.859147
89900	899.0000	987.660000	6.051222	12.340000	6.051222
90000	900.0000	988.360000	5.763593	11.640000	5.763593
90100	901.0000	987.860000	5.947639	12.140000	5.947639
90200	902.0000	987.300000	6.154364	12.700000	6.154364
90300	903.0000	988.320000	5.744872	11.680000	5.744872
90400	904.0000	987.740000	5.984033	12.260000	5.984033
90500	905.0000	988.700000	5.515886	11.300000	5.515886
90600	906.0000	989.060000	5.329796	10.940000	5.329796
90700	907.0000	989.340000	5.232331	10.660000	5.232331
90800	908.0000	988.500000	5.576325	11.500000	5.576325
90900	909.0000	988.720000	5.528402	11.280000	5.528402
91000	910.0000	988.900000	5.523061	11.100000	5.523061
91100	911.0000	989.200000	5.331041	10.800000	5.331041
91200	912.0000	988.880000	5.501392	11.120000	5.501392
91300	913.0000	988.820000	5.488365	11.180000	5.488365
91400	914.0000	989.440000	5.145574	10.560000	5.145574
91500	915.0000	988.760000	5.439600	11.240000	5.439600
91600	916.0000	989.740000	5.047915	10.260000	5.047915
91700	917.0000	989.820000	5.060173	10.180000	5.060173
91800	918.0000	988.720000	5.454689	11.280000	5.454689
91900	919.0000	988.100000	5.753486	11.900000	5.753486
92000	920.0000	988.180000	5.779875	11.820000	5.779875
92100	921.0000	989.680000	5.007230	10.320000	5.007230
92200	922.0000	990.220000	4.772697	9.780000	4.772697
92300	923.0000	990.380000	4.631966	9.620000	4.631966
92400	924.0000	989.840000	4.895578	10.160000	4.895578
92500	925.0000	989.280000	5.156979	10.720000	5.156979
92600	926.0000	989.000000	5.296036	11.000000	5.296036
92700	927.0000	989.220000	5.189550	10.780000	5.189550
92800	928.0000	989.080000	5.247540	10.920000	5.247540
92900	929.0000	988.780000	5.392312	11.220000	5.392312
93000	930.0000	988.220000	5.731826	11.780000	5.731826
93100	931.0000	987.680000	5.934067	12.320000	5.934067
93200	932.0000	987.260000	6.171924	12.740000	6.171924
93300	933.0000	987.760000	5.890573	12.240000	5.890573
93400	934.0000	987.520000	6.027486	12.480000	6.027486
93500	935.0000	988.380000	5.681189	11.620000	5.681189
93600	936.0000	988.000000	5.898678	12.000000	5.898678
93700	937.0000	987.680000	5.993426	12.320000	5.993426
93800	938.0000	987.440000	6.137697	12.560000	6.137697
93900	939.0000	988.300000	5.716100	11.700000	5.716100
94000	940.0000	988.700000	5.545611	11.300000	5.545611
94100	941.0000	988.980000	5.428922	11.020000	5.428922
94200	942.0000	988.240000	5.813953	11.760000	5.813953
94300	943.0000	987.900000	6.022973	12.100000	6.022973
94400	944.0000	988.380000	5.728657	11.620000	5.728657
94500	945.0000	987.560000	6.199623	12.440000	6.199623
94600	946.0000	987.360000	6.295062	12.640000	6.295062
94700	947.0000	987.740000	6.064969	12.260000	6.064969
94800	948.0000	986.980000	6.458699	13.020000	6.458699
94900	949.0000	988.080000	5.921408	11.920000	5.921408
95000	950.0000	989.040000	5.502069	10.960000	5.502069
95100	951.0000	987.880000	6.134274	12.120000	6.134274
95200	952.0000	988.060000	5.954589	11.940000	5.954589
95300	953.0000	987.440000	6.275168	12.560000	6.275168
95400	954.0000	986.960000	6.341732	13.040000	6.341732
95500	955.0000	986.360000	6.593558	13.640000	6.593558
95600	956.0000	985.980000	6.789197	14.020000	6.789197
95700	957.0000	986.300000	6.646819	13.700000	6.646819
95800	958.0000	986.740000	6.443590	13.260000	6.443590
95900	959.0000	987.040000	6.296219	12.960000	6.296219
96000	960.0000	987.340000	6.201975	12.660000	6.201975
96100	961.0000	987.880000	6.036200	12.120000	6.036200
96200	962.0000	987.960000	5.942859	12.040000	5.942859
96300	963.0000	986.960000	6.570599	13.040000	6.570599
96400	964.0000	987.100000	6.341814	12.900000	6.341814
96500	965.0000	986.560000	6.758648	13.440000	6.758648
96600	966.0000	988.220000	5.910756	11.780000	5.910756
96700	967.0000	987.620000	6.145625	12.380000	6.145625
96800	968.0000	987.260000	6.282089	12.740000	6.282089
96900	969.0000	987.020000	6.354116	12.980000	6.354116
97000	970.0000	986.460000	6.624090	13.540000	6.624090
97100	971.0000	986.000000	6.944177	14.000000	6.944177
97200	972.0000	985.500000	7.207066	14.500000	7.207066
97300	973.0000	986.100000	6.867037	13.900000	6.867037
97400	974.0000	986.560000	6.607823	13.440000	6.607823
97500	975.0000	985.960000	6.896548	14.040000	6.896548
97600	976.0000	985.820000	6.978922	14.180000	6.978922
97700	977.0000	986.160000	6.767591	13.840000	6.767591
97800	978.0000	986.220000	6.744022	13.780000	6.744022
97900	979.0000	985.900000	7.031202	14.100000	7.031202
98000	980.0000	985.400000	7.174733	14.600000	7.174733
98100	981.0000	986.020000	6.858775	13.980000	6.858775
98200	982.0000	985.880000	6.911130	14.120000	6.911130
98300	983.0000	987.040000	6.369550	12.960000	6.369550
98400	984.0000	986.460000	6.598558	13.540000	6.598558
98500	985.0000	985.780000	6.907752	14.220000	6.907752
98600	986.0000	985.460000	7.049835	14.540000	7.049835
98700	987.0000	985.520000	6.975800	14.480000	6.975800
98800	988.0000	986.360000	6.596833	13.640000	6.596833
98900	989.0000	985.660000	7.037307	14.340000	7.037307
99000	990.0000	985.180000	7.271792	14.820000	7.271792
99100	991.0000	985.820000	6.911595	14.180000	6.911595
99200	992.0000	986.420000	6.621969	13.580000	6.621969
99300	993.0000	986.780000	6.435296	13.220000	6.435296
99400	994.0000	987.380000	6.196573	12.620000	6.196573
99500	995.0000	986.560000	6.596554	13.440000	6.596554
99600	996.0000	986.320000	6.719788	13.680000	6.719788
99700	997.0000	987.020000	6.317879	12.980000	6.317879
99800	998.0000	987.660000	6.012494	12.340000	6.012494
99900	999.0000	986.300000	6.643026	13.700000	6.643026
100000	1000.0000	986.180000	6.711583	13.820000	6.711583
