# Creating system...
# System created with N=1000 particles

# Initial state:
# Susceptibles: 999, Infected: 1

# Starting simulation...
# Step	Time		S	I
0	0.0000		999	1
100	1.0000		996	4
200	2.0000		989	11
300	3.0000		978	22
400	4.0000		915	85
500	5.0000		808	192
600	6.0000		634	366
700	7.0000		490	510
800	8.0000		375	625
900	9.0000		290	710
1000	10.0000		238	762
1100	11.0000		272	728
1200	12.0000		284	716
1300	13.0000		230	770
1400	14.0000		257	743
1500	15.0000		245	755
1600	16.0000		250	750
1700	17.0000		274	726
1800	18.0000		262	738
1900	19.0000		248	752
2000	20.0000		244	756
2100	21.0000		233	767
2200	22.0000		253	747
2300	23.0000		242	758
2400	24.0000		241	759
2500	25.0000		229	771
2600	26.0000		222	778
2700	27.0000		225	775
2800	28.0000		225	775
2900	29.0000		238	762
3000	30.0000		226	774
3100	31.0000		241	759
3200	32.0000		235	765
3300	33.0000		254	746
3400	34.0000		226	774
3500	35.0000		259	741
3600	36.0000		246	754
3700	37.0000		232	768
3800	38.0000		219	781
3900	39.0000		241	759
4000	40.0000		248	752
4100	41.0000		277	723
4200	42.0000		242	758
4300	43.0000		274	726
4400	44.0000		265	735
4500	45.0000		228	772
4600	46.0000		266	734
4700	47.0000		217	783
4800	48.0000		234	766
4900	49.0000		226	774
5000	50.0000		244	756
5100	51.0000		248	752
5200	52.0000		262	738
5300	53.0000		273	727
5400	54.0000		259	741
5500	55.0000		229	771
5600	56.0000		248	752
5700	57.0000		248	752
5800	58.0000		246	754
5900	59.0000		227	773
6000	60.0000		237	763
6100	61.0000		276	724
6200	62.0000		255	745
6300	63.0000		260	740
6400	64.0000		237	763
6500	65.0000		256	744
6600	66.0000		252	748
6700	67.0000		234	766
6800	68.0000		229	771
6900	69.0000		208	792
7000	70.0000		205	795
7100	71.0000		220	780
7200	72.0000		256	744
7300	73.0000		240	760
7400	74.0000		254	746
7500	75.0000		259	741
7600	76.0000		282	718
7700	77.0000		253	747
7800	78.0000		246	754
7900	79.0000		227	773
8000	80.0000		242	758
8100	81.0000		248	752
8200	82.0000		256	744
8300	83.0000		250	750
8400	84.0000		234	766
8500	85.0000		271	729
8600	86.0000		247	753
8700	87.0000		244	756
8800	88.0000		257	743
8900	89.0000		236	764
9000	90.0000		244	756
9100	91.0000		240	760
9200	92.0000		248	752
9300	93.0000		268	732
9400	94.0000		246	754
9500	95.0000		261	739
9600	96.0000		262	738
9700	97.0000		285	715
9800	98.0000		240	760
9900	99.0000		271	729
10000	100.0000		243	757
10100	101.0000		231	769
10200	102.0000		256	744
10300	103.0000		260	740
10400	104.0000		252	748
10500	105.0000		266	734
10600	106.0000		244	756
10700	107.0000		265	735
10800	108.0000		257	743
10900	109.0000		239	761
11000	110.0000		225	775
11100	111.0000		220	780
11200	112.0000		254	746
11300	113.0000		266	734
11400	114.0000		218	782
11500	115.0000		231	769
11600	116.0000		235	765
11700	117.0000		238	762
11800	118.0000		266	734
11900	119.0000		243	757
12000	120.0000		241	759
12100	121.0000		228	772
12200	122.0000		276	724
12300	123.0000		245	755
12400	124.0000		246	754
12500	125.0000		240	760
12600	126.0000		232	768
12700	127.0000		233	767
12800	128.0000		265	735
12900	129.0000		250	750
13000	130.0000		261	739
13100	131.0000		271	729
13200	132.0000		261	739
13300	133.0000		242	758
13400	134.0000		237	763
13500	135.0000		242	758
13600	136.0000		266	734
13700	137.0000		247	753
13800	138.0000		275	725
13900	139.0000		286	714
14000	140.0000		241	759
14100	141.0000		232	768
14200	142.0000		236	764
14300	143.0000		239	761
14400	144.0000		227	773
14500	145.0000		268	732
14600	146.0000		257	743
14700	147.0000		212	788
14800	148.0000		256	744
14900	149.0000		217	783
15000	150.0000		264	736
15100	151.0000		274	726
15200	152.0000		239	761
15300	153.0000		242	758
15400	154.0000		258	742
15500	155.0000		274	726
15600	156.0000		234	766
15700	157.0000		235	765
15800	158.0000		235	765
15900	159.0000		254	746
16000	160.0000		255	745
16100	161.0000		240	760
16200	162.0000		268	732
16300	163.0000		266	734
16400	164.0000		266	734
16500	165.0000		240	760
16600	166.0000		231	769
16700	167.0000		258	742
16800	168.0000		249	751
16900	169.0000		253	747
17000	170.0000		280	720
17100	171.0000		260	740
17200	172.0000		231	769
17300	173.0000		253	747
17400	174.0000		237	763
17500	175.0000		254	746
17600	176.0000		267	733
17700	177.0000		249	751
17800	178.0000		212	788
17900	179.0000		268	732
18000	180.0000		257	743
18100	181.0000		233	767
18200	182.0000		254	746
18300	183.0000		218	782
18400	184.0000		274	726
18500	185.0000		245	755
18600	186.0000		254	746
18700	187.0000		264	736
18800	188.0000		269	731
18900	189.0000		246	754
19000	190.0000		252	748
19100	191.0000		247	753
19200	192.0000		231	769
19300	193.0000		258	742
19400	194.0000		244	756
19500	195.0000		267	733
19600	196.0000		241	759
19700	197.0000		257	743
19800	198.0000		247	753
19900	199.0000		241	759
20000	200.0000		254	746
20100	201.0000		272	728
20200	202.0000		237	763
20300	203.0000		252	748
20400	204.0000		234	766
20500	205.0000		258	742
20600	206.0000		272	728
20700	207.0000		236	764
20800	208.0000		258	742
20900	209.0000		246	754
21000	210.0000		248	752
21100	211.0000		242	758
21200	212.0000		258	742
21300	213.0000		253	747
21400	214.0000		230	770
21500	215.0000		228	772
21600	216.0000		264	736
21700	217.0000		243	757
21800	218.0000		266	734
21900	219.0000		258	742
22000	220.0000		266	734
22100	221.0000		255	745
22200	222.0000		254	746
22300	223.0000		234	766
22400	224.0000		265	735
22500	225.0000		253	747
22600	226.0000		238	762
22700	227.0000		246	754
22800	228.0000		237	763
22900	229.0000		256	744
23000	230.0000		246	754
23100	231.0000		252	748
23200	232.0000		263	737
23300	233.0000		222	778
23400	234.0000		250	750
23500	235.0000		227	773
23600	236.0000		233	767
23700	237.0000		238	762
23800	238.0000		248	752
23900	239.0000		233	767
24000	240.0000		248	752
24100	241.0000		271	729
24200	242.0000		255	745
24300	243.0000		240	760
24400	244.0000		263	737
24500	245.0000		247	753
24600	246.0000		241	759
24700	247.0000		245	755
24800	248.0000		258	742
24900	249.0000		243	757
25000	250.0000		270	730
25100	251.0000		230	770
25200	252.0000		249	751
25300	253.0000		250	750
25400	254.0000		264	736
25500	255.0000		278	722
25600	256.0000		273	727
25700	257.0000		266	734
25800	258.0000		217	783
25900	259.0000		249	751
26000	260.0000		247	753
26100	261.0000		225	775
26200	262.0000		232	768
26300	263.0000		270	730
26400	264.0000		248	752
26500	265.0000		220	780
26600	266.0000		242	758
26700	267.0000		248	752
26800	268.0000		235	765
26900	269.0000		247	753
27000	270.0000		251	749
27100	271.0000		236	764
27200	272.0000		214	786
27300	273.0000		231	769
27400	274.0000		262	738
27500	275.0000		253	747
27600	276.0000		244	756
27700	277.0000		237	763
27800	278.0000		233	767
27900	279.0000		234	766
28000	280.0000		275	725
28100	281.0000		238	762
28200	282.0000		243	757
28300	283.0000		233	767
28400	284.0000		227	773
28500	285.0000		261	739
28600	286.0000		224	776
28700	287.0000		256	744
28800	288.0000		258	742
28900	289.0000		270	730
29000	290.0000		240	760
29100	291.0000		223	777
29200	292.0000		256	744
29300	293.0000		261	739
29400	294.0000		257	743
29500	295.0000		220	780
29600	296.0000		254	746
29700	297.0000		227	773
29800	298.0000		270	730
29900	299.0000		249	751
30000	300.0000		254	746
30100	301.0000		242	758
30200	302.0000		249	751
30300	303.0000		263	737
30400	304.0000		240	760
30500	305.0000		235	765
30600	306.0000		255	745
30700	307.0000		231	769
30800	308.0000		239	761
30900	309.0000		254	746
31000	310.0000		259	741
31100	311.0000		249	751
31200	312.0000		239	761
31300	313.0000		243	757
31400	314.0000		221	779
31500	315.0000		251	749
31600	316.0000		253	747
31700	317.0000		263	737
31800	318.0000		240	760
31900	319.0000		244	756
32000	320.0000		263	737
32100	321.0000		258	742
32200	322.0000		235	765
32300	323.0000		239	761
32400	324.0000		247	753
32500	325.0000		251	749
32600	326.0000		236	764
32700	327.0000		253	747
32800	328.0000		228	772
32900	329.0000		239	761
33000	330.0000		246	754
33100	331.0000		286	714
33200	332.0000		251	749
33300	333.0000		237	763
33400	334.0000		225	775
33500	335.0000		255	745
33600	336.0000		271	729
33700	337.0000		225	775
33800	338.0000		247	753
33900	339.0000		231	769
34000	340.0000		218	782
34100	341.0000		219	781
34200	342.0000		284	716
34300	343.0000		231	769
34400	344.0000		243	757
34500	345.0000		234	766
34600	346.0000		259	741
34700	347.0000		257	743
34800	348.0000		241	759
34900	349.0000		258	742
35000	350.0000		224	776
35100	351.0000		244	756
35200	352.0000		230	770
35300	353.0000		256	744
35400	354.0000		259	741
35500	355.0000		249	751
35600	356.0000		236	764
35700	357.0000		276	724
35800	358.0000		238	762
35900	359.0000		248	752
36000	360.0000		272	728
36100	361.0000		231	769
36200	362.0000		259	741
36300	363.0000		232	768
36400	364.0000		264	736
36500	365.0000		271	729
36600	366.0000		273	727
36700	367.0000		253	747
36800	368.0000		233	767
36900	369.0000		246	754
37000	370.0000		264	736
37100	371.0000		229	771
37200	372.0000		257	743
37300	373.0000		246	754
37400	374.0000		252	748
37500	375.0000		227	773
37600	376.0000		229	771
37700	377.0000		257	743
37800	378.0000		224	776
37900	379.0000		236	764
38000	380.0000		263	737
38100	381.0000		262	738
38200	382.0000		233	767
38300	383.0000		283	717
38400	384.0000		225	775
38500	385.0000		243	757
38600	386.0000		237	763
38700	387.0000		219	781
38800	388.0000		248	752
38900	389.0000		252	748
39000	390.0000		237	763
39100	391.0000		250	750
39200	392.0000		247	753
39300	393.0000		262	738
39400	394.0000		273	727
39500	395.0000		215	785
39600	396.0000		260	740
39700	397.0000		231	769
39800	398.0000		251	749
39900	399.0000		240	760
40000	400.0000		244	756
40100	401.0000		241	759
40200	402.0000		248	752
40300	403.0000		252	748
40400	404.0000		251	749
40500	405.0000		238	762
40600	406.0000		250	750
40700	407.0000		243	757
40800	408.0000		254	746
40900	409.0000		236	764
41000	410.0000		237	763
41100	411.0000		237	763
41200	412.0000		233	767
41300	413.0000		228	772
41400	414.0000		265	735
41500	415.0000		260	740
41600	416.0000		254	746
41700	417.0000		271	729
41800	418.0000		261	739
41900	419.0000		265	735
42000	420.0000		244	756
42100	421.0000		252	748
42200	422.0000		255	745
42300	423.0000		228	772
42400	424.0000		276	724
42500	425.0000		250	750
42600	426.0000		249	751
42700	427.0000		261	739
42800	428.0000		271	729
42900	429.0000		250	750
43000	430.0000		271	729
43100	431.0000		235	765
43200	432.0000		274	726
43300	433.0000		256	744
43400	434.0000		243	757
43500	435.0000		253	747
43600	436.0000		269	731
43700	437.0000		264	736
43800	438.0000		270	730
43900	439.0000		271	729
44000	440.0000		246	754
44100	441.0000		246	754
44200	442.0000		235	765
44300	443.0000		262	738
44400	444.0000		272	728
44500	445.0000		236	764
44600	446.0000		235	765
44700	447.0000		241	759
44800	448.0000		255	745
44900	449.0000		239	761
45000	450.0000		256	744
45100	451.0000		256	744
45200	452.0000		266	734
45300	453.0000		269	731
45400	454.0000		251	749
45500	455.0000		229	771
45600	456.0000		237	763
45700	457.0000		262	738
45800	458.0000		250	750
45900	459.0000		235	765
46000	460.0000		271	729
46100	461.0000		262	738
46200	462.0000		261	739
46300	463.0000		272	728
46400	464.0000		253	747
46500	465.0000		262	738
46600	466.0000		256	744
46700	467.0000		241	759
46800	468.0000		264	736
46900	469.0000		259	741
47000	470.0000		242	758
47100	471.0000		264	736
47200	472.0000		259	741
47300	473.0000		265	735
47400	474.0000		253	747
47500	475.0000		252	748
47600	476.0000		264	736
47700	477.0000		259	741
47800	478.0000		243	757
47900	479.0000		242	758
48000	480.0000		242	758
48100	481.0000		243	757
48200	482.0000		267	733
48300	483.0000		241	759
48400	484.0000		236	764
48500	485.0000		235	765
48600	486.0000		264	736
48700	487.0000		235	765
48800	488.0000		243	757
48900	489.0000		249	751
49000	490.0000		253	747
49100	491.0000		252	748
49200	492.0000		230	770
49300	493.0000		236	764
49400	494.0000		247	753
49500	495.0000		255	745
49600	496.0000		263	737
49700	497.0000		257	743
49800	498.0000		229	771
49900	499.0000		251	749
50000	500.0000		240	760
50100	501.0000		249	751
50200	502.0000		263	737
50300	503.0000		270	730
50400	504.0000		273	727
50500	505.0000		247	753
50600	506.0000		248	752
50700	507.0000		229	771
50800	508.0000		270	730
50900	509.0000		230	770
51000	510.0000		254	746
51100	511.0000		251	749
51200	512.0000		267	733
51300	513.0000		230	770
51400	514.0000		249	751
51500	515.0000		258	742
51600	516.0000		229	771
51700	517.0000		247	753
51800	518.0000		245	755
51900	519.0000		252	748
52000	520.0000		240	760
52100	521.0000		259	741
52200	522.0000		267	733
52300	523.0000		246	754
52400	524.0000		269	731
52500	525.0000		256	744
52600	526.0000		250	750
52700	527.0000		267	733
52800	528.0000		238	762
52900	529.0000		260	740
53000	530.0000		238	762
53100	531.0000		241	759
53200	532.0000		261	739
53300	533.0000		272	728
53400	534.0000		236	764
53500	535.0000		231	769
53600	536.0000		258	742
53700	537.0000		261	739
53800	538.0000		244	756
53900	539.0000		240	760
54000	540.0000		240	760
54100	541.0000		224	776
54200	542.0000		231	769
54300	543.0000		235	765
54400	544.0000		230	770
54500	545.0000		219	781
54600	546.0000		239	761
54700	547.0000		257	743
54800	548.0000		234	766
54900	549.0000		255	745
55000	550.0000		246	754
55100	551.0000		260	740
55200	552.0000		237	763
55300	553.0000		244	756
55400	554.0000		214	786
55500	555.0000		253	747
55600	556.0000		256	744
55700	557.0000		235	765
55800	558.0000		254	746
55900	559.0000		253	747
56000	560.0000		251	749
56100	561.0000		259	741
56200	562.0000		255	745
56300	563.0000		257	743
56400	564.0000		242	758
56500	565.0000		227	773
56600	566.0000		234	766
56700	567.0000		241	759
56800	568.0000		246	754
56900	569.0000		228	772
57000	570.0000		220	780
57100	571.0000		241	759
57200	572.0000		281	719
57300	573.0000		226	774
57400	574.0000		243	757
57500	575.0000		254	746
57600	576.0000		267	733
57700	577.0000		249	751
57800	578.0000		278	722
57900	579.0000		265	735
58000	580.0000		248	752
58100	581.0000		241	759
58200	582.0000		226	774
58300	583.0000		239	761
58400	584.0000		263	737
58500	585.0000		281	719
58600	586.0000		260	740
58700	587.0000		236	764
58800	588.0000		261	739
58900	589.0000		250	750
59000	590.0000		244	756
59100	591.0000		213	787
59200	592.0000		250	750
59300	593.0000		254	746
59400	594.0000		231	769
59500	595.0000		245	755
59600	596.0000		246	754
59700	597.0000		227	773
59800	598.0000		265	735
59900	599.0000		241	759
60000	600.0000		250	750
60100	601.0000		256	744
60200	602.0000		222	778
60300	603.0000		247	753
60400	604.0000		264	736
60500	605.0000		276	724
60600	606.0000		260	740
60700	607.0000		235	765
60800	608.0000		248	752
60900	609.0000		249	751
61000	610.0000		256	744
61100	611.0000		258	742
61200	612.0000		210	790
61300	613.0000		248	752
61400	614.0000		245	755
61500	615.0000		264	736
61600	616.0000		259	741
61700	617.0000		240	760
61800	618.0000		266	734
61900	619.0000		259	741
62000	620.0000		222	778
62100	621.0000		247	753
62200	622.0000		240	760
62300	623.0000		265	735
62400	624.0000		237	763
62500	625.0000		231	769
62600	626.0000		275	725
62700	627.0000		272	728
62800	628.0000		235	765
62900	629.0000		260	740
63000	630.0000		250	750
63100	631.0000		261	739
63200	632.0000		254	746
63300	633.0000		236	764
63400	634.0000		214	786
63500	635.0000		250	750
63600	636.0000		259	741
63700	637.0000		236	764
63800	638.0000		245	755
63900	639.0000		283	717
64000	640.0000		242	758
64100	641.0000		234	766
64200	642.0000		253	747
64300	643.0000		255	745
64400	644.0000		240	760
64500	645.0000		283	717
64600	646.0000		272	728
64700	647.0000		268	732
64800	648.0000		248	752
64900	649.0000		259	741
65000	650.0000		261	739
65100	651.0000		242	758
65200	652.0000		268	732
65300	653.0000		266	734
65400	654.0000		255	745
65500	655.0000		240	760
65600	656.0000		231	769
65700	657.0000		260	740
65800	658.0000		248	752
65900	659.0000		250	750
66000	660.0000		217	783
66100	661.0000		253	747
66200	662.0000		249	751
66300	663.0000		248	752
66400	664.0000		255	745
66500	665.0000		249	751
66600	666.0000		262	738
66700	667.0000		248	752
66800	668.0000		249	751
66900	669.0000		232	768
67000	670.0000		250	750
67100	671.0000		207	793
67200	672.0000		217	783
67300	673.0000		238	762
67400	674.0000		255	745
67500	675.0000		240	760
67600	676.0000		256	744
67700	677.0000		256	744
67800	678.0000		235	765
67900	679.0000		258	742
68000	680.0000		268	732
68100	681.0000		233	767
68200	682.0000		251	749
68300	683.0000		239	761
68400	684.0000		241	759
68500	685.0000		262	738
68600	686.0000		253	747
68700	687.0000		226	774
68800	688.0000		256	744
68900	689.0000		271	729
69000	690.0000		253	747
69100	691.0000		231	769
69200	692.0000		261	739
69300	693.0000		248	752
69400	694.0000		223	777
69500	695.0000		226	774
69600	696.0000		232	768
69700	697.0000		245	755
69800	698.0000		263	737
69900	699.0000		251	749
70000	700.0000		242	758
70100	701.0000		251	749
70200	702.0000		256	744
70300	703.0000		273	727
70400	704.0000		243	757
70500	705.0000		227	773
70600	706.0000		246	754
70700	707.0000		237	763
70800	708.0000		247	753
70900	709.0000		247	753
71000	710.0000		242	758
71100	711.0000		251	749
71200	712.0000		236	764
71300	713.0000		261	739
71400	714.0000		253	747
71500	715.0000		251	749
71600	716.0000		248	752
71700	717.0000		232	768
71800	718.0000		254	746
71900	719.0000		291	709
72000	720.0000		285	715
72100	721.0000		246	754
72200	722.0000		242	758
72300	723.0000		245	755
72400	724.0000		231	769
72500	725.0000		232	768
72600	726.0000		264	736
72700	727.0000		249	751
72800	728.0000		244	756
72900	729.0000		238	762
73000	730.0000		249	751
73100	731.0000		231	769
73200	732.0000		256	744
73300	733.0000		227	773
73400	734.0000		235	765
73500	735.0000		240	760
73600	736.0000		228	772
73700	737.0000		234	766
73800	738.0000		265	735
73900	739.0000		248	752
74000	740.0000		224	776
74100	741.0000		250	750
74200	742.0000		250	750
74300	743.0000		228	772
74400	744.0000		279	721
74500	745.0000		260	740
74600	746.0000		248	752
74700	747.0000		275	725
74800	748.0000		233	767
74900	749.0000		233	767
75000	750.0000		251	749
75100	751.0000		241	759
75200	752.0000		247	753
75300	753.0000		276	724
75400	754.0000		242	758
75500	755.0000		244	756
75600	756.0000		214	786
75700	757.0000		252	748
75800	758.0000		265	735
75900	759.0000		255	745
76000	760.0000		235	765
76100	761.0000		262	738
76200	762.0000		303	697
76300	763.0000		256	744
76400	764.0000		267	733
76500	765.0000		270	730
76600	766.0000		232	768
76700	767.0000		261	739
76800	768.0000		254	746
76900	769.0000		271	729
77000	770.0000		248	752
77100	771.0000		245	755
77200	772.0000		260	740
77300	773.0000		239	761
77400	774.0000		238	762
77500	775.0000		220	780
77600	776.0000		236	764
77700	777.0000		254	746
77800	778.0000		277	723
77900	779.0000		234	766
78000	780.0000		262	738
78100	781.0000		248	752
78200	782.0000		241	759
78300	783.0000		250	750
78400	784.0000		233	767
78500	785.0000		249	751
78600	786.0000		259	741
78700	787.0000		254	746
78800	788.0000		257	743
78900	789.0000		241	759
79000	790.0000		243	757
79100	791.0000		263	737
79200	792.0000		255	745
79300	793.0000		266	734
79400	794.0000		237	763
79500	795.0000		236	764
79600	796.0000		239	761
79700	797.0000		253	747
79800	798.0000		262	738
79900	799.0000		263	737
80000	800.0000		238	762
80100	801.0000		249	751
80200	802.0000		247	753
80300	803.0000		277	723
80400	804.0000		265	735
80500	805.0000		243	757
80600	806.0000		268	732
80700	807.0000		237	763
80800	808.0000		234	766
80900	809.0000		236	764
81000	810.0000		245	755
81100	811.0000		266	734
81200	812.0000		256	744
81300	813.0000		275	725
81400	814.0000		237	763
81500	815.0000		269	731
81600	816.0000		239	761
81700	817.0000		262	738
81800	818.0000		218	782
81900	819.0000		223	777
82000	820.0000		272	728
82100	821.0000		233	767
82200	822.0000		253	747
82300	823.0000		253	747
82400	824.0000		243	757
82500	825.0000		246	754
82600	826.0000		246	754
82700	827.0000		261	739
82800	828.0000		233	767
82900	829.0000		231	769
83000	830.0000		272	728
83100	831.0000		246	754
83200	832.0000		229	771
83300	833.0000		259	741
83400	834.0000		258	742
83500	835.0000		280	720
83600	836.0000		232	768
83700	837.0000		244	756
83800	838.0000		236	764
83900	839.0000		257	743
84000	840.0000		244	756
84100	841.0000		253	747
84200	842.0000		255	745
84300	843.0000		247	753
84400	844.0000		266	734
84500	845.0000		253	747
84600	846.0000		264	736
84700	847.0000		240	760
84800	848.0000		261	739
84900	849.0000		213	787
85000	850.0000		277	723
85100	851.0000		234	766
85200	852.0000		222	778
85300	853.0000		257	743
85400	854.0000		226	774
85500	855.0000		252	748
85600	856.0000		237	763
85700	857.0000		246	754
85800	858.0000		271	729
85900	859.0000		250	750
86000	860.0000		243	757
86100	861.0000		262	738
86200	862.0000		251	749
86300	863.0000		241	759
86400	864.0000		235	765
86500	865.0000		257	743
86600	866.0000		239	761
86700	867.0000		240	760
86800	868.0000		239	761
86900	869.0000		239	761
87000	870.0000		214	786
87100	871.0000		233	767
87200	872.0000		244	756
87300	873.0000		228	772
87400	874.0000		220	780
87500	875.0000		245	755
87600	876.0000		244	756
87700	877.0000		229	771
87800	878.0000		252	748
87900	879.0000		260	740
88000	880.0000		259	741
88100	881.0000		253	747
88200	882.0000		201	799
88300	883.0000		242	758
88400	884.0000		260	740
88500	885.0000		227	773
88600	886.0000		244	756
88700	887.0000		272	728
88800	888.0000		237	763
88900	889.0000		223	777
89000	890.0000		240	760
89100	891.0000		250	750
89200	892.0000		244	756
89300	893.0000		229	771
89400	894.0000		229	771
89500	895.0000		232	768
89600	896.0000		236	764
89700	897.0000		221	779
89800	898.0000		232	768
89900	899.0000		280	720
90000	900.0000		261	739
90100	901.0000		224	776
90200	902.0000		266	734
90300	903.0000		256	744
90400	904.0000		238	762
90500	905.0000		271	729
90600	906.0000		229	771
90700	907.0000		253	747
90800	908.0000		236	764
90900	909.0000		269	731
91000	910.0000		247	753
91100	911.0000		242	758
91200	912.0000		249	751
91300	913.0000		270	730
91400	914.0000		251	749
91500	915.0000		240	760
91600	916.0000		250	750
91700	917.0000		264	736
91800	918.0000		248	752
91900	919.0000		230	770
92000	920.0000		251	749
92100	921.0000		242	758
92200	922.0000		258	742
92300	923.0000		222	778
92400	924.0000		261	739
92500	925.0000		256	744
92600	926.0000		252	748
92700	927.0000		273	727
92800	928.0000		265	735
92900	929.0000		275	725
93000	930.0000		249	751
93100	931.0000		257	743
93200	932.0000		258	742
93300	933.0000		244	756
93400	934.0000		279	721
93500	935.0000		263	737
93600	936.0000		256	744
93700	937.0000		253	747
93800	938.0000		258	742
93900	939.0000		252	748
94000	940.0000		258	742
94100	941.0000		247	753
94200	942.0000		246	754
94300	943.0000		289	711
94400	944.0000		248	752
94500	945.0000		262	738
94600	946.0000		270	730
94700	947.0000		233	767
94800	948.0000		259	741
94900	949.0000		249	751
95000	950.0000		240	760
95100	951.0000		244	756
95200	952.0000		262	738
95300	953.0000		247	753
95400	954.0000		221	779
95500	955.0000		229	771
95600	956.0000		223	777
95700	957.0000		223	777
95800	958.0000		256	744
95900	959.0000		254	746
96000	960.0000		242	758
96100	961.0000		262	738
96200	962.0000		235	765
96300	963.0000		221	779
96400	964.0000		222	778
96500	965.0000		275	725
96600	966.0000		258	742
96700	967.0000		244	756
96800	968.0000		250	750
96900	969.0000		237	763
97000	970.0000		245	755
97100	971.0000		254	746
97200	972.0000		224	776
97300	973.0000		228	772
97400	974.0000		257	743
97500	975.0000		235	765
97600	976.0000		243	757
97700	977.0000		236	764
97800	978.0000		244	756
97900	979.0000		253	747
98000	980.0000		264	736
98100	981.0000		231	769
98200	982.0000		245	755
98300	983.0000		250	750
98400	984.0000		275	725
98500	985.0000		244	756
98600	986.0000		252	748
98700	987.0000		245	755
98800	988.0000		267	733
98900	989.0000		259	741
99000	990.0000		241	759
99100	991.0000		230	770
99200	992.0000		256	744
99300	993.0000		284	716
99400	994.0000		244	756
99500	995.0000		251	749
99600	996.0000		238	762
99700	997.0000		235	765
99800	998.0000		236	764
99900	999.0000		240	760
100000	1000.0000		237	763
# Simulation completed.
