# Creating system...
# System created with N=1000 particles

# Initial state:
# Susceptibles: 999, Infected: 1

# Starting simulation...
# Step	Time		S	I
0	0.0000		999	1
100	1.0000		995	5
200	2.0000		973	27
300	3.0000		929	71
400	4.0000		826	174
500	5.0000		737	263
600	6.0000		573	427
700	7.0000		430	570
800	8.0000		350	650
900	9.0000		273	727
1000	10.0000		268	732
1100	11.0000		268	732
1200	12.0000		236	764
1300	13.0000		257	743
1400	14.0000		242	758
1500	15.0000		241	759
1600	16.0000		240	760
1700	17.0000		241	759
1800	18.0000		260	740
1900	19.0000		257	743
2000	20.0000		271	729
2100	21.0000		286	714
2200	22.0000		267	733
2300	23.0000		249	751
2400	24.0000		262	738
2500	25.0000		269	731
2600	26.0000		273	727
2700	27.0000		223	777
2800	28.0000		246	754
2900	29.0000		255	745
3000	30.0000		241	759
3100	31.0000		236	764
3200	32.0000		251	749
3300	33.0000		273	727
3400	34.0000		264	736
3500	35.0000		255	745
3600	36.0000		214	786
3700	37.0000		260	740
3800	38.0000		245	755
3900	39.0000		235	765
4000	40.0000		249	751
4100	41.0000		233	767
4200	42.0000		251	749
4300	43.0000		258	742
4400	44.0000		215	785
4500	45.0000		244	756
4600	46.0000		267	733
4700	47.0000		258	742
4800	48.0000		246	754
4900	49.0000		246	754
5000	50.0000		261	739
5100	51.0000		258	742
5200	52.0000		280	720
5300	53.0000		225	775
5400	54.0000		237	763
5500	55.0000		271	729
5600	56.0000		238	762
5700	57.0000		229	771
5800	58.0000		273	727
5900	59.0000		268	732
6000	60.0000		250	750
6100	61.0000		240	760
6200	62.0000		252	748
6300	63.0000		248	752
6400	64.0000		229	771
6500	65.0000		249	751
6600	66.0000		236	764
6700	67.0000		243	757
6800	68.0000		267	733
6900	69.0000		250	750
7000	70.0000		241	759
7100	71.0000		239	761
7200	72.0000		242	758
7300	73.0000		238	762
7400	74.0000		242	758
7500	75.0000		252	748
7600	76.0000		239	761
7700	77.0000		248	752
7800	78.0000		235	765
7900	79.0000		255	745
8000	80.0000		233	767
8100	81.0000		249	751
8200	82.0000		243	757
8300	83.0000		263	737
8400	84.0000		271	729
8500	85.0000		241	759
8600	86.0000		253	747
8700	87.0000		267	733
8800	88.0000		238	762
8900	89.0000		252	748
9000	90.0000		255	745
9100	91.0000		269	731
9200	92.0000		273	727
9300	93.0000		261	739
9400	94.0000		224	776
9500	95.0000		223	777
9600	96.0000		248	752
9700	97.0000		262	738
9800	98.0000		236	764
9900	99.0000		211	789
10000	100.0000		259	741
10100	101.0000		240	760
10200	102.0000		241	759
10300	103.0000		270	730
10400	104.0000		242	758
10500	105.0000		268	732
10600	106.0000		259	741
10700	107.0000		250	750
10800	108.0000		249	751
10900	109.0000		239	761
11000	110.0000		251	749
11100	111.0000		258	742
11200	112.0000		247	753
11300	113.0000		262	738
11400	114.0000		254	746
11500	115.0000		262	738
11600	116.0000		230	770
11700	117.0000		258	742
11800	118.0000		254	746
11900	119.0000		244	756
12000	120.0000		256	744
12100	121.0000		253	747
12200	122.0000		268	732
12300	123.0000		277	723
12400	124.0000		265	735
12500	125.0000		259	741
12600	126.0000		249	751
12700	127.0000		258	742
12800	128.0000		237	763
12900	129.0000		243	757
13000	130.0000		258	742
13100	131.0000		284	716
13200	132.0000		247	753
13300	133.0000		230	770
13400	134.0000		281	719
13500	135.0000		279	721
13600	136.0000		235	765
13700	137.0000		253	747
13800	138.0000		267	733
13900	139.0000		234	766
14000	140.0000		234	766
14100	141.0000		290	710
14200	142.0000		266	734
14300	143.0000		226	774
14400	144.0000		216	784
14500	145.0000		248	752
14600	146.0000		260	740
14700	147.0000		263	737
14800	148.0000		275	725
14900	149.0000		256	744
15000	150.0000		244	756
15100	151.0000		238	762
15200	152.0000		246	754
15300	153.0000		242	758
15400	154.0000		244	756
15500	155.0000		232	768
15600	156.0000		268	732
15700	157.0000		247	753
15800	158.0000		226	774
15900	159.0000		222	778
16000	160.0000		260	740
16100	161.0000		272	728
16200	162.0000		247	753
16300	163.0000		262	738
16400	164.0000		267	733
16500	165.0000		237	763
16600	166.0000		258	742
16700	167.0000		245	755
16800	168.0000		224	776
16900	169.0000		256	744
17000	170.0000		246	754
17100	171.0000		231	769
17200	172.0000		248	752
17300	173.0000		294	706
17400	174.0000		235	765
17500	175.0000		231	769
17600	176.0000		249	751
17700	177.0000		259	741
17800	178.0000		211	789
17900	179.0000		266	734
18000	180.0000		272	728
18100	181.0000		271	729
18200	182.0000		282	718
18300	183.0000		263	737
18400	184.0000		243	757
18500	185.0000		250	750
18600	186.0000		225	775
18700	187.0000		247	753
18800	188.0000		250	750
18900	189.0000		233	767
19000	190.0000		228	772
19100	191.0000		229	771
19200	192.0000		255	745
19300	193.0000		259	741
19400	194.0000		267	733
19500	195.0000		234	766
19600	196.0000		235	765
19700	197.0000		247	753
19800	198.0000		209	791
19900	199.0000		243	757
20000	200.0000		237	763
20100	201.0000		251	749
20200	202.0000		244	756
20300	203.0000		243	757
20400	204.0000		248	752
20500	205.0000		240	760
20600	206.0000		280	720
20700	207.0000		243	757
20800	208.0000		255	745
20900	209.0000		266	734
21000	210.0000		251	749
21100	211.0000		264	736
21200	212.0000		243	757
21300	213.0000		228	772
21400	214.0000		244	756
21500	215.0000		258	742
21600	216.0000		238	762
21700	217.0000		264	736
21800	218.0000		223	777
21900	219.0000		225	775
22000	220.0000		228	772
22100	221.0000		243	757
22200	222.0000		245	755
22300	223.0000		255	745
22400	224.0000		237	763
22500	225.0000		237	763
22600	226.0000		246	754
22700	227.0000		257	743
22800	228.0000		246	754
22900	229.0000		248	752
23000	230.0000		237	763
23100	231.0000		231	769
23200	232.0000		269	731
23300	233.0000		257	743
23400	234.0000		246	754
23500	235.0000		246	754
23600	236.0000		268	732
23700	237.0000		275	725
23800	238.0000		283	717
23900	239.0000		248	752
24000	240.0000		243	757
24100	241.0000		270	730
24200	242.0000		250	750
24300	243.0000		253	747
24400	244.0000		245	755
24500	245.0000		255	745
24600	246.0000		225	775
24700	247.0000		257	743
24800	248.0000		285	715
24900	249.0000		239	761
25000	250.0000		242	758
25100	251.0000		263	737
25200	252.0000		277	723
25300	253.0000		264	736
25400	254.0000		291	709
25500	255.0000		239	761
25600	256.0000		204	796
25700	257.0000		257	743
25800	258.0000		267	733
25900	259.0000		210	790
26000	260.0000		220	780
26100	261.0000		250	750
26200	262.0000		251	749
26300	263.0000		219	781
26400	264.0000		254	746
26500	265.0000		253	747
26600	266.0000		262	738
26700	267.0000		235	765
26800	268.0000		235	765
26900	269.0000		253	747
27000	270.0000		254	746
27100	271.0000		266	734
27200	272.0000		243	757
27300	273.0000		250	750
27400	274.0000		237	763
27500	275.0000		219	781
27600	276.0000		251	749
27700	277.0000		249	751
27800	278.0000		281	719
27900	279.0000		214	786
28000	280.0000		260	740
28100	281.0000		258	742
28200	282.0000		250	750
28300	283.0000		204	796
28400	284.0000		211	789
28500	285.0000		229	771
28600	286.0000		243	757
28700	287.0000		261	739
28800	288.0000		233	767
28900	289.0000		247	753
29000	290.0000		242	758
29100	291.0000		273	727
29200	292.0000		231	769
29300	293.0000		242	758
29400	294.0000		281	719
29500	295.0000		247	753
29600	296.0000		272	728
29700	297.0000		236	764
29800	298.0000		236	764
29900	299.0000		241	759
30000	300.0000		250	750
30100	301.0000		281	719
30200	302.0000		283	717
30300	303.0000		263	737
30400	304.0000		254	746
30500	305.0000		247	753
30600	306.0000		253	747
30700	307.0000		278	722
30800	308.0000		228	772
30900	309.0000		251	749
31000	310.0000		257	743
31100	311.0000		259	741
31200	312.0000		234	766
31300	313.0000		223	777
31400	314.0000		250	750
31500	315.0000		262	738
31600	316.0000		244	756
31700	317.0000		249	751
31800	318.0000		267	733
31900	319.0000		268	732
32000	320.0000		245	755
32100	321.0000		245	755
32200	322.0000		265	735
32300	323.0000		271	729
32400	324.0000		244	756
32500	325.0000		268	732
32600	326.0000		240	760
32700	327.0000		245	755
32800	328.0000		243	757
32900	329.0000		214	786
33000	330.0000		264	736
33100	331.0000		278	722
33200	332.0000		263	737
33300	333.0000		248	752
33400	334.0000		248	752
33500	335.0000		257	743
33600	336.0000		252	748
33700	337.0000		244	756
33800	338.0000		237	763
33900	339.0000		267	733
34000	340.0000		246	754
34100	341.0000		244	756
34200	342.0000		244	756
34300	343.0000		211	789
34400	344.0000		263	737
34500	345.0000		236	764
34600	346.0000		242	758
34700	347.0000		249	751
34800	348.0000		240	760
34900	349.0000		231	769
35000	350.0000		231	769
35100	351.0000		230	770
35200	352.0000		233	767
35300	353.0000		253	747
35400	354.0000		253	747
35500	355.0000		237	763
35600	356.0000		225	775
35700	357.0000		260	740
35800	358.0000		249	751
35900	359.0000		237	763
36000	360.0000		242	758
36100	361.0000		230	770
36200	362.0000		253	747
36300	363.0000		276	724
36400	364.0000		244	756
36500	365.0000		222	778
36600	366.0000		248	752
36700	367.0000		249	751
36800	368.0000		249	751
36900	369.0000		224	776
37000	370.0000		221	779
37100	371.0000		248	752
37200	372.0000		216	784
37300	373.0000		248	752
37400	374.0000		257	743
37500	375.0000		244	756
37600	376.0000		265	735
37700	377.0000		254	746
37800	378.0000		251	749
37900	379.0000		275	725
38000	380.0000		267	733
38100	381.0000		249	751
38200	382.0000		239	761
38300	383.0000		248	752
38400	384.0000		273	727
38500	385.0000		239	761
38600	386.0000		257	743
38700	387.0000		254	746
38800	388.0000		240	760
38900	389.0000		258	742
39000	390.0000		239	761
39100	391.0000		225	775
39200	392.0000		269	731
39300	393.0000		257	743
39400	394.0000		230	770
39500	395.0000		234	766
39600	396.0000		249	751
39700	397.0000		244	756
39800	398.0000		258	742
39900	399.0000		245	755
40000	400.0000		277	723
40100	401.0000		253	747
40200	402.0000		276	724
40300	403.0000		242	758
40400	404.0000		265	735
40500	405.0000		287	713
40600	406.0000		280	720
40700	407.0000		234	766
40800	408.0000		243	757
40900	409.0000		249	751
41000	410.0000		254	746
41100	411.0000		276	724
41200	412.0000		239	761
41300	413.0000		257	743
41400	414.0000		269	731
41500	415.0000		242	758
41600	416.0000		237	763
41700	417.0000		243	757
41800	418.0000		246	754
41900	419.0000		254	746
42000	420.0000		229	771
42100	421.0000		240	760
42200	422.0000		231	769
42300	423.0000		270	730
42400	424.0000		277	723
42500	425.0000		262	738
42600	426.0000		255	745
42700	427.0000		257	743
42800	428.0000		241	759
42900	429.0000		234	766
43000	430.0000		236	764
43100	431.0000		259	741
43200	432.0000		233	767
43300	433.0000		252	748
43400	434.0000		262	738
43500	435.0000		256	744
43600	436.0000		269	731
43700	437.0000		250	750
43800	438.0000		296	704
43900	439.0000		220	780
44000	440.0000		252	748
44100	441.0000		227	773
44200	442.0000		215	785
44300	443.0000		237	763
44400	444.0000		247	753
44500	445.0000		264	736
44600	446.0000		256	744
44700	447.0000		240	760
44800	448.0000		241	759
44900	449.0000		254	746
45000	450.0000		259	741
45100	451.0000		253	747
45200	452.0000		262	738
45300	453.0000		253	747
45400	454.0000		288	712
45500	455.0000		251	749
45600	456.0000		254	746
45700	457.0000		251	749
45800	458.0000		252	748
45900	459.0000		249	751
46000	460.0000		227	773
46100	461.0000		260	740
46200	462.0000		252	748
46300	463.0000		260	740
46400	464.0000		259	741
46500	465.0000		293	707
46600	466.0000		264	736
46700	467.0000		275	725
46800	468.0000		271	729
46900	469.0000		266	734
47000	470.0000		261	739
47100	471.0000		281	719
47200	472.0000		256	744
47300	473.0000		243	757
47400	474.0000		251	749
47500	475.0000		263	737
47600	476.0000		255	745
47700	477.0000		246	754
47800	478.0000		255	745
47900	479.0000		247	753
48000	480.0000		266	734
48100	481.0000		251	749
48200	482.0000		246	754
48300	483.0000		267	733
48400	484.0000		255	745
48500	485.0000		247	753
48600	486.0000		251	749
48700	487.0000		263	737
48800	488.0000		235	765
48900	489.0000		226	774
49000	490.0000		260	740
49100	491.0000		266	734
49200	492.0000		232	768
49300	493.0000		260	740
49400	494.0000		229	771
49500	495.0000		251	749
49600	496.0000		287	713
49700	497.0000		240	760
49800	498.0000		233	767
49900	499.0000		258	742
50000	500.0000		234	766
50100	501.0000		288	712
50200	502.0000		240	760
50300	503.0000		242	758
50400	504.0000		249	751
50500	505.0000		228	772
50600	506.0000		227	773
50700	507.0000		240	760
50800	508.0000		241	759
50900	509.0000		259	741
51000	510.0000		255	745
51100	511.0000		269	731
51200	512.0000		260	740
51300	513.0000		247	753
51400	514.0000		240	760
51500	515.0000		254	746
51600	516.0000		235	765
51700	517.0000		248	752
51800	518.0000		247	753
51900	519.0000		247	753
52000	520.0000		245	755
52100	521.0000		264	736
52200	522.0000		215	785
52300	523.0000		237	763
52400	524.0000		240	760
52500	525.0000		224	776
52600	526.0000		232	768
52700	527.0000		255	745
52800	528.0000		270	730
52900	529.0000		260	740
53000	530.0000		245	755
53100	531.0000		253	747
53200	532.0000		245	755
53300	533.0000		245	755
53400	534.0000		239	761
53500	535.0000		216	784
53600	536.0000		252	748
53700	537.0000		205	795
53800	538.0000		226	774
53900	539.0000		250	750
54000	540.0000		241	759
54100	541.0000		281	719
54200	542.0000		273	727
54300	543.0000		255	745
54400	544.0000		243	757
54500	545.0000		251	749
54600	546.0000		263	737
54700	547.0000		272	728
54800	548.0000		289	711
54900	549.0000		264	736
55000	550.0000		254	746
55100	551.0000		252	748
55200	552.0000		279	721
55300	553.0000		263	737
55400	554.0000		252	748
55500	555.0000		237	763
55600	556.0000		258	742
55700	557.0000		242	758
55800	558.0000		265	735
55900	559.0000		260	740
56000	560.0000		219	781
56100	561.0000		266	734
56200	562.0000		268	732
56300	563.0000		220	780
56400	564.0000		253	747
56500	565.0000		229	771
56600	566.0000		264	736
56700	567.0000		259	741
56800	568.0000		244	756
56900	569.0000		238	762
57000	570.0000		238	762
57100	571.0000		232	768
57200	572.0000		267	733
57300	573.0000		250	750
57400	574.0000		288	712
57500	575.0000		243	757
57600	576.0000		274	726
57700	577.0000		256	744
57800	578.0000		271	729
57900	579.0000		237	763
58000	580.0000		240	760
58100	581.0000		236	764
58200	582.0000		260	740
58300	583.0000		270	730
58400	584.0000		239	761
58500	585.0000		229	771
58600	586.0000		249	751
58700	587.0000		242	758
58800	588.0000		252	748
58900	589.0000		291	709
59000	590.0000		213	787
59100	591.0000		243	757
59200	592.0000		264	736
59300	593.0000		252	748
59400	594.0000		251	749
59500	595.0000		233	767
59600	596.0000		233	767
59700	597.0000		238	762
59800	598.0000		250	750
59900	599.0000		251	749
60000	600.0000		267	733
60100	601.0000		224	776
60200	602.0000		248	752
60300	603.0000		239	761
60400	604.0000		258	742
60500	605.0000		282	718
60600	606.0000		272	728
60700	607.0000		224	776
60800	608.0000		224	776
60900	609.0000		246	754
61000	610.0000		259	741
61100	611.0000		246	754
61200	612.0000		254	746
61300	613.0000		249	751
61400	614.0000		262	738
61500	615.0000		269	731
61600	616.0000		235	765
61700	617.0000		242	758
61800	618.0000		215	785
61900	619.0000		203	797
62000	620.0000		235	765
62100	621.0000		278	722
62200	622.0000		238	762
62300	623.0000		255	745
62400	624.0000		275	725
62500	625.0000		277	723
62600	626.0000		249	751
62700	627.0000		259	741
62800	628.0000		279	721
62900	629.0000		252	748
63000	630.0000		284	716
63100	631.0000		263	737
63200	632.0000		278	722
63300	633.0000		271	729
63400	634.0000		239	761
63500	635.0000		225	775
63600	636.0000		269	731
63700	637.0000		245	755
63800	638.0000		257	743
63900	639.0000		250	750
64000	640.0000		251	749
64100	641.0000		258	742
64200	642.0000		277	723
64300	643.0000		255	745
64400	644.0000		275	725
64500	645.0000		253	747
64600	646.0000		231	769
64700	647.0000		242	758
64800	648.0000		238	762
64900	649.0000		225	775
65000	650.0000		241	759
65100	651.0000		232	768
65200	652.0000		255	745
65300	653.0000		248	752
65400	654.0000		268	732
65500	655.0000		231	769
65600	656.0000		228	772
65700	657.0000		287	713
65800	658.0000		234	766
65900	659.0000		258	742
66000	660.0000		257	743
66100	661.0000		256	744
66200	662.0000		252	748
66300	663.0000		227	773
66400	664.0000		247	753
66500	665.0000		280	720
66600	666.0000		254	746
66700	667.0000		267	733
66800	668.0000		275	725
66900	669.0000		248	752
67000	670.0000		260	740
67100	671.0000		218	782
67200	672.0000		237	763
67300	673.0000		262	738
67400	674.0000		238	762
67500	675.0000		267	733
67600	676.0000		242	758
67700	677.0000		253	747
67800	678.0000		230	770
67900	679.0000		249	751
68000	680.0000		250	750
68100	681.0000		214	786
68200	682.0000		249	751
68300	683.0000		231	769
68400	684.0000		237	763
68500	685.0000		221	779
68600	686.0000		260	740
68700	687.0000		240	760
68800	688.0000		236	764
68900	689.0000		250	750
69000	690.0000		245	755
69100	691.0000		256	744
69200	692.0000		250	750
69300	693.0000		271	729
69400	694.0000		262	738
69500	695.0000		232	768
69600	696.0000		249	751
69700	697.0000		251	749
69800	698.0000		234	766
69900	699.0000		252	748
70000	700.0000		233	767
70100	701.0000		250	750
70200	702.0000		237	763
70300	703.0000		256	744
70400	704.0000		259	741
70500	705.0000		263	737
70600	706.0000		258	742
70700	707.0000		243	757
70800	708.0000		266	734
70900	709.0000		261	739
71000	710.0000		241	759
71100	711.0000		250	750
71200	712.0000		285	715
71300	713.0000		258	742
71400	714.0000		262	738
71500	715.0000		265	735
71600	716.0000		255	745
71700	717.0000		258	742
71800	718.0000		270	730
71900	719.0000		248	752
72000	720.0000		263	737
72100	721.0000		270	730
72200	722.0000		239	761
72300	723.0000		244	756
72400	724.0000		235	765
72500	725.0000		230	770
72600	726.0000		244	756
72700	727.0000		256	744
72800	728.0000		263	737
72900	729.0000		263	737
73000	730.0000		250	750
73100	731.0000		221	779
73200	732.0000		260	740
73300	733.0000		252	748
73400	734.0000		234	766
73500	735.0000		236	764
73600	736.0000		237	763
73700	737.0000		276	724
73800	738.0000		251	749
73900	739.0000		253	747
74000	740.0000		252	748
74100	741.0000		241	759
74200	742.0000		228	772
74300	743.0000		224	776
74400	744.0000		252	748
74500	745.0000		257	743
74600	746.0000		254	746
74700	747.0000		222	778
74800	748.0000		237	763
74900	749.0000		259	741
75000	750.0000		250	750
75100	751.0000		252	748
75200	752.0000		280	720
75300	753.0000		255	745
75400	754.0000		249	751
75500	755.0000		257	743
75600	756.0000		255	745
75700	757.0000		272	728
75800	758.0000		267	733
75900	759.0000		271	729
76000	760.0000		233	767
76100	761.0000		274	726
76200	762.0000		278	722
76300	763.0000		260	740
76400	764.0000		253	747
76500	765.0000		292	708
76600	766.0000		267	733
76700	767.0000		280	720
76800	768.0000		232	768
76900	769.0000		230	770
77000	770.0000		234	766
77100	771.0000		227	773
77200	772.0000		246	754
77300	773.0000		242	758
77400	774.0000		261	739
77500	775.0000		274	726
77600	776.0000		238	762
77700	777.0000		277	723
77800	778.0000		261	739
77900	779.0000		243	757
78000	780.0000		248	752
78100	781.0000		243	757
78200	782.0000		280	720
78300	783.0000		250	750
78400	784.0000		235	765
78500	785.0000		204	796
78600	786.0000		234	766
78700	787.0000		239	761
78800	788.0000		229	771
78900	789.0000		268	732
79000	790.0000		252	748
79100	791.0000		261	739
79200	792.0000		248	752
79300	793.0000		260	740
79400	794.0000		265	735
79500	795.0000		251	749
79600	796.0000		230	770
79700	797.0000		249	751
79800	798.0000		266	734
79900	799.0000		238	762
80000	800.0000		246	754
80100	801.0000		221	779
80200	802.0000		247	753
80300	803.0000		281	719
80400	804.0000		244	756
80500	805.0000		217	783
80600	806.0000		248	752
80700	807.0000		263	737
80800	808.0000		270	730
80900	809.0000		259	741
81000	810.0000		228	772
81100	811.0000		273	727
81200	812.0000		236	764
81300	813.0000		250	750
81400	814.0000		258	742
81500	815.0000		266	734
81600	816.0000		251	749
81700	817.0000		232	768
81800	818.0000		252	748
81900	819.0000		259	741
82000	820.0000		237	763
82100	821.0000		252	748
82200	822.0000		286	714
82300	823.0000		280	720
82400	824.0000		249	751
82500	825.0000		228	772
82600	826.0000		268	732
82700	827.0000		238	762
82800	828.0000		262	738
82900	829.0000		269	731
83000	830.0000		251	749
83100	831.0000		303	697
83200	832.0000		248	752
83300	833.0000		238	762
83400	834.0000		247	753
83500	835.0000		254	746
83600	836.0000		246	754
83700	837.0000		250	750
83800	838.0000		258	742
83900	839.0000		235	765
84000	840.0000		256	744
84100	841.0000		256	744
84200	842.0000		244	756
84300	843.0000		232	768
84400	844.0000		249	751
84500	845.0000		219	781
84600	846.0000		226	774
84700	847.0000		252	748
84800	848.0000		245	755
84900	849.0000		261	739
85000	850.0000		218	782
85100	851.0000		212	788
85200	852.0000		251	749
85300	853.0000		278	722
85400	854.0000		238	762
85500	855.0000		222	778
85600	856.0000		256	744
85700	857.0000		253	747
85800	858.0000		261	739
85900	859.0000		246	754
86000	860.0000		274	726
86100	861.0000		260	740
86200	862.0000		248	752
86300	863.0000		279	721
86400	864.0000		250	750
86500	865.0000		236	764
86600	866.0000		233	767
86700	867.0000		244	756
86800	868.0000		215	785
86900	869.0000		244	756
87000	870.0000		231	769
87100	871.0000		246	754
87200	872.0000		253	747
87300	873.0000		224	776
87400	874.0000		244	756
87500	875.0000		256	744
87600	876.0000		255	745
87700	877.0000		240	760
87800	878.0000		254	746
87900	879.0000		273	727
88000	880.0000		223	777
88100	881.0000		235	765
88200	882.0000		217	783
88300	883.0000		254	746
88400	884.0000		242	758
88500	885.0000		267	733
88600	886.0000		217	783
88700	887.0000		224	776
88800	888.0000		252	748
88900	889.0000		252	748
89000	890.0000		255	745
89100	891.0000		236	764
89200	892.0000		266	734
89300	893.0000		266	734
89400	894.0000		250	750
89500	895.0000		234	766
89600	896.0000		235	765
89700	897.0000		235	765
89800	898.0000		261	739
89900	899.0000		253	747
90000	900.0000		284	716
90100	901.0000		235	765
90200	902.0000		266	734
90300	903.0000		237	763
90400	904.0000		251	749
90500	905.0000		233	767
90600	906.0000		236	764
90700	907.0000		244	756
90800	908.0000		262	738
90900	909.0000		240	760
91000	910.0000		257	743
91100	911.0000		247	753
91200	912.0000		258	742
91300	913.0000		265	735
91400	914.0000		269	731
91500	915.0000		239	761
91600	916.0000		253	747
91700	917.0000		265	735
91800	918.0000		231	769
91900	919.0000		255	745
92000	920.0000		247	753
92100	921.0000		237	763
92200	922.0000		242	758
92300	923.0000		243	757
92400	924.0000		254	746
92500	925.0000		248	752
92600	926.0000		274	726
92700	927.0000		256	744
92800	928.0000		256	744
92900	929.0000		253	747
93000	930.0000		211	789
93100	931.0000		247	753
93200	932.0000		238	762
93300	933.0000		199	801
93400	934.0000		262	738
93500	935.0000		253	747
93600	936.0000		234	766
93700	937.0000		246	754
93800	938.0000		224	776
93900	939.0000		285	715
94000	940.0000		257	743
94100	941.0000		224	776
94200	942.0000		226	774
94300	943.0000		235	765
94400	944.0000		231	769
94500	945.0000		257	743
94600	946.0000		241	759
94700	947.0000		238	762
94800	948.0000		228	772
94900	949.0000		231	769
95000	950.0000		224	776
95100	951.0000		265	735
95200	952.0000		231	769
95300	953.0000		270	730
95400	954.0000		243	757
95500	955.0000		249	751
95600	956.0000		239	761
95700	957.0000		224	776
95800	958.0000		239	761
95900	959.0000		233	767
96000	960.0000		234	766
96100	961.0000		266	734
96200	962.0000		253	747
96300	963.0000		262	738
96400	964.0000		249	751
96500	965.0000		258	742
96600	966.0000		257	743
96700	967.0000		235	765
96800	968.0000		238	762
96900	969.0000		251	749
97000	970.0000		258	742
97100	971.0000		246	754
97200	972.0000		231	769
97300	973.0000		240	760
97400	974.0000		273	727
97500	975.0000		277	723
97600	976.0000		253	747
97700	977.0000		221	779
97800	978.0000		239	761
97900	979.0000		237	763
98000	980.0000		255	745
98100	981.0000		264	736
98200	982.0000		225	775
98300	983.0000		261	739
98400	984.0000		231	769
98500	985.0000		281	719
98600	986.0000		266	734
98700	987.0000		266	734
98800	988.0000		251	749
98900	989.0000		258	742
99000	990.0000		252	748
99100	991.0000		243	757
99200	992.0000		229	771
99300	993.0000		235	765
99400	994.0000		250	750
99500	995.0000		266	734
99600	996.0000		248	752
99700	997.0000		253	747
99800	998.0000		282	718
99900	999.0000		247	753
100000	1000.0000		251	749
# Simulation completed.
