# Creating system...
# System created with N=1000 particles

# Initial state:
# Susceptibles: 999, Infected: 1

# Starting simulation...
# Step	Time		S	I
0	0.0000		999	1
100	1.0000		998	2
200	2.0000		966	34
300	3.0000		912	88
400	4.0000		859	141
500	5.0000		764	236
600	6.0000		607	393
700	7.0000		411	589
800	8.0000		330	670
900	9.0000		244	756
1000	10.0000		235	765
1100	11.0000		247	753
1200	12.0000		257	743
1300	13.0000		261	739
1400	14.0000		223	777
1500	15.0000		262	738
1600	16.0000		278	722
1700	17.0000		280	720
1800	18.0000		255	745
1900	19.0000		264	736
2000	20.0000		230	770
2100	21.0000		232	768
2200	22.0000		223	777
2300	23.0000		243	757
2400	24.0000		244	756
2500	25.0000		248	752
2600	26.0000		272	728
2700	27.0000		252	748
2800	28.0000		254	746
2900	29.0000		260	740
3000	30.0000		271	729
3100	31.0000		249	751
3200	32.0000		232	768
3300	33.0000		251	749
3400	34.0000		285	715
3500	35.0000		265	735
3600	36.0000		249	751
3700	37.0000		251	749
3800	38.0000		278	722
3900	39.0000		264	736
4000	40.0000		237	763
4100	41.0000		243	757
4200	42.0000		237	763
4300	43.0000		273	727
4400	44.0000		270	730
4500	45.0000		268	732
4600	46.0000		254	746
4700	47.0000		229	771
4800	48.0000		259	741
4900	49.0000		259	741
5000	50.0000		253	747
5100	51.0000		214	786
5200	52.0000		252	748
5300	53.0000		262	738
5400	54.0000		256	744
5500	55.0000		230	770
5600	56.0000		228	772
5700	57.0000		277	723
5800	58.0000		252	748
5900	59.0000		248	752
6000	60.0000		260	740
6100	61.0000		234	766
6200	62.0000		262	738
6300	63.0000		249	751
6400	64.0000		267	733
6500	65.0000		246	754
6600	66.0000		240	760
6700	67.0000		266	734
6800	68.0000		250	750
6900	69.0000		226	774
7000	70.0000		253	747
7100	71.0000		237	763
7200	72.0000		231	769
7300	73.0000		278	722
7400	74.0000		259	741
7500	75.0000		255	745
7600	76.0000		261	739
7700	77.0000		228	772
7800	78.0000		241	759
7900	79.0000		242	758
8000	80.0000		237	763
8100	81.0000		272	728
8200	82.0000		274	726
8300	83.0000		269	731
8400	84.0000		244	756
8500	85.0000		220	780
8600	86.0000		256	744
8700	87.0000		277	723
8800	88.0000		245	755
8900	89.0000		238	762
9000	90.0000		243	757
9100	91.0000		239	761
9200	92.0000		223	777
9300	93.0000		229	771
9400	94.0000		225	775
9500	95.0000		215	785
9600	96.0000		248	752
9700	97.0000		252	748
9800	98.0000		252	748
9900	99.0000		254	746
10000	100.0000		266	734
10100	101.0000		236	764
10200	102.0000		269	731
10300	103.0000		242	758
10400	104.0000		239	761
10500	105.0000		263	737
10600	106.0000		262	738
10700	107.0000		233	767
10800	108.0000		216	784
10900	109.0000		269	731
11000	110.0000		252	748
11100	111.0000		253	747
11200	112.0000		261	739
11300	113.0000		271	729
11400	114.0000		282	718
11500	115.0000		279	721
11600	116.0000		253	747
11700	117.0000		240	760
11800	118.0000		266	734
11900	119.0000		246	754
12000	120.0000		246	754
12100	121.0000		259	741
12200	122.0000		242	758
12300	123.0000		243	757
12400	124.0000		280	720
12500	125.0000		243	757
12600	126.0000		246	754
12700	127.0000		241	759
12800	128.0000		253	747
12900	129.0000		255	745
13000	130.0000		220	780
13100	131.0000		260	740
13200	132.0000		263	737
13300	133.0000		244	756
13400	134.0000		245	755
13500	135.0000		249	751
13600	136.0000		239	761
13700	137.0000		240	760
13800	138.0000		255	745
13900	139.0000		281	719
14000	140.0000		268	732
14100	141.0000		243	757
14200	142.0000		235	765
14300	143.0000		249	751
14400	144.0000		250	750
14500	145.0000		262	738
14600	146.0000		240	760
14700	147.0000		234	766
14800	148.0000		268	732
14900	149.0000		254	746
15000	150.0000		278	722
15100	151.0000		258	742
15200	152.0000		260	740
15300	153.0000		253	747
15400	154.0000		247	753
15500	155.0000		240	760
15600	156.0000		255	745
15700	157.0000		255	745
15800	158.0000		250	750
15900	159.0000		250	750
16000	160.0000		254	746
16100	161.0000		250	750
16200	162.0000		247	753
16300	163.0000		247	753
16400	164.0000		227	773
16500	165.0000		249	751
16600	166.0000		233	767
16700	167.0000		243	757
16800	168.0000		278	722
16900	169.0000		228	772
17000	170.0000		237	763
17100	171.0000		243	757
17200	172.0000		239	761
17300	173.0000		257	743
17400	174.0000		285	715
17500	175.0000		250	750
17600	176.0000		243	757
17700	177.0000		246	754
17800	178.0000		268	732
17900	179.0000		244	756
18000	180.0000		244	756
18100	181.0000		255	745
18200	182.0000		245	755
18300	183.0000		263	737
18400	184.0000		226	774
18500	185.0000		279	721
18600	186.0000		270	730
18700	187.0000		263	737
18800	188.0000		281	719
18900	189.0000		243	757
19000	190.0000		241	759
19100	191.0000		232	768
19200	192.0000		276	724
19300	193.0000		258	742
19400	194.0000		251	749
19500	195.0000		218	782
19600	196.0000		246	754
19700	197.0000		237	763
19800	198.0000		232	768
19900	199.0000		256	744
20000	200.0000		255	745
20100	201.0000		259	741
20200	202.0000		277	723
20300	203.0000		251	749
20400	204.0000		265	735
20500	205.0000		243	757
20600	206.0000		248	752
20700	207.0000		276	724
20800	208.0000		245	755
20900	209.0000		238	762
21000	210.0000		232	768
21100	211.0000		255	745
21200	212.0000		285	715
21300	213.0000		261	739
21400	214.0000		232	768
21500	215.0000		255	745
21600	216.0000		262	738
21700	217.0000		261	739
21800	218.0000		285	715
21900	219.0000		259	741
22000	220.0000		252	748
22100	221.0000		242	758
22200	222.0000		260	740
22300	223.0000		222	778
22400	224.0000		232	768
22500	225.0000		244	756
22600	226.0000		247	753
22700	227.0000		262	738
22800	228.0000		267	733
22900	229.0000		243	757
23000	230.0000		230	770
23100	231.0000		245	755
23200	232.0000		219	781
23300	233.0000		213	787
23400	234.0000		226	774
23500	235.0000		244	756
23600	236.0000		239	761
23700	237.0000		232	768
23800	238.0000		222	778
23900	239.0000		290	710
24000	240.0000		232	768
24100	241.0000		241	759
24200	242.0000		255	745
24300	243.0000		262	738
24400	244.0000		246	754
24500	245.0000		242	758
24600	246.0000		228	772
24700	247.0000		259	741
24800	248.0000		264	736
24900	249.0000		253	747
25000	250.0000		250	750
25100	251.0000		253	747
25200	252.0000		274	726
25300	253.0000		236	764
25400	254.0000		281	719
25500	255.0000		269	731
25600	256.0000		243	757
25700	257.0000		247	753
25800	258.0000		242	758
25900	259.0000		237	763
26000	260.0000		248	752
26100	261.0000		247	753
26200	262.0000		260	740
26300	263.0000		260	740
26400	264.0000		260	740
26500	265.0000		261	739
26600	266.0000		262	738
26700	267.0000		271	729
26800	268.0000		258	742
26900	269.0000		261	739
27000	270.0000		228	772
27100	271.0000		244	756
27200	272.0000		253	747
27300	273.0000		238	762
27400	274.0000		240	760
27500	275.0000		248	752
27600	276.0000		221	779
27700	277.0000		256	744
27800	278.0000		263	737
27900	279.0000		265	735
28000	280.0000		244	756
28100	281.0000		239	761
28200	282.0000		245	755
28300	283.0000		241	759
28400	284.0000		270	730
28500	285.0000		247	753
28600	286.0000		264	736
28700	287.0000		271	729
28800	288.0000		279	721
28900	289.0000		256	744
29000	290.0000		262	738
29100	291.0000		262	738
29200	292.0000		222	778
29300	293.0000		216	784
29400	294.0000		248	752
29500	295.0000		270	730
29600	296.0000		244	756
29700	297.0000		250	750
29800	298.0000		255	745
29900	299.0000		256	744
30000	300.0000		263	737
30100	301.0000		259	741
30200	302.0000		280	720
30300	303.0000		262	738
30400	304.0000		231	769
30500	305.0000		250	750
30600	306.0000		263	737
30700	307.0000		230	770
30800	308.0000		248	752
30900	309.0000		254	746
31000	310.0000		240	760
31100	311.0000		253	747
31200	312.0000		262	738
31300	313.0000		266	734
31400	314.0000		262	738
31500	315.0000		267	733
31600	316.0000		253	747
31700	317.0000		231	769
31800	318.0000		248	752
31900	319.0000		230	770
32000	320.0000		238	762
32100	321.0000		263	737
32200	322.0000		247	753
32300	323.0000		229	771
32400	324.0000		255	745
32500	325.0000		241	759
32600	326.0000		269	731
32700	327.0000		220	780
32800	328.0000		241	759
32900	329.0000		259	741
33000	330.0000		245	755
33100	331.0000		260	740
33200	332.0000		258	742
33300	333.0000		216	784
33400	334.0000		244	756
33500	335.0000		249	751
33600	336.0000		239	761
33700	337.0000		272	728
33800	338.0000		253	747
33900	339.0000		267	733
34000	340.0000		265	735
34100	341.0000		282	718
34200	342.0000		252	748
34300	343.0000		241	759
34400	344.0000		245	755
34500	345.0000		275	725
34600	346.0000		254	746
34700	347.0000		223	777
34800	348.0000		254	746
34900	349.0000		249	751
35000	350.0000		246	754
35100	351.0000		263	737
35200	352.0000		239	761
35300	353.0000		272	728
35400	354.0000		262	738
35500	355.0000		229	771
35600	356.0000		249	751
35700	357.0000		244	756
35800	358.0000		233	767
35900	359.0000		251	749
36000	360.0000		265	735
36100	361.0000		251	749
36200	362.0000		228	772
36300	363.0000		236	764
36400	364.0000		239	761
36500	365.0000		233	767
36600	366.0000		252	748
36700	367.0000		270	730
36800	368.0000		237	763
36900	369.0000		264	736
37000	370.0000		227	773
37100	371.0000		245	755
37200	372.0000		254	746
37300	373.0000		284	716
37400	374.0000		256	744
37500	375.0000		258	742
37600	376.0000		256	744
37700	377.0000		230	770
37800	378.0000		245	755
37900	379.0000		247	753
38000	380.0000		245	755
38100	381.0000		260	740
38200	382.0000		233	767
38300	383.0000		279	721
38400	384.0000		230	770
38500	385.0000		266	734
38600	386.0000		239	761
38700	387.0000		252	748
38800	388.0000		250	750
38900	389.0000		259	741
39000	390.0000		262	738
39100	391.0000		250	750
39200	392.0000		225	775
39300	393.0000		278	722
39400	394.0000		273	727
39500	395.0000		232	768
39600	396.0000		257	743
39700	397.0000		239	761
39800	398.0000		260	740
39900	399.0000		246	754
40000	400.0000		234	766
40100	401.0000		248	752
40200	402.0000		272	728
40300	403.0000		249	751
40400	404.0000		244	756
40500	405.0000		255	745
40600	406.0000		258	742
40700	407.0000		283	717
40800	408.0000		236	764
40900	409.0000		243	757
41000	410.0000		270	730
41100	411.0000		262	738
41200	412.0000		264	736
41300	413.0000		272	728
41400	414.0000		251	749
41500	415.0000		265	735
41600	416.0000		257	743
41700	417.0000		259	741
41800	418.0000		224	776
41900	419.0000		253	747
42000	420.0000		234	766
42100	421.0000		270	730
42200	422.0000		253	747
42300	423.0000		233	767
42400	424.0000		234	766
42500	425.0000		259	741
42600	426.0000		241	759
42700	427.0000		275	725
42800	428.0000		254	746
42900	429.0000		281	719
43000	430.0000		265	735
43100	431.0000		231	769
43200	432.0000		225	775
43300	433.0000		244	756
43400	434.0000		251	749
43500	435.0000		274	726
43600	436.0000		250	750
43700	437.0000		238	762
43800	438.0000		237	763
43900	439.0000		245	755
44000	440.0000		241	759
44100	441.0000		241	759
44200	442.0000		248	752
44300	443.0000		234	766
44400	444.0000		276	724
44500	445.0000		214	786
44600	446.0000		256	744
44700	447.0000		223	777
44800	448.0000		227	773
44900	449.0000		248	752
45000	450.0000		246	754
45100	451.0000		235	765
45200	452.0000		223	777
45300	453.0000		251	749
45400	454.0000		263	737
45500	455.0000		231	769
45600	456.0000		223	777
45700	457.0000		243	757
45800	458.0000		246	754
45900	459.0000		242	758
46000	460.0000		230	770
46100	461.0000		272	728
46200	462.0000		245	755
46300	463.0000		239	761
46400	464.0000		251	749
46500	465.0000		234	766
46600	466.0000		249	751
46700	467.0000		264	736
46800	468.0000		240	760
46900	469.0000		271	729
47000	470.0000		256	744
47100	471.0000		253	747
47200	472.0000		254	746
47300	473.0000		249	751
47400	474.0000		242	758
47500	475.0000		254	746
47600	476.0000		255	745
47700	477.0000		252	748
47800	478.0000		246	754
47900	479.0000		276	724
48000	480.0000		263	737
48100	481.0000		238	762
48200	482.0000		240	760
48300	483.0000		242	758
48400	484.0000		271	729
48500	485.0000		263	737
48600	486.0000		254	746
48700	487.0000		222	778
48800	488.0000		235	765
48900	489.0000		256	744
49000	490.0000		282	718
49100	491.0000		248	752
49200	492.0000		241	759
49300	493.0000		255	745
49400	494.0000		260	740
49500	495.0000		252	748
49600	496.0000		248	752
49700	497.0000		230	770
49800	498.0000		241	759
49900	499.0000		269	731
50000	500.0000		252	748
50100	501.0000		270	730
50200	502.0000		284	716
50300	503.0000		254	746
50400	504.0000		215	785
50500	505.0000		242	758
50600	506.0000		239	761
50700	507.0000		242	758
50800	508.0000		243	757
50900	509.0000		272	728
51000	510.0000		258	742
51100	511.0000		244	756
51200	512.0000		259	741
51300	513.0000		289	711
51400	514.0000		255	745
51500	515.0000		239	761
51600	516.0000		223	777
51700	517.0000		243	757
51800	518.0000		242	758
51900	519.0000		252	748
52000	520.0000		236	764
52100	521.0000		249	751
52200	522.0000		239	761
52300	523.0000		245	755
52400	524.0000		242	758
52500	525.0000		270	730
52600	526.0000		244	756
52700	527.0000		243	757
52800	528.0000		225	775
52900	529.0000		247	753
53000	530.0000		268	732
53100	531.0000		240	760
53200	532.0000		266	734
53300	533.0000		265	735
53400	534.0000		261	739
53500	535.0000		256	744
53600	536.0000		256	744
53700	537.0000		255	745
53800	538.0000		258	742
53900	539.0000		264	736
54000	540.0000		220	780
54100	541.0000		252	748
54200	542.0000		261	739
54300	543.0000		255	745
54400	544.0000		212	788
54500	545.0000		234	766
54600	546.0000		240	760
54700	547.0000		249	751
54800	548.0000		217	783
54900	549.0000		251	749
55000	550.0000		246	754
55100	551.0000		225	775
55200	552.0000		211	789
55300	553.0000		218	782
55400	554.0000		277	723
55500	555.0000		252	748
55600	556.0000		227	773
55700	557.0000		243	757
55800	558.0000		256	744
55900	559.0000		249	751
56000	560.0000		239	761
56100	561.0000		242	758
56200	562.0000		234	766
56300	563.0000		250	750
56400	564.0000		234	766
56500	565.0000		236	764
56600	566.0000		264	736
56700	567.0000		253	747
56800	568.0000		261	739
56900	569.0000		238	762
57000	570.0000		235	765
57100	571.0000		234	766
57200	572.0000		228	772
57300	573.0000		250	750
57400	574.0000		228	772
57500	575.0000		248	752
57600	576.0000		255	745
57700	577.0000		248	752
57800	578.0000		216	784
57900	579.0000		261	739
58000	580.0000		264	736
58100	581.0000		254	746
58200	582.0000		227	773
58300	583.0000		255	745
58400	584.0000		224	776
58500	585.0000		236	764
58600	586.0000		243	757
58700	587.0000		247	753
58800	588.0000		248	752
58900	589.0000		253	747
59000	590.0000		279	721
59100	591.0000		243	757
59200	592.0000		234	766
59300	593.0000		256	744
59400	594.0000		219	781
59500	595.0000		255	745
59600	596.0000		268	732
59700	597.0000		236	764
59800	598.0000		251	749
59900	599.0000		271	729
60000	600.0000		252	748
60100	601.0000		261	739
60200	602.0000		224	776
60300	603.0000		272	728
60400	604.0000		257	743
60500	605.0000		237	763
60600	606.0000		254	746
60700	607.0000		274	726
60800	608.0000		225	775
60900	609.0000		230	770
61000	610.0000		220	780
61100	611.0000		239	761
61200	612.0000		247	753
61300	613.0000		240	760
61400	614.0000		282	718
61500	615.0000		244	756
61600	616.0000		273	727
61700	617.0000		255	745
61800	618.0000		245	755
61900	619.0000		264	736
62000	620.0000		274	726
62100	621.0000		238	762
62200	622.0000		253	747
62300	623.0000		251	749
62400	624.0000		277	723
62500	625.0000		236	764
62600	626.0000		228	772
62700	627.0000		255	745
62800	628.0000		257	743
62900	629.0000		261	739
63000	630.0000		241	759
63100	631.0000		257	743
63200	632.0000		230	770
63300	633.0000		236	764
63400	634.0000		252	748
63500	635.0000		224	776
63600	636.0000		275	725
63700	637.0000		237	763
63800	638.0000		239	761
63900	639.0000		250	750
64000	640.0000		242	758
64100	641.0000		231	769
64200	642.0000		270	730
64300	643.0000		248	752
64400	644.0000		259	741
64500	645.0000		259	741
64600	646.0000		248	752
64700	647.0000		262	738
64800	648.0000		260	740
64900	649.0000		223	777
65000	650.0000		265	735
65100	651.0000		246	754
65200	652.0000		250	750
65300	653.0000		229	771
65400	654.0000		288	712
65500	655.0000		242	758
65600	656.0000		240	760
65700	657.0000		215	785
65800	658.0000		224	776
65900	659.0000		239	761
66000	660.0000		254	746
66100	661.0000		279	721
66200	662.0000		276	724
66300	663.0000		241	759
66400	664.0000		246	754
66500	665.0000		245	755
66600	666.0000		248	752
66700	667.0000		233	767
66800	668.0000		263	737
66900	669.0000		225	775
67000	670.0000		240	760
67100	671.0000		228	772
67200	672.0000		253	747
67300	673.0000		243	757
67400	674.0000		262	738
67500	675.0000		248	752
67600	676.0000		243	757
67700	677.0000		266	734
67800	678.0000		230	770
67900	679.0000		249	751
68000	680.0000		238	762
68100	681.0000		242	758
68200	682.0000		267	733
68300	683.0000		259	741
68400	684.0000		255	745
68500	685.0000		259	741
68600	686.0000		231	769
68700	687.0000		256	744
68800	688.0000		245	755
68900	689.0000		250	750
69000	690.0000		258	742
69100	691.0000		260	740
69200	692.0000		260	740
69300	693.0000		240	760
69400	694.0000		222	778
69500	695.0000		251	749
69600	696.0000		236	764
69700	697.0000		250	750
69800	698.0000		240	760
69900	699.0000		238	762
70000	700.0000		279	721
70100	701.0000		243	757
70200	702.0000		247	753
70300	703.0000		251	749
70400	704.0000		236	764
70500	705.0000		232	768
70600	706.0000		245	755
70700	707.0000		243	757
70800	708.0000		239	761
70900	709.0000		248	752
71000	710.0000		272	728
71100	711.0000		241	759
71200	712.0000		256	744
71300	713.0000		235	765
71400	714.0000		246	754
71500	715.0000		256	744
71600	716.0000		221	779
71700	717.0000		245	755
71800	718.0000		240	760
71900	719.0000		214	786
72000	720.0000		244	756
72100	721.0000		253	747
72200	722.0000		253	747
72300	723.0000		255	745
72400	724.0000		249	751
72500	725.0000		243	757
72600	726.0000		232	768
72700	727.0000		265	735
72800	728.0000		260	740
72900	729.0000		228	772
73000	730.0000		262	738
73100	731.0000		262	738
73200	732.0000		245	755
73300	733.0000		251	749
73400	734.0000		263	737
73500	735.0000		243	757
73600	736.0000		276	724
73700	737.0000		274	726
73800	738.0000		262	738
73900	739.0000		212	788
74000	740.0000		243	757
74100	741.0000		252	748
74200	742.0000		232	768
74300	743.0000		238	762
74400	744.0000		254	746
74500	745.0000		229	771
74600	746.0000		253	747
74700	747.0000		240	760
74800	748.0000		235	765
74900	749.0000		208	792
75000	750.0000		254	746
75100	751.0000		266	734
75200	752.0000		254	746
75300	753.0000		248	752
75400	754.0000		250	750
75500	755.0000		273	727
75600	756.0000		247	753
75700	757.0000		247	753
75800	758.0000		248	752
75900	759.0000		229	771
76000	760.0000		239	761
76100	761.0000		258	742
76200	762.0000		238	762
76300	763.0000		241	759
76400	764.0000		228	772
76500	765.0000		258	742
76600	766.0000		254	746
76700	767.0000		268	732
76800	768.0000		275	725
76900	769.0000		247	753
77000	770.0000		243	757
77100	771.0000		227	773
77200	772.0000		223	777
77300	773.0000		235	765
77400	774.0000		216	784
77500	775.0000		257	743
77600	776.0000		274	726
77700	777.0000		276	724
77800	778.0000		275	725
77900	779.0000		261	739
78000	780.0000		247	753
78100	781.0000		252	748
78200	782.0000		258	742
78300	783.0000		264	736
78400	784.0000		241	759
78500	785.0000		231	769
78600	786.0000		246	754
78700	787.0000		239	761
78800	788.0000		257	743
78900	789.0000		256	744
79000	790.0000		230	770
79100	791.0000		251	749
79200	792.0000		219	781
79300	793.0000		243	757
79400	794.0000		259	741
79500	795.0000		240	760
79600	796.0000		238	762
79700	797.0000		265	735
79800	798.0000		239	761
79900	799.0000		267	733
80000	800.0000		262	738
80100	801.0000		238	762
80200	802.0000		246	754
80300	803.0000		236	764
80400	804.0000		240	760
80500	805.0000		222	778
80600	806.0000		236	764
80700	807.0000		224	776
80800	808.0000		242	758
80900	809.0000		233	767
81000	810.0000		234	766
81100	811.0000		247	753
81200	812.0000		271	729
81300	813.0000		248	752
81400	814.0000		267	733
81500	815.0000		249	751
81600	816.0000		278	722
81700	817.0000		248	752
81800	818.0000		239	761
81900	819.0000		263	737
82000	820.0000		252	748
82100	821.0000		250	750
82200	822.0000		281	719
82300	823.0000		241	759
82400	824.0000		280	720
82500	825.0000		279	721
82600	826.0000		260	740
82700	827.0000		245	755
82800	828.0000		253	747
82900	829.0000		234	766
83000	830.0000		262	738
83100	831.0000		253	747
83200	832.0000		247	753
83300	833.0000		286	714
83400	834.0000		252	748
83500	835.0000		208	792
83600	836.0000		247	753
83700	837.0000		245	755
83800	838.0000		215	785
83900	839.0000		252	748
84000	840.0000		256	744
84100	841.0000		244	756
84200	842.0000		254	746
84300	843.0000		237	763
84400	844.0000		258	742
84500	845.0000		243	757
84600	846.0000		268	732
84700	847.0000		277	723
84800	848.0000		237	763
84900	849.0000		228	772
85000	850.0000		217	783
85100	851.0000		235	765
85200	852.0000		240	760
85300	853.0000		226	774
85400	854.0000		221	779
85500	855.0000		249	751
85600	856.0000		236	764
85700	857.0000		234	766
85800	858.0000		244	756
85900	859.0000		224	776
86000	860.0000		246	754
86100	861.0000		244	756
86200	862.0000		270	730
86300	863.0000		219	781
86400	864.0000		240	760
86500	865.0000		279	721
86600	866.0000		248	752
86700	867.0000		271	729
86800	868.0000		246	754
86900	869.0000		218	782
87000	870.0000		227	773
87100	871.0000		263	737
87200	872.0000		252	748
87300	873.0000		242	758
87400	874.0000		276	724
87500	875.0000		271	729
87600	876.0000		248	752
87700	877.0000		254	746
87800	878.0000		248	752
87900	879.0000		254	746
88000	880.0000		239	761
88100	881.0000		239	761
88200	882.0000		248	752
88300	883.0000		266	734
88400	884.0000		233	767
88500	885.0000		257	743
88600	886.0000		221	779
88700	887.0000		255	745
88800	888.0000		262	738
88900	889.0000		228	772
89000	890.0000		245	755
89100	891.0000		221	779
89200	892.0000		251	749
89300	893.0000		266	734
89400	894.0000		226	774
89500	895.0000		261	739
89600	896.0000		266	734
89700	897.0000		251	749
89800	898.0000		230	770
89900	899.0000		264	736
90000	900.0000		259	741
90100	901.0000		253	747
90200	902.0000		246	754
90300	903.0000		257	743
90400	904.0000		248	752
90500	905.0000		241	759
90600	906.0000		267	733
90700	907.0000		264	736
90800	908.0000		279	721
90900	909.0000		250	750
91000	910.0000		218	782
91100	911.0000		242	758
91200	912.0000		260	740
91300	913.0000		258	742
91400	914.0000		228	772
91500	915.0000		242	758
91600	916.0000		249	751
91700	917.0000		258	742
91800	918.0000		255	745
91900	919.0000		227	773
92000	920.0000		214	786
92100	921.0000		233	767
92200	922.0000		254	746
92300	923.0000		268	732
92400	924.0000		253	747
92500	925.0000		236	764
92600	926.0000		240	760
92700	927.0000		245	755
92800	928.0000		249	751
92900	929.0000		252	748
93000	930.0000		252	748
93100	931.0000		245	755
93200	932.0000		233	767
93300	933.0000		243	757
93400	934.0000		223	777
93500	935.0000		232	768
93600	936.0000		249	751
93700	937.0000		238	762
93800	938.0000		225	775
93900	939.0000		248	752
94000	940.0000		256	744
94100	941.0000		260	740
94200	942.0000		238	762
94300	943.0000		244	756
94400	944.0000		248	752
94500	945.0000		257	743
94600	946.0000		238	762
94700	947.0000		241	759
94800	948.0000		243	757
94900	949.0000		264	736
95000	950.0000		253	747
95100	951.0000		244	756
95200	952.0000		271	729
95300	953.0000		270	730
95400	954.0000		255	745
95500	955.0000		241	759
95600	956.0000		269	731
95700	957.0000		232	768
95800	958.0000		229	771
95900	959.0000		226	774
96000	960.0000		237	763
96100	961.0000		265	735
96200	962.0000		255	745
96300	963.0000		251	749
96400	964.0000		249	751
96500	965.0000		245	755
96600	966.0000		266	734
96700	967.0000		265	735
96800	968.0000		277	723
96900	969.0000		260	740
97000	970.0000		234	766
97100	971.0000		246	754
97200	972.0000		277	723
97300	973.0000		285	715
97400	974.0000		224	776
97500	975.0000		268	732
97600	976.0000		278	722
97700	977.0000		289	711
97800	978.0000		264	736
97900	979.0000		267	733
98000	980.0000		230	770
98100	981.0000		226	774
98200	982.0000		255	745
98300	983.0000		245	755
98400	984.0000		251	749
98500	985.0000		252	748
98600	986.0000		227	773
98700	987.0000		243	757
98800	988.0000		265	735
98900	989.0000		258	742
99000	990.0000		259	741
99100	991.0000		245	755
99200	992.0000		275	725
99300	993.0000		267	733
99400	994.0000		257	743
99500	995.0000		269	731
99600	996.0000		263	737
99700	997.0000		257	743
99800	998.0000		224	776
99900	999.0000		280	720
100000	1000.0000		261	739
# Simulation completed.
