# Creating system...
# System created with N=1000 particles

# Initial state:
# Susceptibles: 999, Infected: 1

# Starting simulation...
# Step	Time		S	I
0	0.0000		999	1
100	1.0000		985	15
200	2.0000		954	46
300	3.0000		907	93
400	4.0000		809	191
500	5.0000		712	288
600	6.0000		592	408
700	7.0000		475	525
800	8.0000		386	614
900	9.0000		299	701
1000	10.0000		237	763
1100	11.0000		260	740
1200	12.0000		246	754
1300	13.0000		256	744
1400	14.0000		236	764
1500	15.0000		241	759
1600	16.0000		234	766
1700	17.0000		263	737
1800	18.0000		233	767
1900	19.0000		241	759
2000	20.0000		259	741
2100	21.0000		242	758
2200	22.0000		232	768
2300	23.0000		263	737
2400	24.0000		256	744
2500	25.0000		248	752
2600	26.0000		256	744
2700	27.0000		241	759
2800	28.0000		207	793
2900	29.0000		212	788
3000	30.0000		302	698
3100	31.0000		251	749
3200	32.0000		255	745
3300	33.0000		260	740
3400	34.0000		239	761
3500	35.0000		261	739
3600	36.0000		232	768
3700	37.0000		238	762
3800	38.0000		257	743
3900	39.0000		236	764
4000	40.0000		242	758
4100	41.0000		234	766
4200	42.0000		254	746
4300	43.0000		244	756
4400	44.0000		247	753
4500	45.0000		230	770
4600	46.0000		280	720
4700	47.0000		248	752
4800	48.0000		272	728
4900	49.0000		279	721
5000	50.0000		247	753
5100	51.0000		263	737
5200	52.0000		263	737
5300	53.0000		227	773
5400	54.0000		255	745
5500	55.0000		258	742
5600	56.0000		255	745
5700	57.0000		244	756
5800	58.0000		247	753
5900	59.0000		244	756
6000	60.0000		248	752
6100	61.0000		217	783
6200	62.0000		253	747
6300	63.0000		234	766
6400	64.0000		274	726
6500	65.0000		272	728
6600	66.0000		249	751
6700	67.0000		249	751
6800	68.0000		217	783
6900	69.0000		241	759
7000	70.0000		250	750
7100	71.0000		236	764
7200	72.0000		290	710
7300	73.0000		253	747
7400	74.0000		242	758
7500	75.0000		242	758
7600	76.0000		258	742
7700	77.0000		238	762
7800	78.0000		236	764
7900	79.0000		256	744
8000	80.0000		221	779
8100	81.0000		252	748
8200	82.0000		266	734
8300	83.0000		270	730
8400	84.0000		249	751
8500	85.0000		251	749
8600	86.0000		257	743
8700	87.0000		249	751
8800	88.0000		247	753
8900	89.0000		251	749
9000	90.0000		257	743
9100	91.0000		259	741
9200	92.0000		265	735
9300	93.0000		255	745
9400	94.0000		244	756
9500	95.0000		248	752
9600	96.0000		243	757
9700	97.0000		233	767
9800	98.0000		253	747
9900	99.0000		262	738
10000	100.0000		250	750
10100	101.0000		220	780
10200	102.0000		251	749
10300	103.0000		237	763
10400	104.0000		235	765
10500	105.0000		245	755
10600	106.0000		223	777
10700	107.0000		268	732
10800	108.0000		258	742
10900	109.0000		265	735
11000	110.0000		244	756
11100	111.0000		245	755
11200	112.0000		223	777
11300	113.0000		221	779
11400	114.0000		216	784
11500	115.0000		242	758
11600	116.0000		236	764
11700	117.0000		257	743
11800	118.0000		242	758
11900	119.0000		288	712
12000	120.0000		253	747
12100	121.0000		251	749
12200	122.0000		232	768
12300	123.0000		247	753
12400	124.0000		240	760
12500	125.0000		238	762
12600	126.0000		228	772
12700	127.0000		265	735
12800	128.0000		247	753
12900	129.0000		257	743
13000	130.0000		272	728
13100	131.0000		246	754
13200	132.0000		277	723
13300	133.0000		243	757
13400	134.0000		257	743
13500	135.0000		249	751
13600	136.0000		240	760
13700	137.0000		229	771
13800	138.0000		224	776
13900	139.0000		254	746
14000	140.0000		260	740
14100	141.0000		244	756
14200	142.0000		257	743
14300	143.0000		234	766
14400	144.0000		247	753
14500	145.0000		252	748
14600	146.0000		249	751
14700	147.0000		257	743
14800	148.0000		244	756
14900	149.0000		247	753
15000	150.0000		271	729
15100	151.0000		275	725
15200	152.0000		231	769
15300	153.0000		235	765
15400	154.0000		268	732
15500	155.0000		227	773
15600	156.0000		218	782
15700	157.0000		247	753
15800	158.0000		261	739
15900	159.0000		249	751
16000	160.0000		261	739
16100	161.0000		252	748
16200	162.0000		262	738
16300	163.0000		268	732
16400	164.0000		243	757
16500	165.0000		262	738
16600	166.0000		263	737
16700	167.0000		243	757
16800	168.0000		238	762
16900	169.0000		231	769
17000	170.0000		255	745
17100	171.0000		255	745
17200	172.0000		232	768
17300	173.0000		228	772
17400	174.0000		242	758
17500	175.0000		259	741
17600	176.0000		252	748
17700	177.0000		251	749
17800	178.0000		246	754
17900	179.0000		276	724
18000	180.0000		245	755
18100	181.0000		244	756
18200	182.0000		272	728
18300	183.0000		247	753
18400	184.0000		261	739
18500	185.0000		254	746
18600	186.0000		247	753
18700	187.0000		267	733
18800	188.0000		248	752
18900	189.0000		258	742
19000	190.0000		229	771
19100	191.0000		290	710
19200	192.0000		248	752
19300	193.0000		249	751
19400	194.0000		231	769
19500	195.0000		278	722
19600	196.0000		252	748
19700	197.0000		250	750
19800	198.0000		258	742
19900	199.0000		268	732
20000	200.0000		235	765
20100	201.0000		240	760
20200	202.0000		270	730
20300	203.0000		259	741
20400	204.0000		242	758
20500	205.0000		229	771
20600	206.0000		231	769
20700	207.0000		219	781
20800	208.0000		268	732
20900	209.0000		265	735
21000	210.0000		247	753
21100	211.0000		240	760
21200	212.0000		274	726
21300	213.0000		278	722
21400	214.0000		263	737
21500	215.0000		230	770
21600	216.0000		252	748
21700	217.0000		223	777
21800	218.0000		250	750
21900	219.0000		243	757
22000	220.0000		251	749
22100	221.0000		229	771
22200	222.0000		248	752
22300	223.0000		302	698
22400	224.0000		258	742
22500	225.0000		239	761
22600	226.0000		251	749
22700	227.0000		241	759
22800	228.0000		256	744
22900	229.0000		256	744
23000	230.0000		220	780
23100	231.0000		243	757
23200	232.0000		228	772
23300	233.0000		247	753
23400	234.0000		269	731
23500	235.0000		245	755
23600	236.0000		241	759
23700	237.0000		239	761
23800	238.0000		249	751
23900	239.0000		247	753
24000	240.0000		261	739
24100	241.0000		254	746
24200	242.0000		241	759
24300	243.0000		249	751
24400	244.0000		242	758
24500	245.0000		267	733
24600	246.0000		235	765
24700	247.0000		237	763
24800	248.0000		262	738
24900	249.0000		245	755
25000	250.0000		269	731
25100	251.0000		290	710
25200	252.0000		286	714
25300	253.0000		234	766
25400	254.0000		282	718
25500	255.0000		216	784
25600	256.0000		228	772
25700	257.0000		251	749
25800	258.0000		225	775
25900	259.0000		287	713
26000	260.0000		267	733
26100	261.0000		242	758
26200	262.0000		259	741
26300	263.0000		247	753
26400	264.0000		232	768
26500	265.0000		257	743
26600	266.0000		241	759
26700	267.0000		274	726
26800	268.0000		259	741
26900	269.0000		254	746
27000	270.0000		254	746
27100	271.0000		242	758
27200	272.0000		244	756
27300	273.0000		235	765
27400	274.0000		241	759
27500	275.0000		237	763
27600	276.0000		234	766
27700	277.0000		247	753
27800	278.0000		266	734
27900	279.0000		255	745
28000	280.0000		243	757
28100	281.0000		261	739
28200	282.0000		234	766
28300	283.0000		236	764
28400	284.0000		245	755
28500	285.0000		254	746
28600	286.0000		260	740
28700	287.0000		244	756
28800	288.0000		238	762
28900	289.0000		260	740
29000	290.0000		245	755
29100	291.0000		238	762
29200	292.0000		264	736
29300	293.0000		239	761
29400	294.0000		261	739
29500	295.0000		226	774
29600	296.0000		261	739
29700	297.0000		260	740
29800	298.0000		233	767
29900	299.0000		261	739
30000	300.0000		253	747
30100	301.0000		247	753
30200	302.0000		228	772
30300	303.0000		254	746
30400	304.0000		267	733
30500	305.0000		257	743
30600	306.0000		237	763
30700	307.0000		284	716
30800	308.0000		271	729
30900	309.0000		247	753
31000	310.0000		249	751
31100	311.0000		272	728
31200	312.0000		256	744
31300	313.0000		243	757
31400	314.0000		234	766
31500	315.0000		225	775
31600	316.0000		244	756
31700	317.0000		254	746
31800	318.0000		273	727
31900	319.0000		240	760
32000	320.0000		238	762
32100	321.0000		249	751
32200	322.0000		244	756
32300	323.0000		214	786
32400	324.0000		236	764
32500	325.0000		259	741
32600	326.0000		267	733
32700	327.0000		227	773
32800	328.0000		255	745
32900	329.0000		248	752
33000	330.0000		260	740
33100	331.0000		253	747
33200	332.0000		250	750
33300	333.0000		241	759
33400	334.0000		224	776
33500	335.0000		270	730
33600	336.0000		256	744
33700	337.0000		242	758
33800	338.0000		254	746
33900	339.0000		243	757
34000	340.0000		249	751
34100	341.0000		217	783
34200	342.0000		238	762
34300	343.0000		249	751
34400	344.0000		261	739
34500	345.0000		236	764
34600	346.0000		253	747
34700	347.0000		223	777
34800	348.0000		235	765
34900	349.0000		266	734
35000	350.0000		212	788
35100	351.0000		226	774
35200	352.0000		241	759
35300	353.0000		264	736
35400	354.0000		237	763
35500	355.0000		254	746
35600	356.0000		220	780
35700	357.0000		255	745
35800	358.0000		234	766
35900	359.0000		255	745
36000	360.0000		261	739
36100	361.0000		229	771
36200	362.0000		248	752
36300	363.0000		265	735
36400	364.0000		254	746
36500	365.0000		253	747
36600	366.0000		245	755
36700	367.0000		278	722
36800	368.0000		270	730
36900	369.0000		279	721
37000	370.0000		273	727
37100	371.0000		291	709
37200	372.0000		266	734
37300	373.0000		224	776
37400	374.0000		224	776
37500	375.0000		251	749
37600	376.0000		228	772
37700	377.0000		255	745
37800	378.0000		261	739
37900	379.0000		240	760
38000	380.0000		257	743
38100	381.0000		250	750
38200	382.0000		241	759
38300	383.0000		259	741
38400	384.0000		245	755
38500	385.0000		266	734
38600	386.0000		245	755
38700	387.0000		238	762
38800	388.0000		223	777
38900	389.0000		216	784
39000	390.0000		259	741
39100	391.0000		257	743
39200	392.0000		220	780
39300	393.0000		260	740
39400	394.0000		252	748
39500	395.0000		234	766
39600	396.0000		238	762
39700	397.0000		243	757
39800	398.0000		251	749
39900	399.0000		232	768
40000	400.0000		236	764
40100	401.0000		231	769
40200	402.0000		257	743
40300	403.0000		247	753
40400	404.0000		242	758
40500	405.0000		257	743
40600	406.0000		234	766
40700	407.0000		232	768
40800	408.0000		247	753
40900	409.0000		214	786
41000	410.0000		234	766
41100	411.0000		279	721
41200	412.0000		240	760
41300	413.0000		226	774
41400	414.0000		255	745
41500	415.0000		222	778
41600	416.0000		245	755
41700	417.0000		270	730
41800	418.0000		250	750
41900	419.0000		274	726
42000	420.0000		263	737
42100	421.0000		259	741
42200	422.0000		267	733
42300	423.0000		283	717
42400	424.0000		235	765
42500	425.0000		222	778
42600	426.0000		251	749
42700	427.0000		244	756
42800	428.0000		232	768
42900	429.0000		272	728
43000	430.0000		271	729
43100	431.0000		255	745
43200	432.0000		251	749
43300	433.0000		272	728
43400	434.0000		255	745
43500	435.0000		256	744
43600	436.0000		266	734
43700	437.0000		249	751
43800	438.0000		252	748
43900	439.0000		239	761
44000	440.0000		261	739
44100	441.0000		280	720
44200	442.0000		204	796
44300	443.0000		249	751
44400	444.0000		238	762
44500	445.0000		225	775
44600	446.0000		231	769
44700	447.0000		217	783
44800	448.0000		255	745
44900	449.0000		244	756
45000	450.0000		229	771
45100	451.0000		227	773
45200	452.0000		252	748
45300	453.0000		243	757
45400	454.0000		256	744
45500	455.0000		232	768
45600	456.0000		257	743
45700	457.0000		248	752
45800	458.0000		240	760
45900	459.0000		247	753
46000	460.0000		229	771
46100	461.0000		240	760
46200	462.0000		255	745
46300	463.0000		246	754
46400	464.0000		241	759
46500	465.0000		236	764
46600	466.0000		245	755
46700	467.0000		244	756
46800	468.0000		244	756
46900	469.0000		269	731
47000	470.0000		246	754
47100	471.0000		238	762
47200	472.0000		243	757
47300	473.0000		236	764
47400	474.0000		232	768
47500	475.0000		236	764
47600	476.0000		246	754
47700	477.0000		279	721
47800	478.0000		282	718
47900	479.0000		227	773
48000	480.0000		232	768
48100	481.0000		237	763
48200	482.0000		262	738
48300	483.0000		270	730
48400	484.0000		261	739
48500	485.0000		263	737
48600	486.0000		257	743
48700	487.0000		244	756
48800	488.0000		251	749
48900	489.0000		274	726
49000	490.0000		260	740
49100	491.0000		230	770
49200	492.0000		252	748
49300	493.0000		251	749
49400	494.0000		256	744
49500	495.0000		235	765
49600	496.0000		269	731
49700	497.0000		256	744
49800	498.0000		279	721
49900	499.0000		285	715
50000	500.0000		250	750
50100	501.0000		290	710
50200	502.0000		271	729
50300	503.0000		237	763
50400	504.0000		283	717
50500	505.0000		215	785
50600	506.0000		250	750
50700	507.0000		256	744
50800	508.0000		254	746
50900	509.0000		263	737
51000	510.0000		237	763
51100	511.0000		231	769
51200	512.0000		246	754
51300	513.0000		241	759
51400	514.0000		215	785
51500	515.0000		237	763
51600	516.0000		250	750
51700	517.0000		241	759
51800	518.0000		216	784
51900	519.0000		265	735
52000	520.0000		227	773
52100	521.0000		254	746
52200	522.0000		231	769
52300	523.0000		216	784
52400	524.0000		262	738
52500	525.0000		252	748
52600	526.0000		263	737
52700	527.0000		259	741
52800	528.0000		260	740
52900	529.0000		224	776
53000	530.0000		248	752
53100	531.0000		250	750
53200	532.0000		237	763
53300	533.0000		245	755
53400	534.0000		234	766
53500	535.0000		238	762
53600	536.0000		241	759
53700	537.0000		253	747
53800	538.0000		251	749
53900	539.0000		261	739
54000	540.0000		253	747
54100	541.0000		239	761
54200	542.0000		265	735
54300	543.0000		249	751
54400	544.0000		219	781
54500	545.0000		262	738
54600	546.0000		266	734
54700	547.0000		226	774
54800	548.0000		226	774
54900	549.0000		233	767
55000	550.0000		225	775
55100	551.0000		241	759
55200	552.0000		268	732
55300	553.0000		286	714
55400	554.0000		263	737
55500	555.0000		278	722
55600	556.0000		240	760
55700	557.0000		258	742
55800	558.0000		239	761
55900	559.0000		214	786
56000	560.0000		225	775
56100	561.0000		229	771
56200	562.0000		242	758
56300	563.0000		244	756
56400	564.0000		261	739
56500	565.0000		255	745
56600	566.0000		242	758
56700	567.0000		227	773
56800	568.0000		277	723
56900	569.0000		268	732
57000	570.0000		256	744
57100	571.0000		270	730
57200	572.0000		217	783
57300	573.0000		240	760
57400	574.0000		251	749
57500	575.0000		249	751
57600	576.0000		229	771
57700	577.0000		239	761
57800	578.0000		248	752
57900	579.0000		287	713
58000	580.0000		251	749
58100	581.0000		220	780
58200	582.0000		256	744
58300	583.0000		268	732
58400	584.0000		250	750
58500	585.0000		246	754
58600	586.0000		244	756
58700	587.0000		268	732
58800	588.0000		255	745
58900	589.0000		238	762
59000	590.0000		227	773
59100	591.0000		235	765
59200	592.0000		243	757
59300	593.0000		259	741
59400	594.0000		230	770
59500	595.0000		248	752
59600	596.0000		248	752
59700	597.0000		251	749
59800	598.0000		237	763
59900	599.0000		265	735
60000	600.0000		234	766
60100	601.0000		245	755
60200	602.0000		268	732
60300	603.0000		259	741
60400	604.0000		231	769
60500	605.0000		244	756
60600	606.0000		244	756
60700	607.0000		286	714
60800	608.0000		272	728
60900	609.0000		260	740
61000	610.0000		274	726
61100	611.0000		233	767
61200	612.0000		233	767
61300	613.0000		280	720
61400	614.0000		225	775
61500	615.0000		228	772
61600	616.0000		236	764
61700	617.0000		241	759
61800	618.0000		257	743
61900	619.0000		223	777
62000	620.0000		264	736
62100	621.0000		228	772
62200	622.0000		224	776
62300	623.0000		257	743
62400	624.0000		243	757
62500	625.0000		263	737
62600	626.0000		259	741
62700	627.0000		243	757
62800	628.0000		231	769
62900	629.0000		242	758
63000	630.0000		265	735
63100	631.0000		284	716
63200	632.0000		230	770
63300	633.0000		254	746
63400	634.0000		251	749
63500	635.0000		271	729
63600	636.0000		238	762
63700	637.0000		218	782
63800	638.0000		245	755
63900	639.0000		249	751
64000	640.0000		221	779
64100	641.0000		247	753
64200	642.0000		281	719
64300	643.0000		253	747
64400	644.0000		250	750
64500	645.0000		258	742
64600	646.0000		235	765
64700	647.0000		255	745
64800	648.0000		277	723
64900	649.0000		253	747
65000	650.0000		251	749
65100	651.0000		269	731
65200	652.0000		230	770
65300	653.0000		267	733
65400	654.0000		220	780
65500	655.0000		234	766
65600	656.0000		228	772
65700	657.0000		235	765
65800	658.0000		248	752
65900	659.0000		230	770
66000	660.0000		233	767
66100	661.0000		254	746
66200	662.0000		284	716
66300	663.0000		228	772
66400	664.0000		247	753
66500	665.0000		252	748
66600	666.0000		238	762
66700	667.0000		235	765
66800	668.0000		228	772
66900	669.0000		227	773
67000	670.0000		256	744
67100	671.0000		236	764
67200	672.0000		236	764
67300	673.0000		245	755
67400	674.0000		244	756
67500	675.0000		253	747
67600	676.0000		240	760
67700	677.0000		256	744
67800	678.0000		238	762
67900	679.0000		213	787
68000	680.0000		258	742
68100	681.0000		239	761
68200	682.0000		234	766
68300	683.0000		240	760
68400	684.0000		275	725
68500	685.0000		257	743
68600	686.0000		257	743
68700	687.0000		256	744
68800	688.0000		224	776
68900	689.0000		274	726
69000	690.0000		273	727
69100	691.0000		249	751
69200	692.0000		272	728
69300	693.0000		268	732
69400	694.0000		252	748
69500	695.0000		235	765
69600	696.0000		257	743
69700	697.0000		251	749
69800	698.0000		220	780
69900	699.0000		260	740
70000	700.0000		203	797
70100	701.0000		252	748
70200	702.0000		278	722
70300	703.0000		262	738
70400	704.0000		276	724
70500	705.0000		255	745
70600	706.0000		253	747
70700	707.0000		265	735
70800	708.0000		220	780
70900	709.0000		263	737
71000	710.0000		242	758
71100	711.0000		251	749
71200	712.0000		257	743
71300	713.0000		249	751
71400	714.0000		262	738
71500	715.0000		219	781
71600	716.0000		268	732
71700	717.0000		271	729
71800	718.0000		256	744
71900	719.0000		248	752
72000	720.0000		276	724
72100	721.0000		247	753
72200	722.0000		247	753
72300	723.0000		242	758
72400	724.0000		254	746
72500	725.0000		255	745
72600	726.0000		243	757
72700	727.0000		221	779
72800	728.0000		221	779
72900	729.0000		261	739
73000	730.0000		271	729
73100	731.0000		242	758
73200	732.0000		242	758
73300	733.0000		249	751
73400	734.0000		262	738
73500	735.0000		216	784
73600	736.0000		240	760
73700	737.0000		278	722
73800	738.0000		250	750
73900	739.0000		246	754
74000	740.0000		263	737
74100	741.0000		254	746
74200	742.0000		248	752
74300	743.0000		267	733
74400	744.0000		245	755
74500	745.0000		263	737
74600	746.0000		235	765
74700	747.0000		251	749
74800	748.0000		209	791
74900	749.0000		214	786
75000	750.0000		215	785
75100	751.0000		250	750
75200	752.0000		213	787
75300	753.0000		209	791
75400	754.0000		226	774
75500	755.0000		239	761
75600	756.0000		246	754
75700	757.0000		222	778
75800	758.0000		246	754
75900	759.0000		231	769
76000	760.0000		275	725
76100	761.0000		253	747
76200	762.0000		252	748
76300	763.0000		262	738
76400	764.0000		244	756
76500	765.0000		250	750
76600	766.0000		234	766
76700	767.0000		252	748
76800	768.0000		257	743
76900	769.0000		275	725
77000	770.0000		248	752
77100	771.0000		255	745
77200	772.0000		256	744
77300	773.0000		243	757
77400	774.0000		251	749
77500	775.0000		242	758
77600	776.0000		247	753
77700	777.0000		242	758
77800	778.0000		258	742
77900	779.0000		255	745
78000	780.0000		280	720
78100	781.0000		248	752
78200	782.0000		266	734
78300	783.0000		257	743
78400	784.0000		230	770
78500	785.0000		240	760
78600	786.0000		235	765
78700	787.0000		243	757
78800	788.0000		255	745
78900	789.0000		254	746
79000	790.0000		250	750
79100	791.0000		279	721
79200	792.0000		241	759
79300	793.0000		257	743
79400	794.0000		236	764
79500	795.0000		266	734
79600	796.0000		264	736
79700	797.0000		254	746
79800	798.0000		230	770
79900	799.0000		246	754
80000	800.0000		253	747
80100	801.0000		254	746
80200	802.0000		250	750
80300	803.0000		266	734
80400	804.0000		278	722
80500	805.0000		240	760
80600	806.0000		224	776
80700	807.0000		212	788
80800	808.0000		246	754
80900	809.0000		237	763
81000	810.0000		236	764
81100	811.0000		271	729
81200	812.0000		233	767
81300	813.0000		271	729
81400	814.0000		228	772
81500	815.0000		246	754
81600	816.0000		219	781
81700	817.0000		240	760
81800	818.0000		253	747
81900	819.0000		242	758
82000	820.0000		244	756
82100	821.0000		239	761
82200	822.0000		255	745
82300	823.0000		253	747
82400	824.0000		246	754
82500	825.0000		265	735
82600	826.0000		267	733
82700	827.0000		264	736
82800	828.0000		226	774
82900	829.0000		234	766
83000	830.0000		260	740
83100	831.0000		235	765
83200	832.0000		266	734
83300	833.0000		254	746
83400	834.0000		257	743
83500	835.0000		230	770
83600	836.0000		272	728
83700	837.0000		236	764
83800	838.0000		236	764
83900	839.0000		228	772
84000	840.0000		242	758
84100	841.0000		225	775
84200	842.0000		237	763
84300	843.0000		232	768
84400	844.0000		253	747
84500	845.0000		250	750
84600	846.0000		248	752
84700	847.0000		261	739
84800	848.0000		235	765
84900	849.0000		222	778
85000	850.0000		242	758
85100	851.0000		265	735
85200	852.0000		238	762
85300	853.0000		247	753
85400	854.0000		248	752
85500	855.0000		249	751
85600	856.0000		260	740
85700	857.0000		250	750
85800	858.0000		271	729
85900	859.0000		262	738
86000	860.0000		253	747
86100	861.0000		252	748
86200	862.0000		247	753
86300	863.0000		246	754
86400	864.0000		240	760
86500	865.0000		244	756
86600	866.0000		255	745
86700	867.0000		284	716
86800	868.0000		258	742
86900	869.0000		273	727
87000	870.0000		255	745
87100	871.0000		260	740
87200	872.0000		254	746
87300	873.0000		265	735
87400	874.0000		259	741
87500	875.0000		235	765
87600	876.0000		213	787
87700	877.0000		261	739
87800	878.0000		262	738
87900	879.0000		246	754
88000	880.0000		259	741
88100	881.0000		241	759
88200	882.0000		225	775
88300	883.0000		243	757
88400	884.0000		264	736
88500	885.0000		246	754
88600	886.0000		251	749
88700	887.0000		252	748
88800	888.0000		245	755
88900	889.0000		256	744
89000	890.0000		241	759
89100	891.0000		249	751
89200	892.0000		220	780
89300	893.0000		234	766
89400	894.0000		244	756
89500	895.0000		234	766
89600	896.0000		231	769
89700	897.0000		249	751
89800	898.0000		249	751
89900	899.0000		296	704
90000	900.0000		224	776
90100	901.0000		266	734
90200	902.0000		240	760
90300	903.0000		278	722
90400	904.0000		278	722
90500	905.0000		223	777
90600	906.0000		255	745
90700	907.0000		249	751
90800	908.0000		243	757
90900	909.0000		258	742
91000	910.0000		240	760
91100	911.0000		228	772
91200	912.0000		277	723
91300	913.0000		264	736
91400	914.0000		232	768
91500	915.0000		278	722
91600	916.0000		245	755
91700	917.0000		223	777
91800	918.0000		249	751
91900	919.0000		265	735
92000	920.0000		255	745
92100	921.0000		242	758
92200	922.0000		256	744
92300	923.0000		227	773
92400	924.0000		234	766
92500	925.0000		247	753
92600	926.0000		235	765
92700	927.0000		248	752
92800	928.0000		246	754
92900	929.0000		239	761
93000	930.0000		247	753
93100	931.0000		247	753
93200	932.0000		250	750
93300	933.0000		284	716
93400	934.0000		245	755
93500	935.0000		213	787
93600	936.0000		233	767
93700	937.0000		238	762
93800	938.0000		222	778
93900	939.0000		237	763
94000	940.0000		260	740
94100	941.0000		245	755
94200	942.0000		243	757
94300	943.0000		247	753
94400	944.0000		246	754
94500	945.0000		232	768
94600	946.0000		248	752
94700	947.0000		261	739
94800	948.0000		247	753
94900	949.0000		252	748
95000	950.0000		231	769
95100	951.0000		233	767
95200	952.0000		245	755
95300	953.0000		248	752
95400	954.0000		246	754
95500	955.0000		269	731
95600	956.0000		257	743
95700	957.0000		243	757
95800	958.0000		255	745
95900	959.0000		265	735
96000	960.0000		272	728
96100	961.0000		237	763
96200	962.0000		246	754
96300	963.0000		230	770
96400	964.0000		253	747
96500	965.0000		249	751
96600	966.0000		244	756
96700	967.0000		233	767
96800	968.0000		222	778
96900	969.0000		240	760
97000	970.0000		241	759
97100	971.0000		246	754
97200	972.0000		242	758
97300	973.0000		249	751
97400	974.0000		241	759
97500	975.0000		247	753
97600	976.0000		255	745
97700	977.0000		258	742
97800	978.0000		268	732
97900	979.0000		254	746
98000	980.0000		263	737
98100	981.0000		217	783
98200	982.0000		241	759
98300	983.0000		262	738
98400	984.0000		255	745
98500	985.0000		235	765
98600	986.0000		269	731
98700	987.0000		278	722
98800	988.0000		230	770
98900	989.0000		243	757
99000	990.0000		251	749
99100	991.0000		232	768
99200	992.0000		260	740
99300	993.0000		259	741
99400	994.0000		221	779
99500	995.0000		255	745
99600	996.0000		256	744
99700	997.0000		257	743
99800	998.0000		237	763
99900	999.0000		244	756
100000	1000.0000		250	750
# Simulation completed.
