# Creating system...
# System created with N=1000 particles

# Initial state:
# Susceptibles: 999, Infected: 1

# Starting simulation...
# Step	Time		S	I
0	0.0000		999	1
100	1.0000		987	13
200	2.0000		964	36
300	3.0000		941	59
400	4.0000		878	122
500	5.0000		785	215
600	6.0000		631	369
700	7.0000		460	540
800	8.0000		351	649
900	9.0000		284	716
1000	10.0000		258	742
1100	11.0000		236	764
1200	12.0000		247	753
1300	13.0000		246	754
1400	14.0000		217	783
1500	15.0000		233	767
1600	16.0000		246	754
1700	17.0000		249	751
1800	18.0000		253	747
1900	19.0000		279	721
2000	20.0000		235	765
2100	21.0000		251	749
2200	22.0000		255	745
2300	23.0000		223	777
2400	24.0000		238	762
2500	25.0000		242	758
2600	26.0000		247	753
2700	27.0000		230	770
2800	28.0000		223	777
2900	29.0000		240	760
3000	30.0000		259	741
3100	31.0000		249	751
3200	32.0000		267	733
3300	33.0000		253	747
3400	34.0000		271	729
3500	35.0000		243	757
3600	36.0000		272	728
3700	37.0000		256	744
3800	38.0000		264	736
3900	39.0000		251	749
4000	40.0000		238	762
4100	41.0000		247	753
4200	42.0000		236	764
4300	43.0000		227	773
4400	44.0000		247	753
4500	45.0000		236	764
4600	46.0000		236	764
4700	47.0000		234	766
4800	48.0000		242	758
4900	49.0000		275	725
5000	50.0000		245	755
5100	51.0000		268	732
5200	52.0000		261	739
5300	53.0000		228	772
5400	54.0000		241	759
5500	55.0000		230	770
5600	56.0000		229	771
5700	57.0000		260	740
5800	58.0000		240	760
5900	59.0000		236	764
6000	60.0000		247	753
6100	61.0000		245	755
6200	62.0000		249	751
6300	63.0000		250	750
6400	64.0000		226	774
6500	65.0000		258	742
6600	66.0000		243	757
6700	67.0000		249	751
6800	68.0000		257	743
6900	69.0000		245	755
7000	70.0000		229	771
7100	71.0000		226	774
7200	72.0000		226	774
7300	73.0000		269	731
7400	74.0000		265	735
7500	75.0000		261	739
7600	76.0000		261	739
7700	77.0000		259	741
7800	78.0000		233	767
7900	79.0000		257	743
8000	80.0000		240	760
8100	81.0000		230	770
8200	82.0000		262	738
8300	83.0000		263	737
8400	84.0000		241	759
8500	85.0000		257	743
8600	86.0000		212	788
8700	87.0000		221	779
8800	88.0000		229	771
8900	89.0000		268	732
9000	90.0000		256	744
9100	91.0000		242	758
9200	92.0000		267	733
9300	93.0000		248	752
9400	94.0000		242	758
9500	95.0000		263	737
9600	96.0000		236	764
9700	97.0000		249	751
9800	98.0000		272	728
9900	99.0000		259	741
10000	100.0000		271	729
10100	101.0000		234	766
10200	102.0000		249	751
10300	103.0000		254	746
10400	104.0000		207	793
10500	105.0000		259	741
10600	106.0000		242	758
10700	107.0000		233	767
10800	108.0000		239	761
10900	109.0000		238	762
11000	110.0000		247	753
11100	111.0000		237	763
11200	112.0000		258	742
11300	113.0000		267	733
11400	114.0000		242	758
11500	115.0000		260	740
11600	116.0000		260	740
11700	117.0000		258	742
11800	118.0000		240	760
11900	119.0000		241	759
12000	120.0000		260	740
12100	121.0000		236	764
12200	122.0000		230	770
12300	123.0000		230	770
12400	124.0000		237	763
12500	125.0000		242	758
12600	126.0000		247	753
12700	127.0000		254	746
12800	128.0000		254	746
12900	129.0000		245	755
13000	130.0000		248	752
13100	131.0000		246	754
13200	132.0000		274	726
13300	133.0000		266	734
13400	134.0000		232	768
13500	135.0000		229	771
13600	136.0000		239	761
13700	137.0000		261	739
13800	138.0000		227	773
13900	139.0000		236	764
14000	140.0000		233	767
14100	141.0000		235	765
14200	142.0000		269	731
14300	143.0000		242	758
14400	144.0000		268	732
14500	145.0000		253	747
14600	146.0000		248	752
14700	147.0000		226	774
14800	148.0000		231	769
14900	149.0000		260	740
15000	150.0000		228	772
15100	151.0000		227	773
15200	152.0000		241	759
15300	153.0000		236	764
15400	154.0000		241	759
15500	155.0000		244	756
15600	156.0000		238	762
15700	157.0000		240	760
15800	158.0000		245	755
15900	159.0000		217	783
16000	160.0000		229	771
16100	161.0000		234	766
16200	162.0000		257	743
16300	163.0000		247	753
16400	164.0000		246	754
16500	165.0000		238	762
16600	166.0000		245	755
16700	167.0000		234	766
16800	168.0000		225	775
16900	169.0000		224	776
17000	170.0000		243	757
17100	171.0000		242	758
17200	172.0000		217	783
17300	173.0000		247	753
17400	174.0000		233	767
17500	175.0000		221	779
17600	176.0000		254	746
17700	177.0000		264	736
17800	178.0000		259	741
17900	179.0000		272	728
18000	180.0000		254	746
18100	181.0000		239	761
18200	182.0000		269	731
18300	183.0000		264	736
18400	184.0000		259	741
18500	185.0000		249	751
18600	186.0000		217	783
18700	187.0000		239	761
18800	188.0000		224	776
18900	189.0000		242	758
19000	190.0000		239	761
19100	191.0000		248	752
19200	192.0000		276	724
19300	193.0000		247	753
19400	194.0000		282	718
19500	195.0000		255	745
19600	196.0000		277	723
19700	197.0000		284	716
19800	198.0000		262	738
19900	199.0000		252	748
20000	200.0000		254	746
20100	201.0000		259	741
20200	202.0000		244	756
20300	203.0000		272	728
20400	204.0000		271	729
20500	205.0000		238	762
20600	206.0000		260	740
20700	207.0000		260	740
20800	208.0000		249	751
20900	209.0000		245	755
21000	210.0000		252	748
21100	211.0000		251	749
21200	212.0000		269	731
21300	213.0000		266	734
21400	214.0000		237	763
21500	215.0000		249	751
21600	216.0000		264	736
21700	217.0000		242	758
21800	218.0000		272	728
21900	219.0000		250	750
22000	220.0000		265	735
22100	221.0000		259	741
22200	222.0000		232	768
22300	223.0000		253	747
22400	224.0000		256	744
22500	225.0000		242	758
22600	226.0000		234	766
22700	227.0000		239	761
22800	228.0000		255	745
22900	229.0000		271	729
23000	230.0000		224	776
23100	231.0000		262	738
23200	232.0000		247	753
23300	233.0000		235	765
23400	234.0000		257	743
23500	235.0000		244	756
23600	236.0000		275	725
23700	237.0000		260	740
23800	238.0000		250	750
23900	239.0000		248	752
24000	240.0000		275	725
24100	241.0000		251	749
24200	242.0000		283	717
24300	243.0000		254	746
24400	244.0000		231	769
24500	245.0000		233	767
24600	246.0000		244	756
24700	247.0000		241	759
24800	248.0000		236	764
24900	249.0000		234	766
25000	250.0000		225	775
25100	251.0000		274	726
25200	252.0000		275	725
25300	253.0000		259	741
25400	254.0000		248	752
25500	255.0000		253	747
25600	256.0000		228	772
25700	257.0000		228	772
25800	258.0000		239	761
25900	259.0000		231	769
26000	260.0000		229	771
26100	261.0000		239	761
26200	262.0000		247	753
26300	263.0000		228	772
26400	264.0000		223	777
26500	265.0000		243	757
26600	266.0000		271	729
26700	267.0000		263	737
26800	268.0000		255	745
26900	269.0000		222	778
27000	270.0000		252	748
27100	271.0000		277	723
27200	272.0000		252	748
27300	273.0000		276	724
27400	274.0000		242	758
27500	275.0000		242	758
27600	276.0000		231	769
27700	277.0000		241	759
27800	278.0000		242	758
27900	279.0000		254	746
28000	280.0000		245	755
28100	281.0000		216	784
28200	282.0000		269	731
28300	283.0000		259	741
28400	284.0000		273	727
28500	285.0000		274	726
28600	286.0000		249	751
28700	287.0000		267	733
28800	288.0000		246	754
28900	289.0000		234	766
29000	290.0000		250	750
29100	291.0000		255	745
29200	292.0000		259	741
29300	293.0000		216	784
29400	294.0000		223	777
29500	295.0000		250	750
29600	296.0000		251	749
29700	297.0000		263	737
29800	298.0000		253	747
29900	299.0000		233	767
30000	300.0000		273	727
30100	301.0000		246	754
30200	302.0000		268	732
30300	303.0000		250	750
30400	304.0000		240	760
30500	305.0000		272	728
30600	306.0000		262	738
30700	307.0000		257	743
30800	308.0000		247	753
30900	309.0000		252	748
31000	310.0000		270	730
31100	311.0000		268	732
31200	312.0000		254	746
31300	313.0000		223	777
31400	314.0000		268	732
31500	315.0000		219	781
31600	316.0000		230	770
31700	317.0000		246	754
31800	318.0000		279	721
31900	319.0000		267	733
32000	320.0000		256	744
32100	321.0000		252	748
32200	322.0000		263	737
32300	323.0000		242	758
32400	324.0000		225	775
32500	325.0000		273	727
32600	326.0000		243	757
32700	327.0000		265	735
32800	328.0000		256	744
32900	329.0000		261	739
33000	330.0000		281	719
33100	331.0000		273	727
33200	332.0000		237	763
33300	333.0000		239	761
33400	334.0000		248	752
33500	335.0000		229	771
33600	336.0000		260	740
33700	337.0000		265	735
33800	338.0000		229	771
33900	339.0000		252	748
34000	340.0000		231	769
34100	341.0000		241	759
34200	342.0000		252	748
34300	343.0000		241	759
34400	344.0000		224	776
34500	345.0000		255	745
34600	346.0000		244	756
34700	347.0000		253	747
34800	348.0000		241	759
34900	349.0000		258	742
35000	350.0000		245	755
35100	351.0000		234	766
35200	352.0000		265	735
35300	353.0000		230	770
35400	354.0000		226	774
35500	355.0000		258	742
35600	356.0000		252	748
35700	357.0000		223	777
35800	358.0000		250	750
35900	359.0000		267	733
36000	360.0000		263	737
36100	361.0000		248	752
36200	362.0000		245	755
36300	363.0000		259	741
36400	364.0000		244	756
36500	365.0000		256	744
36600	366.0000		263	737
36700	367.0000		244	756
36800	368.0000		241	759
36900	369.0000		235	765
37000	370.0000		242	758
37100	371.0000		261	739
37200	372.0000		275	725
37300	373.0000		232	768
37400	374.0000		211	789
37500	375.0000		247	753
37600	376.0000		246	754
37700	377.0000		238	762
37800	378.0000		251	749
37900	379.0000		235	765
38000	380.0000		255	745
38100	381.0000		246	754
38200	382.0000		245	755
38300	383.0000		215	785
38400	384.0000		271	729
38500	385.0000		255	745
38600	386.0000		229	771
38700	387.0000		256	744
38800	388.0000		224	776
38900	389.0000		275	725
39000	390.0000		272	728
39100	391.0000		248	752
39200	392.0000		246	754
39300	393.0000		252	748
39400	394.0000		261	739
39500	395.0000		262	738
39600	396.0000		237	763
39700	397.0000		269	731
39800	398.0000		244	756
39900	399.0000		232	768
40000	400.0000		271	729
40100	401.0000		254	746
40200	402.0000		236	764
40300	403.0000		243	757
40400	404.0000		237	763
40500	405.0000		236	764
40600	406.0000		227	773
40700	407.0000		220	780
40800	408.0000		231	769
40900	409.0000		248	752
41000	410.0000		248	752
41100	411.0000		229	771
41200	412.0000		219	781
41300	413.0000		237	763
41400	414.0000		245	755
41500	415.0000		252	748
41600	416.0000		265	735
41700	417.0000		254	746
41800	418.0000		231	769
41900	419.0000		244	756
42000	420.0000		213	787
42100	421.0000		226	774
42200	422.0000		227	773
42300	423.0000		255	745
42400	424.0000		244	756
42500	425.0000		234	766
42600	426.0000		249	751
42700	427.0000		232	768
42800	428.0000		237	763
42900	429.0000		241	759
43000	430.0000		247	753
43100	431.0000		248	752
43200	432.0000		255	745
43300	433.0000		282	718
43400	434.0000		256	744
43500	435.0000		243	757
43600	436.0000		259	741
43700	437.0000		298	702
43800	438.0000		265	735
43900	439.0000		264	736
44000	440.0000		230	770
44100	441.0000		238	762
44200	442.0000		245	755
44300	443.0000		253	747
44400	444.0000		271	729
44500	445.0000		267	733
44600	446.0000		271	729
44700	447.0000		221	779
44800	448.0000		228	772
44900	449.0000		232	768
45000	450.0000		242	758
45100	451.0000		270	730
45200	452.0000		240	760
45300	453.0000		247	753
45400	454.0000		252	748
45500	455.0000		254	746
45600	456.0000		254	746
45700	457.0000		243	757
45800	458.0000		253	747
45900	459.0000		231	769
46000	460.0000		263	737
46100	461.0000		244	756
46200	462.0000		265	735
46300	463.0000		256	744
46400	464.0000		262	738
46500	465.0000		246	754
46600	466.0000		261	739
46700	467.0000		256	744
46800	468.0000		251	749
46900	469.0000		231	769
47000	470.0000		254	746
47100	471.0000		230	770
47200	472.0000		240	760
47300	473.0000		238	762
47400	474.0000		220	780
47500	475.0000		274	726
47600	476.0000		240	760
47700	477.0000		246	754
47800	478.0000		229	771
47900	479.0000		268	732
48000	480.0000		253	747
48100	481.0000		254	746
48200	482.0000		261	739
48300	483.0000		255	745
48400	484.0000		263	737
48500	485.0000		234	766
48600	486.0000		229	771
48700	487.0000		228	772
48800	488.0000		261	739
48900	489.0000		285	715
49000	490.0000		284	716
49100	491.0000		231	769
49200	492.0000		259	741
49300	493.0000		241	759
49400	494.0000		220	780
49500	495.0000		230	770
49600	496.0000		254	746
49700	497.0000		254	746
49800	498.0000		244	756
49900	499.0000		250	750
50000	500.0000		252	748
50100	501.0000		266	734
50200	502.0000		232	768
50300	503.0000		240	760
50400	504.0000		218	782
50500	505.0000		249	751
50600	506.0000		269	731
50700	507.0000		247	753
50800	508.0000		236	764
50900	509.0000		245	755
51000	510.0000		251	749
51100	511.0000		223	777
51200	512.0000		240	760
51300	513.0000		250	750
51400	514.0000		232	768
51500	515.0000		255	745
51600	516.0000		265	735
51700	517.0000		246	754
51800	518.0000		276	724
51900	519.0000		235	765
52000	520.0000		239	761
52100	521.0000		231	769
52200	522.0000		236	764
52300	523.0000		273	727
52400	524.0000		244	756
52500	525.0000		253	747
52600	526.0000		270	730
52700	527.0000		237	763
52800	528.0000		248	752
52900	529.0000		255	745
53000	530.0000		255	745
53100	531.0000		252	748
53200	532.0000		264	736
53300	533.0000		223	777
53400	534.0000		260	740
53500	535.0000		236	764
53600	536.0000		239	761
53700	537.0000		235	765
53800	538.0000		230	770
53900	539.0000		233	767
54000	540.0000		263	737
54100	541.0000		264	736
54200	542.0000		264	736
54300	543.0000		279	721
54400	544.0000		256	744
54500	545.0000		281	719
54600	546.0000		229	771
54700	547.0000		234	766
54800	548.0000		242	758
54900	549.0000		265	735
55000	550.0000		228	772
55100	551.0000		210	790
55200	552.0000		215	785
55300	553.0000		233	767
55400	554.0000		239	761
55500	555.0000		261	739
55600	556.0000		253	747
55700	557.0000		282	718
55800	558.0000		216	784
55900	559.0000		240	760
56000	560.0000		249	751
56100	561.0000		256	744
56200	562.0000		264	736
56300	563.0000		247	753
56400	564.0000		233	767
56500	565.0000		237	763
56600	566.0000		252	748
56700	567.0000		239	761
56800	568.0000		274	726
56900	569.0000		232	768
57000	570.0000		253	747
57100	571.0000		246	754
57200	572.0000		240	760
57300	573.0000		213	787
57400	574.0000		232	768
57500	575.0000		248	752
57600	576.0000		247	753
57700	577.0000		254	746
57800	578.0000		254	746
57900	579.0000		246	754
58000	580.0000		231	769
58100	581.0000		263	737
58200	582.0000		249	751
58300	583.0000		222	778
58400	584.0000		262	738
58500	585.0000		251	749
58600	586.0000		248	752
58700	587.0000		260	740
58800	588.0000		245	755
58900	589.0000		254	746
59000	590.0000		248	752
59100	591.0000		244	756
59200	592.0000		236	764
59300	593.0000		226	774
59400	594.0000		237	763
59500	595.0000		235	765
59600	596.0000		242	758
59700	597.0000		261	739
59800	598.0000		251	749
59900	599.0000		259	741
60000	600.0000		255	745
60100	601.0000		247	753
60200	602.0000		254	746
60300	603.0000		259	741
60400	604.0000		222	778
60500	605.0000		232	768
60600	606.0000		256	744
60700	607.0000		245	755
60800	608.0000		276	724
60900	609.0000		246	754
61000	610.0000		261	739
61100	611.0000		252	748
61200	612.0000		244	756
61300	613.0000		240	760
61400	614.0000		248	752
61500	615.0000		233	767
61600	616.0000		269	731
61700	617.0000		240	760
61800	618.0000		245	755
61900	619.0000		230	770
62000	620.0000		262	738
62100	621.0000		263	737
62200	622.0000		252	748
62300	623.0000		266	734
62400	624.0000		234	766
62500	625.0000		243	757
62600	626.0000		256	744
62700	627.0000		220	780
62800	628.0000		239	761
62900	629.0000		242	758
63000	630.0000		230	770
63100	631.0000		259	741
63200	632.0000		258	742
63300	633.0000		244	756
63400	634.0000		253	747
63500	635.0000		262	738
63600	636.0000		265	735
63700	637.0000		264	736
63800	638.0000		232	768
63900	639.0000		258	742
64000	640.0000		258	742
64100	641.0000		240	760
64200	642.0000		249	751
64300	643.0000		262	738
64400	644.0000		245	755
64500	645.0000		246	754
64600	646.0000		247	753
64700	647.0000		237	763
64800	648.0000		231	769
64900	649.0000		238	762
65000	650.0000		247	753
65100	651.0000		227	773
65200	652.0000		227	773
65300	653.0000		250	750
65400	654.0000		251	749
65500	655.0000		238	762
65600	656.0000		243	757
65700	657.0000		228	772
65800	658.0000		258	742
65900	659.0000		261	739
66000	660.0000		231	769
66100	661.0000		262	738
66200	662.0000		247	753
66300	663.0000		250	750
66400	664.0000		258	742
66500	665.0000		249	751
66600	666.0000		245	755
66700	667.0000		269	731
66800	668.0000		260	740
66900	669.0000		242	758
67000	670.0000		236	764
67100	671.0000		271	729
67200	672.0000		272	728
67300	673.0000		254	746
67400	674.0000		255	745
67500	675.0000		256	744
67600	676.0000		254	746
67700	677.0000		261	739
67800	678.0000		249	751
67900	679.0000		222	778
68000	680.0000		237	763
68100	681.0000		235	765
68200	682.0000		261	739
68300	683.0000		237	763
68400	684.0000		250	750
68500	685.0000		215	785
68600	686.0000		234	766
68700	687.0000		238	762
68800	688.0000		247	753
68900	689.0000		223	777
69000	690.0000		239	761
69100	691.0000		232	768
69200	692.0000		271	729
69300	693.0000		240	760
69400	694.0000		247	753
69500	695.0000		264	736
69600	696.0000		260	740
69700	697.0000		228	772
69800	698.0000		235	765
69900	699.0000		254	746
70000	700.0000		263	737
70100	701.0000		232	768
70200	702.0000		233	767
70300	703.0000		231	769
70400	704.0000		274	726
70500	705.0000		290	710
70600	706.0000		279	721
70700	707.0000		280	720
70800	708.0000		291	709
70900	709.0000		251	749
71000	710.0000		237	763
71100	711.0000		273	727
71200	712.0000		246	754
71300	713.0000		250	750
71400	714.0000		255	745
71500	715.0000		263	737
71600	716.0000		245	755
71700	717.0000		242	758
71800	718.0000		228	772
71900	719.0000		247	753
72000	720.0000		254	746
72100	721.0000		238	762
72200	722.0000		245	755
72300	723.0000		252	748
72400	724.0000		240	760
72500	725.0000		266	734
72600	726.0000		246	754
72700	727.0000		250	750
72800	728.0000		282	718
72900	729.0000		254	746
73000	730.0000		237	763
73100	731.0000		261	739
73200	732.0000		238	762
73300	733.0000		270	730
73400	734.0000		246	754
73500	735.0000		236	764
73600	736.0000		231	769
73700	737.0000		223	777
73800	738.0000		249	751
73900	739.0000		250	750
74000	740.0000		240	760
74100	741.0000		256	744
74200	742.0000		265	735
74300	743.0000		272	728
74400	744.0000		258	742
74500	745.0000		238	762
74600	746.0000		246	754
74700	747.0000		255	745
74800	748.0000		267	733
74900	749.0000		253	747
75000	750.0000		231	769
75100	751.0000		264	736
75200	752.0000		254	746
75300	753.0000		251	749
75400	754.0000		272	728
75500	755.0000		239	761
75600	756.0000		238	762
75700	757.0000		251	749
75800	758.0000		248	752
75900	759.0000		252	748
76000	760.0000		263	737
76100	761.0000		281	719
76200	762.0000		256	744
76300	763.0000		272	728
76400	764.0000		249	751
76500	765.0000		258	742
76600	766.0000		248	752
76700	767.0000		260	740
76800	768.0000		280	720
76900	769.0000		260	740
77000	770.0000		287	713
77100	771.0000		265	735
77200	772.0000		256	744
77300	773.0000		251	749
77400	774.0000		216	784
77500	775.0000		262	738
77600	776.0000		232	768
77700	777.0000		235	765
77800	778.0000		240	760
77900	779.0000		231	769
78000	780.0000		222	778
78100	781.0000		220	780
78200	782.0000		228	772
78300	783.0000		246	754
78400	784.0000		239	761
78500	785.0000		244	756
78600	786.0000		227	773
78700	787.0000		241	759
78800	788.0000		258	742
78900	789.0000		233	767
79000	790.0000		234	766
79100	791.0000		245	755
79200	792.0000		244	756
79300	793.0000		256	744
79400	794.0000		238	762
79500	795.0000		266	734
79600	796.0000		267	733
79700	797.0000		269	731
79800	798.0000		246	754
79900	799.0000		235	765
80000	800.0000		244	756
80100	801.0000		255	745
80200	802.0000		247	753
80300	803.0000		253	747
80400	804.0000		242	758
80500	805.0000		251	749
80600	806.0000		256	744
80700	807.0000		245	755
80800	808.0000		275	725
80900	809.0000		276	724
81000	810.0000		259	741
81100	811.0000		211	789
81200	812.0000		247	753
81300	813.0000		239	761
81400	814.0000		248	752
81500	815.0000		271	729
81600	816.0000		247	753
81700	817.0000		234	766
81800	818.0000		250	750
81900	819.0000		256	744
82000	820.0000		250	750
82100	821.0000		257	743
82200	822.0000		250	750
82300	823.0000		228	772
82400	824.0000		253	747
82500	825.0000		239	761
82600	826.0000		260	740
82700	827.0000		283	717
82800	828.0000		262	738
82900	829.0000		222	778
83000	830.0000		241	759
83100	831.0000		252	748
83200	832.0000		265	735
83300	833.0000		254	746
83400	834.0000		258	742
83500	835.0000		277	723
83600	836.0000		258	742
83700	837.0000		243	757
83800	838.0000		241	759
83900	839.0000		288	712
84000	840.0000		256	744
84100	841.0000		265	735
84200	842.0000		265	735
84300	843.0000		257	743
84400	844.0000		220	780
84500	845.0000		249	751
84600	846.0000		237	763
84700	847.0000		253	747
84800	848.0000		246	754
84900	849.0000		236	764
85000	850.0000		259	741
85100	851.0000		242	758
85200	852.0000		249	751
85300	853.0000		249	751
85400	854.0000		233	767
85500	855.0000		257	743
85600	856.0000		250	750
85700	857.0000		248	752
85800	858.0000		241	759
85900	859.0000		252	748
86000	860.0000		253	747
86100	861.0000		267	733
86200	862.0000		262	738
86300	863.0000		228	772
86400	864.0000		279	721
86500	865.0000		252	748
86600	866.0000		221	779
86700	867.0000		264	736
86800	868.0000		246	754
86900	869.0000		244	756
87000	870.0000		247	753
87100	871.0000		250	750
87200	872.0000		248	752
87300	873.0000		281	719
87400	874.0000		269	731
87500	875.0000		257	743
87600	876.0000		230	770
87700	877.0000		269	731
87800	878.0000		283	717
87900	879.0000		258	742
88000	880.0000		261	739
88100	881.0000		245	755
88200	882.0000		285	715
88300	883.0000		265	735
88400	884.0000		240	760
88500	885.0000		243	757
88600	886.0000		235	765
88700	887.0000		257	743
88800	888.0000		240	760
88900	889.0000		263	737
89000	890.0000		260	740
89100	891.0000		248	752
89200	892.0000		273	727
89300	893.0000		260	740
89400	894.0000		243	757
89500	895.0000		258	742
89600	896.0000		226	774
89700	897.0000		251	749
89800	898.0000		253	747
89900	899.0000		262	738
90000	900.0000		218	782
90100	901.0000		260	740
90200	902.0000		269	731
90300	903.0000		255	745
90400	904.0000		253	747
90500	905.0000		244	756
90600	906.0000		238	762
90700	907.0000		230	770
90800	908.0000		238	762
90900	909.0000		260	740
91000	910.0000		248	752
91100	911.0000		232	768
91200	912.0000		255	745
91300	913.0000		237	763
91400	914.0000		284	716
91500	915.0000		233	767
91600	916.0000		261	739
91700	917.0000		262	738
91800	918.0000		234	766
91900	919.0000		249	751
92000	920.0000		220	780
92100	921.0000		248	752
92200	922.0000		245	755
92300	923.0000		226	774
92400	924.0000		237	763
92500	925.0000		255	745
92600	926.0000		267	733
92700	927.0000		232	768
92800	928.0000		243	757
92900	929.0000		271	729
93000	930.0000		242	758
93100	931.0000		255	745
93200	932.0000		235	765
93300	933.0000		250	750
93400	934.0000		247	753
93500	935.0000		276	724
93600	936.0000		249	751
93700	937.0000		235	765
93800	938.0000		268	732
93900	939.0000		244	756
94000	940.0000		261	739
94100	941.0000		227	773
94200	942.0000		267	733
94300	943.0000		252	748
94400	944.0000		229	771
94500	945.0000		248	752
94600	946.0000		270	730
94700	947.0000		229	771
94800	948.0000		264	736
94900	949.0000		249	751
95000	950.0000		225	775
95100	951.0000		288	712
95200	952.0000		242	758
95300	953.0000		261	739
95400	954.0000		261	739
95500	955.0000		244	756
95600	956.0000		211	789
95700	957.0000		252	748
95800	958.0000		277	723
95900	959.0000		232	768
96000	960.0000		235	765
96100	961.0000		247	753
96200	962.0000		254	746
96300	963.0000		242	758
96400	964.0000		235	765
96500	965.0000		264	736
96600	966.0000		241	759
96700	967.0000		264	736
96800	968.0000		243	757
96900	969.0000		241	759
97000	970.0000		237	763
97100	971.0000		243	757
97200	972.0000		227	773
97300	973.0000		249	751
97400	974.0000		226	774
97500	975.0000		248	752
97600	976.0000		238	762
97700	977.0000		247	753
97800	978.0000		225	775
97900	979.0000		227	773
98000	980.0000		266	734
98100	981.0000		237	763
98200	982.0000		255	745
98300	983.0000		282	718
98400	984.0000		260	740
98500	985.0000		248	752
98600	986.0000		248	752
98700	987.0000		250	750
98800	988.0000		242	758
98900	989.0000		234	766
99000	990.0000		246	754
99100	991.0000		238	762
99200	992.0000		267	733
99300	993.0000		263	737
99400	994.0000		274	726
99500	995.0000		266	734
99600	996.0000		267	733
99700	997.0000		236	764
99800	998.0000		234	766
99900	999.0000		238	762
100000	1000.0000		250	750
# Simulation completed.
