# Creating system...
# System created with N=1000 particles

# Initial state:
# Susceptibles: 999, Infected: 1

# Starting simulation...
# Step	Time		S	I
0	0.0000		999	1
10	0.1000		999	1
20	0.2000		999	1
30	0.3000		999	1
40	0.4000		999	1
50	0.5000		999	1
60	0.6000		996	4
70	0.7000		995	5
80	0.8000		992	8
90	0.9000		985	15
100	1.0000		985	15
110	1.1000		982	18
120	1.2000		976	24
130	1.3000		972	28
140	1.4000		969	31
150	1.5000		963	37
160	1.6000		961	39
170	1.7000		959	41
180	1.8000		951	49
190	1.9000		943	57
200	2.0000		940	60
210	2.1000		938	62
220	2.2000		934	66
230	2.3000		929	71
240	2.4000		923	77
250	2.5000		917	83
260	2.6000		912	88
270	2.7000		898	102
280	2.8000		892	108
290	2.9000		879	121
300	3.0000		877	123
310	3.1000		867	133
320	3.2000		852	148
330	3.3000		846	154
340	3.4000		835	165
350	3.5000		840	160
360	3.6000		838	162
370	3.7000		832	168
380	3.8000		831	169
390	3.9000		827	173
400	4.0000		808	192
410	4.1000		803	197
420	4.2000		791	209
430	4.3000		775	225
440	4.4000		760	240
450	4.5000		747	253
460	4.6000		749	251
470	4.7000		728	272
480	4.8000		714	286
490	4.9000		689	311
500	5.0000		670	330
510	5.1000		651	349
520	5.2000		618	382
530	5.3000		601	399
540	5.4000		591	409
550	5.5000		580	420
560	5.6000		559	441
570	5.7000		553	447
580	5.8000		537	463
590	5.9000		506	494
600	6.0000		479	521
610	6.1000		456	544
620	6.2000		430	570
630	6.3000		416	584
640	6.4000		410	590
650	6.5000		402	598
660	6.6000		379	621
670	6.7000		374	626
680	6.8000		389	611
690	6.9000		373	627
700	7.0000		370	630
710	7.1000		342	658
720	7.2000		346	654
730	7.3000		331	669
740	7.4000		321	679
750	7.5000		308	692
760	7.6000		303	697
770	7.7000		285	715
780	7.8000		288	712
790	7.9000		297	703
800	8.0000		291	709
810	8.1000		278	722
820	8.2000		295	705
830	8.3000		295	705
840	8.4000		301	699
850	8.5000		303	697
860	8.6000		301	699
870	8.7000		304	696
880	8.8000		307	693
890	8.9000		298	702
900	9.0000		285	715
910	9.1000		304	696
920	9.2000		289	711
930	9.3000		300	700
940	9.4000		298	702
950	9.5000		306	694
960	9.6000		285	715
970	9.7000		280	720
980	9.8000		265	735
990	9.9000		268	732
1000	10.0000		261	739
1010	10.1000		256	744
1020	10.2000		255	745
1030	10.3000		241	759
1040	10.4000		249	751
1050	10.5000		251	749
1060	10.6000		264	736
1070	10.7000		276	724
1080	10.8000		269	731
1090	10.9000		278	722
1100	11.0000		281	719
1110	11.1000		276	724
1120	11.2000		271	729
1130	11.3000		264	736
1140	11.4000		243	757
1150	11.5000		228	772
1160	11.6000		238	762
1170	11.7000		230	770
1180	11.8000		238	762
1190	11.9000		250	750
1200	12.0000		244	756
1210	12.1000		244	756
1220	12.2000		230	770
1230	12.3000		243	757
1240	12.4000		245	755
1250	12.5000		244	756
1260	12.6000		250	750
1270	12.7000		224	776
1280	12.8000		225	775
1290	12.9000		247	753
1300	13.0000		221	779
1310	13.1000		241	759
1320	13.2000		244	756
1330	13.3000		232	768
1340	13.4000		236	764
1350	13.5000		249	751
1360	13.6000		257	743
1370	13.7000		253	747
1380	13.8000		256	744
1390	13.9000		258	742
1400	14.0000		249	751
1410	14.1000		253	747
1420	14.2000		242	758
1430	14.3000		244	756
1440	14.4000		253	747
1450	14.5000		249	751
1460	14.6000		250	750
1470	14.7000		265	735
1480	14.8000		266	734
1490	14.9000		271	729
1500	15.0000		257	743
1510	15.1000		260	740
1520	15.2000		248	752
1530	15.3000		257	743
1540	15.4000		239	761
1550	15.5000		249	751
1560	15.6000		239	761
1570	15.7000		232	768
1580	15.8000		235	765
1590	15.9000		242	758
1600	16.0000		254	746
1610	16.1000		240	760
1620	16.2000		241	759
1630	16.3000		253	747
1640	16.4000		253	747
1650	16.5000		247	753
1660	16.6000		239	761
1670	16.7000		249	751
1680	16.8000		241	759
1690	16.9000		227	773
1700	17.0000		221	779
1710	17.1000		226	774
1720	17.2000		241	759
1730	17.3000		244	756
1740	17.4000		237	763
1750	17.5000		245	755
1760	17.6000		253	747
1770	17.7000		230	770
1780	17.8000		233	767
1790	17.9000		232	768
1800	18.0000		255	745
1810	18.1000		231	769
1820	18.2000		239	761
1830	18.3000		243	757
1840	18.4000		254	746
1850	18.5000		246	754
1860	18.6000		258	742
1870	18.7000		251	749
1880	18.8000		253	747
1890	18.9000		259	741
1900	19.0000		266	734
1910	19.1000		253	747
1920	19.2000		248	752
1930	19.3000		254	746
1940	19.4000		263	737
1950	19.5000		271	729
1960	19.6000		266	734
1970	19.7000		264	736
1980	19.8000		270	730
1990	19.9000		278	722
2000	20.0000		281	719
2010	20.1000		267	733
2020	20.2000		267	733
2030	20.3000		285	715
2040	20.4000		269	731
2050	20.5000		262	738
2060	20.6000		263	737
2070	20.7000		258	742
2080	20.8000		255	745
2090	20.9000		256	744
2100	21.0000		268	732
2110	21.1000		273	727
2120	21.2000		244	756
2130	21.3000		231	769
2140	21.4000		229	771
2150	21.5000		233	767
2160	21.6000		237	763
2170	21.7000		238	762
2180	21.8000		233	767
2190	21.9000		248	752
2200	22.0000		250	750
2210	22.1000		245	755
2220	22.2000		258	742
2230	22.3000		249	751
2240	22.4000		283	717
2250	22.5000		273	727
2260	22.6000		273	727
2270	22.7000		262	738
2280	22.8000		255	745
2290	22.9000		249	751
2300	23.0000		245	755
2310	23.1000		229	771
2320	23.2000		227	773
2330	23.3000		232	768
2340	23.4000		244	756
2350	23.5000		256	744
2360	23.6000		236	764
2370	23.7000		224	776
2380	23.8000		224	776
2390	23.9000		227	773
2400	24.0000		223	777
2410	24.1000		235	765
2420	24.2000		243	757
2430	24.3000		232	768
2440	24.4000		232	768
2450	24.5000		234	766
2460	24.6000		249	751
2470	24.7000		242	758
2480	24.8000		230	770
2490	24.9000		225	775
2500	25.0000		240	760
2510	25.1000		243	757
2520	25.2000		247	753
2530	25.3000		263	737
2540	25.4000		267	733
2550	25.5000		254	746
2560	25.6000		242	758
2570	25.7000		233	767
2580	25.8000		245	755
2590	25.9000		240	760
2600	26.0000		254	746
2610	26.1000		271	729
2620	26.2000		273	727
2630	26.3000		266	734
2640	26.4000		255	745
2650	26.5000		264	736
2660	26.6000		259	741
2670	26.7000		265	735
2680	26.8000		251	749
2690	26.9000		240	760
2700	27.0000		236	764
2710	27.1000		242	758
2720	27.2000		239	761
2730	27.3000		234	766
2740	27.4000		228	772
2750	27.5000		250	750
2760	27.6000		243	757
2770	27.7000		245	755
2780	27.8000		247	753
2790	27.9000		243	757
2800	28.0000		259	741
2810	28.1000		280	720
2820	28.2000		276	724
2830	28.3000		267	733
2840	28.4000		253	747
2850	28.5000		247	753
2860	28.6000		264	736
2870	28.7000		242	758
2880	28.8000		241	759
2890	28.9000		234	766
2900	29.0000		247	753
2910	29.1000		264	736
2920	29.2000		249	751
2930	29.3000		238	762
2940	29.4000		228	772
2950	29.5000		234	766
2960	29.6000		224	776
2970	29.7000		232	768
2980	29.8000		252	748
2990	29.9000		247	753
3000	30.0000		247	753
3010	30.1000		249	751
3020	30.2000		278	722
3030	30.3000		261	739
3040	30.4000		255	745
3050	30.5000		260	740
3060	30.6000		277	723
3070	30.7000		270	730
3080	30.8000		258	742
3090	30.9000		257	743
3100	31.0000		240	760
3110	31.1000		243	757
3120	31.2000		240	760
3130	31.3000		253	747
3140	31.4000		255	745
3150	31.5000		253	747
3160	31.6000		254	746
3170	31.7000		268	732
3180	31.8000		257	743
3190	31.9000		272	728
3200	32.0000		259	741
3210	32.1000		253	747
3220	32.2000		271	729
3230	32.3000		258	742
3240	32.4000		244	756
3250	32.5000		253	747
3260	32.6000		263	737
3270	32.7000		266	734
3280	32.8000		259	741
3290	32.9000		238	762
3300	33.0000		238	762
3310	33.1000		240	760
3320	33.2000		229	771
3330	33.3000		228	772
3340	33.4000		244	756
3350	33.5000		248	752
3360	33.6000		262	738
3370	33.7000		265	735
3380	33.8000		267	733
3390	33.9000		273	727
3400	34.0000		276	724
3410	34.1000		277	723
3420	34.2000		257	743
3430	34.3000		242	758
3440	34.4000		240	760
3450	34.5000		229	771
3460	34.6000		241	759
3470	34.7000		235	765
3480	34.8000		242	758
3490	34.9000		226	774
3500	35.0000		206	794
3510	35.1000		203	797
3520	35.2000		196	804
3530	35.3000		210	790
3540	35.4000		228	772
3550	35.5000		230	770
3560	35.6000		243	757
3570	35.7000		242	758
3580	35.8000		260	740
3590	35.9000		264	736
3600	36.0000		228	772
3610	36.1000		239	761
3620	36.2000		240	760
3630	36.3000		238	762
3640	36.4000		231	769
3650	36.5000		242	758
3660	36.6000		228	772
3670	36.7000		224	776
3680	36.8000		232	768
3690	36.9000		233	767
3700	37.0000		230	770
3710	37.1000		222	778
3720	37.2000		237	763
3730	37.3000		240	760
3740	37.4000		228	772
3750	37.5000		242	758
3760	37.6000		246	754
3770	37.7000		239	761
3780	37.8000		248	752
3790	37.9000		256	744
3800	38.0000		264	736
3810	38.1000		262	738
3820	38.2000		270	730
3830	38.3000		273	727
3840	38.4000		273	727
3850	38.5000		279	721
3860	38.6000		256	744
3870	38.7000		262	738
3880	38.8000		258	742
3890	38.9000		264	736
3900	39.0000		262	738
3910	39.1000		253	747
3920	39.2000		247	753
3930	39.3000		243	757
3940	39.4000		250	750
3950	39.5000		242	758
3960	39.6000		251	749
3970	39.7000		260	740
3980	39.8000		247	753
3990	39.9000		243	757
4000	40.0000		230	770
4010	40.1000		231	769
4020	40.2000		253	747
4030	40.3000		254	746
4040	40.4000		244	756
4050	40.5000		253	747
4060	40.6000		236	764
4070	40.7000		258	742
4080	40.8000		276	724
4090	40.9000		265	735
4100	41.0000		273	727
4110	41.1000		263	737
4120	41.2000		257	743
4130	41.3000		249	751
4140	41.4000		265	735
4150	41.5000		268	732
4160	41.6000		265	735
4170	41.7000		276	724
4180	41.8000		255	745
4190	41.9000		262	738
4200	42.0000		271	729
4210	42.1000		286	714
4220	42.2000		293	707
4230	42.3000		287	713
4240	42.4000		272	728
4250	42.5000		274	726
4260	42.6000		252	748
4270	42.7000		238	762
4280	42.8000		251	749
4290	42.9000		251	749
4300	43.0000		246	754
4310	43.1000		231	769
4320	43.2000		243	757
4330	43.3000		257	743
4340	43.4000		246	754
4350	43.5000		232	768
4360	43.6000		245	755
4370	43.7000		246	754
4380	43.8000		242	758
4390	43.9000		251	749
4400	44.0000		240	760
4410	44.1000		251	749
4420	44.2000		254	746
4430	44.3000		263	737
4440	44.4000		269	731
4450	44.5000		294	706
4460	44.6000		302	698
4470	44.7000		310	690
4480	44.8000		281	719
4490	44.9000		262	738
4500	45.0000		255	745
4510	45.1000		252	748
4520	45.2000		246	754
4530	45.3000		244	756
4540	45.4000		252	748
4550	45.5000		253	747
4560	45.6000		253	747
4570	45.7000		256	744
4580	45.8000		249	751
4590	45.9000		268	732
4600	46.0000		259	741
4610	46.1000		269	731
4620	46.2000		268	732
4630	46.3000		268	732
4640	46.4000		248	752
4650	46.5000		245	755
4660	46.6000		246	754
4670	46.7000		258	742
4680	46.8000		265	735
4690	46.9000		261	739
4700	47.0000		252	748
4710	47.1000		241	759
4720	47.2000		230	770
4730	47.3000		221	779
4740	47.4000		260	740
4750	47.5000		259	741
4760	47.6000		258	742
4770	47.7000		266	734
4780	47.8000		266	734
4790	47.9000		278	722
4800	48.0000		266	734
4810	48.1000		261	739
4820	48.2000		261	739
4830	48.3000		268	732
4840	48.4000		254	746
4850	48.5000		261	739
4860	48.6000		280	720
4870	48.7000		262	738
4880	48.8000		246	754
4890	48.9000		241	759
4900	49.0000		233	767
4910	49.1000		227	773
4920	49.2000		228	772
4930	49.3000		232	768
4940	49.4000		226	774
4950	49.5000		234	766
4960	49.6000		236	764
4970	49.7000		228	772
4980	49.8000		236	764
4990	49.9000		228	772
5000	50.0000		233	767
5010	50.1000		248	752
5020	50.2000		242	758
5030	50.3000		235	765
5040	50.4000		251	749
5050	50.5000		256	744
5060	50.6000		250	750
5070	50.7000		251	749
5080	50.8000		241	759
5090	50.9000		250	750
5100	51.0000		251	749
5110	51.1000		252	748
5120	51.2000		248	752
5130	51.3000		247	753
5140	51.4000		248	752
5150	51.5000		245	755
5160	51.6000		251	749
5170	51.7000		257	743
5180	51.8000		275	725
5190	51.9000		276	724
5200	52.0000		283	717
5210	52.1000		283	717
5220	52.2000		283	717
5230	52.3000		261	739
5240	52.4000		247	753
5250	52.5000		261	739
5260	52.6000		273	727
5270	52.7000		269	731
5280	52.8000		239	761
5290	52.9000		240	760
5300	53.0000		234	766
5310	53.1000		222	778
5320	53.2000		220	780
5330	53.3000		238	762
5340	53.4000		241	759
5350	53.5000		228	772
5360	53.6000		234	766
5370	53.7000		239	761
5380	53.8000		253	747
5390	53.9000		247	753
5400	54.0000		242	758
5410	54.1000		237	763
5420	54.2000		242	758
5430	54.3000		241	759
5440	54.4000		239	761
5450	54.5000		222	778
5460	54.6000		220	780
5470	54.7000		245	755
5480	54.8000		254	746
5490	54.9000		252	748
5500	55.0000		256	744
5510	55.1000		251	749
5520	55.2000		245	755
5530	55.3000		236	764
5540	55.4000		222	778
5550	55.5000		206	794
5560	55.6000		214	786
5570	55.7000		215	785
5580	55.8000		232	768
5590	55.9000		235	765
5600	56.0000		223	777
5610	56.1000		230	770
5620	56.2000		232	768
5630	56.3000		227	773
5640	56.4000		223	777
5650	56.5000		241	759
5660	56.6000		246	754
5670	56.7000		238	762
5680	56.8000		240	760
5690	56.9000		227	773
5700	57.0000		215	785
5710	57.1000		220	780
5720	57.2000		231	769
5730	57.3000		223	777
5740	57.4000		219	781
5750	57.5000		225	775
5760	57.6000		240	760
5770	57.7000		238	762
5780	57.8000		252	748
5790	57.9000		260	740
5800	58.0000		266	734
5810	58.1000		249	751
5820	58.2000		247	753
5830	58.3000		252	748
5840	58.4000		259	741
5850	58.5000		254	746
5860	58.6000		247	753
5870	58.7000		250	750
5880	58.8000		249	751
5890	58.9000		249	751
5900	59.0000		242	758
5910	59.1000		248	752
5920	59.2000		245	755
5930	59.3000		255	745
5940	59.4000		239	761
5950	59.5000		256	744
5960	59.6000		245	755
5970	59.7000		243	757
5980	59.8000		238	762
5990	59.9000		215	785
6000	60.0000		217	783
6010	60.1000		235	765
6020	60.2000		227	773
6030	60.3000		234	766
6040	60.4000		236	764
6050	60.5000		257	743
6060	60.6000		252	748
6070	60.7000		250	750
6080	60.8000		248	752
6090	60.9000		236	764
6100	61.0000		237	763
6110	61.1000		222	778
6120	61.2000		246	754
6130	61.3000		247	753
6140	61.4000		261	739
6150	61.5000		252	748
6160	61.6000		236	764
6170	61.7000		245	755
6180	61.8000		245	755
6190	61.9000		260	740
6200	62.0000		269	731
6210	62.1000		245	755
6220	62.2000		249	751
6230	62.3000		255	745
6240	62.4000		241	759
6250	62.5000		226	774
6260	62.6000		230	770
6270	62.7000		241	759
6280	62.8000		238	762
6290	62.9000		236	764
6300	63.0000		237	763
6310	63.1000		245	755
6320	63.2000		243	757
6330	63.3000		256	744
6340	63.4000		255	745
6350	63.5000		246	754
6360	63.6000		224	776
6370	63.7000		215	785
6380	63.8000		245	755
6390	63.9000		235	765
6400	64.0000		253	747
6410	64.1000		259	741
6420	64.2000		248	752
6430	64.3000		259	741
6440	64.4000		242	758
6450	64.5000		242	758
6460	64.6000		224	776
6470	64.7000		230	770
6480	64.8000		224	776
6490	64.9000		235	765
6500	65.0000		239	761
6510	65.1000		241	759
6520	65.2000		246	754
6530	65.3000		248	752
6540	65.4000		250	750
6550	65.5000		244	756
6560	65.6000		228	772
6570	65.7000		217	783
6580	65.8000		235	765
6590	65.9000		240	760
6600	66.0000		243	757
6610	66.1000		244	756
6620	66.2000		234	766
6630	66.3000		228	772
6640	66.4000		237	763
6650	66.5000		236	764
6660	66.6000		237	763
6670	66.7000		231	769
6680	66.8000		220	780
6690	66.9000		231	769
6700	67.0000		229	771
6710	67.1000		234	766
6720	67.2000		246	754
6730	67.3000		222	778
6740	67.4000		233	767
6750	67.5000		238	762
6760	67.6000		239	761
6770	67.7000		246	754
6780	67.8000		229	771
6790	67.9000		253	747
6800	68.0000		268	732
6810	68.1000		271	729
6820	68.2000		290	710
6830	68.3000		268	732
6840	68.4000		265	735
6850	68.5000		266	734
6860	68.6000		242	758
6870	68.7000		244	756
6880	68.8000		243	757
6890	68.9000		245	755
6900	69.0000		240	760
6910	69.1000		248	752
6920	69.2000		235	765
6930	69.3000		242	758
6940	69.4000		248	752
6950	69.5000		238	762
6960	69.6000		235	765
6970	69.7000		250	750
6980	69.8000		246	754
6990	69.9000		264	736
7000	70.0000		260	740
7010	70.1000		246	754
7020	70.2000		252	748
7030	70.3000		256	744
7040	70.4000		246	754
7050	70.5000		242	758
7060	70.6000		248	752
7070	70.7000		244	756
7080	70.8000		239	761
7090	70.9000		248	752
7100	71.0000		238	762
7110	71.1000		256	744
7120	71.2000		256	744
7130	71.3000		258	742
7140	71.4000		256	744
7150	71.5000		253	747
7160	71.6000		261	739
7170	71.7000		255	745
7180	71.8000		241	759
7190	71.9000		252	748
7200	72.0000		255	745
7210	72.1000		247	753
7220	72.2000		259	741
7230	72.3000		262	738
7240	72.4000		258	742
7250	72.5000		252	748
7260	72.6000		261	739
7270	72.7000		270	730
7280	72.8000		271	729
7290	72.9000		261	739
7300	73.0000		253	747
7310	73.1000		247	753
7320	73.2000		232	768
7330	73.3000		237	763
7340	73.4000		248	752
7350	73.5000		252	748
7360	73.6000		257	743
7370	73.7000		265	735
7380	73.8000		274	726
7390	73.9000		270	730
7400	74.0000		254	746
7410	74.1000		264	736
7420	74.2000		254	746
7430	74.3000		228	772
7440	74.4000		223	777
7450	74.5000		208	792
7460	74.6000		214	786
7470	74.7000		229	771
7480	74.8000		242	758
7490	74.9000		255	745
7500	75.0000		259	741
7510	75.1000		251	749
7520	75.2000		236	764
7530	75.3000		225	775
7540	75.4000		234	766
7550	75.5000		214	786
7560	75.6000		221	779
7570	75.7000		243	757
7580	75.8000		236	764
7590	75.9000		244	756
7600	76.0000		239	761
7610	76.1000		230	770
7620	76.2000		232	768
7630	76.3000		239	761
7640	76.4000		246	754
7650	76.5000		233	767
7660	76.6000		250	750
7670	76.7000		255	745
7680	76.8000		250	750
7690	76.9000		249	751
7700	77.0000		259	741
7710	77.1000		274	726
7720	77.2000		259	741
7730	77.3000		252	748
7740	77.4000		250	750
7750	77.5000		253	747
7760	77.6000		259	741
7770	77.7000		248	752
7780	77.8000		245	755
7790	77.9000		238	762
7800	78.0000		241	759
7810	78.1000		234	766
7820	78.2000		259	741
7830	78.3000		252	748
7840	78.4000		250	750
7850	78.5000		254	746
7860	78.6000		256	744
7870	78.7000		253	747
7880	78.8000		255	745
7890	78.9000		255	745
7900	79.0000		246	754
7910	79.1000		237	763
7920	79.2000		246	754
7930	79.3000		241	759
7940	79.4000		228	772
7950	79.5000		236	764
7960	79.6000		251	749
7970	79.7000		246	754
7980	79.8000		231	769
7990	79.9000		226	774
8000	80.0000		214	786
8010	80.1000		205	795
8020	80.2000		226	774
8030	80.3000		234	766
8040	80.4000		243	757
8050	80.5000		235	765
8060	80.6000		246	754
8070	80.7000		247	753
8080	80.8000		251	749
8090	80.9000		250	750
8100	81.0000		246	754
8110	81.1000		238	762
8120	81.2000		236	764
8130	81.3000		244	756
8140	81.4000		234	766
8150	81.5000		227	773
8160	81.6000		235	765
8170	81.7000		219	781
8180	81.8000		215	785
8190	81.9000		223	777
8200	82.0000		235	765
8210	82.1000		235	765
8220	82.2000		239	761
8230	82.3000		228	772
8240	82.4000		225	775
8250	82.5000		233	767
8260	82.6000		259	741
8270	82.7000		253	747
8280	82.8000		234	766
8290	82.9000		226	774
8300	83.0000		230	770
8310	83.1000		246	754
8320	83.2000		238	762
8330	83.3000		230	770
8340	83.4000		238	762
8350	83.5000		242	758
8360	83.6000		226	774
8370	83.7000		239	761
8380	83.8000		230	770
8390	83.9000		233	767
8400	84.0000		228	772
8410	84.1000		235	765
8420	84.2000		219	781
8430	84.3000		236	764
8440	84.4000		245	755
8450	84.5000		228	772
8460	84.6000		233	767
8470	84.7000		240	760
8480	84.8000		232	768
8490	84.9000		239	761
8500	85.0000		242	758
8510	85.1000		253	747
8520	85.2000		242	758
8530	85.3000		252	748
8540	85.4000		255	745
8550	85.5000		244	756
8560	85.6000		242	758
8570	85.7000		225	775
8580	85.8000		223	777
8590	85.9000		219	781
8600	86.0000		208	792
8610	86.1000		228	772
8620	86.2000		243	757
8630	86.3000		241	759
8640	86.4000		248	752
8650	86.5000		242	758
8660	86.6000		244	756
8670	86.7000		253	747
8680	86.8000		253	747
8690	86.9000		253	747
8700	87.0000		239	761
8710	87.1000		252	748
8720	87.2000		246	754
8730	87.3000		263	737
8740	87.4000		274	726
8750	87.5000		252	748
8760	87.6000		237	763
8770	87.7000		243	757
8780	87.8000		263	737
8790	87.9000		279	721
8800	88.0000		267	733
8810	88.1000		265	735
8820	88.2000		258	742
8830	88.3000		243	757
8840	88.4000		244	756
8850	88.5000		234	766
8860	88.6000		226	774
8870	88.7000		228	772
8880	88.8000		234	766
8890	88.9000		228	772
8900	89.0000		235	765
8910	89.1000		253	747
8920	89.2000		252	748
8930	89.3000		257	743
8940	89.4000		259	741
8950	89.5000		235	765
8960	89.6000		245	755
8970	89.7000		251	749
8980	89.8000		245	755
8990	89.9000		244	756
9000	90.0000		246	754
9010	90.1000		250	750
9020	90.2000		252	748
9030	90.3000		250	750
9040	90.4000		253	747
9050	90.5000		257	743
9060	90.6000		253	747
9070	90.7000		258	742
9080	90.8000		266	734
9090	90.9000		258	742
9100	91.0000		259	741
9110	91.1000		248	752
9120	91.2000		256	744
9130	91.3000		278	722
9140	91.4000		285	715
9150	91.5000		278	722
9160	91.6000		284	716
9170	91.7000		260	740
9180	91.8000		258	742
9190	91.9000		254	746
9200	92.0000		246	754
9210	92.1000		252	748
9220	92.2000		265	735
9230	92.3000		269	731
9240	92.4000		264	736
9250	92.5000		257	743
9260	92.6000		252	748
9270	92.7000		264	736
9280	92.8000		249	751
9290	92.9000		252	748
9300	93.0000		243	757
9310	93.1000		240	760
9320	93.2000		230	770
9330	93.3000		227	773
9340	93.4000		229	771
9350	93.5000		236	764
9360	93.6000		244	756
9370	93.7000		243	757
9380	93.8000		245	755
9390	93.9000		242	758
9400	94.0000		240	760
9410	94.1000		234	766
9420	94.2000		234	766
9430	94.3000		250	750
9440	94.4000		249	751
9450	94.5000		240	760
9460	94.6000		234	766
9470	94.7000		225	775
9480	94.8000		246	754
9490	94.9000		249	751
9500	95.0000		267	733
9510	95.1000		270	730
9520	95.2000		279	721
9530	95.3000		260	740
9540	95.4000		250	750
9550	95.5000		240	760
9560	95.6000		229	771
9570	95.7000		255	745
9580	95.8000		252	748
9590	95.9000		249	751
9600	96.0000		244	756
9610	96.1000		252	748
9620	96.2000		231	769
9630	96.3000		220	780
9640	96.4000		226	774
9650	96.5000		236	764
9660	96.6000		232	768
9670	96.7000		244	756
9680	96.8000		239	761
9690	96.9000		231	769
9700	97.0000		242	758
9710	97.1000		257	743
9720	97.2000		258	742
9730	97.3000		251	749
9740	97.4000		256	744
9750	97.5000		258	742
9760	97.6000		248	752
9770	97.7000		241	759
9780	97.8000		241	759
9790	97.9000		231	769
9800	98.0000		229	771
9810	98.1000		234	766
9820	98.2000		218	782
9830	98.3000		217	783
9840	98.4000		215	785
9850	98.5000		211	789
9860	98.6000		239	761
9870	98.7000		238	762
9880	98.8000		239	761
9890	98.9000		248	752
9900	99.0000		231	769
9910	99.1000		223	777
9920	99.2000		226	774
9930	99.3000		224	776
9940	99.4000		248	752
9950	99.5000		261	739
9960	99.6000		252	748
9970	99.7000		233	767
9980	99.8000		231	769
9990	99.9000		246	754
10000	100.0000		254	746
# Simulation completed.
