# Creating system...
# System created with N=1000 particles

# Initial state:
# Susceptibles: 999, Infected: 1

# Starting simulation...
# Step	Time		S	I
0	0.0000		999	1
10	0.1000		999	1
20	0.2000		999	1
30	0.3000		999	1
40	0.4000		997	3
50	0.5000		995	5
60	0.6000		994	6
70	0.7000		991	9
80	0.8000		989	11
90	0.9000		990	10
100	1.0000		987	13
110	1.1000		988	12
120	1.2000		988	12
130	1.3000		987	13
140	1.4000		985	15
150	1.5000		983	17
160	1.6000		978	22
170	1.7000		974	26
180	1.8000		971	29
190	1.9000		967	33
200	2.0000		969	31
210	2.1000		964	36
220	2.2000		963	37
230	2.3000		955	45
240	2.4000		953	47
250	2.5000		944	56
260	2.6000		933	67
270	2.7000		930	70
280	2.8000		924	76
290	2.9000		910	90
300	3.0000		895	105
310	3.1000		890	110
320	3.2000		886	114
330	3.3000		883	117
340	3.4000		884	116
350	3.5000		873	127
360	3.6000		860	140
370	3.7000		853	147
380	3.8000		849	151
390	3.9000		840	160
400	4.0000		826	174
410	4.1000		820	180
420	4.2000		803	197
430	4.3000		806	194
440	4.4000		795	205
450	4.5000		782	218
460	4.6000		779	221
470	4.7000		772	228
480	4.8000		755	245
490	4.9000		744	256
500	5.0000		717	283
510	5.1000		717	283
520	5.2000		700	300
530	5.3000		682	318
540	5.4000		678	322
550	5.5000		667	333
560	5.6000		640	360
570	5.7000		641	359
580	5.8000		625	375
590	5.9000		611	389
600	6.0000		598	402
610	6.1000		592	408
620	6.2000		587	413
630	6.3000		573	427
640	6.4000		554	446
650	6.5000		543	457
660	6.6000		515	485
670	6.7000		506	494
680	6.8000		480	520
690	6.9000		452	548
700	7.0000		435	565
710	7.1000		424	576
720	7.2000		397	603
730	7.3000		387	613
740	7.4000		363	637
750	7.5000		350	650
760	7.6000		332	668
770	7.7000		322	678
780	7.8000		321	679
790	7.9000		310	690
800	8.0000		293	707
810	8.1000		283	717
820	8.2000		276	724
830	8.3000		273	727
840	8.4000		256	744
850	8.5000		253	747
860	8.6000		247	753
870	8.7000		253	747
880	8.8000		221	779
890	8.9000		229	771
900	9.0000		231	769
910	9.1000		240	760
920	9.2000		251	749
930	9.3000		241	759
940	9.4000		227	773
950	9.5000		240	760
960	9.6000		231	769
970	9.7000		244	756
980	9.8000		255	745
990	9.9000		265	735
1000	10.0000		263	737
1010	10.1000		276	724
1020	10.2000		297	703
1030	10.3000		290	710
1040	10.4000		280	720
1050	10.5000		263	737
1060	10.6000		265	735
1070	10.7000		259	741
1080	10.8000		249	751
1090	10.9000		246	754
1100	11.0000		271	729
1110	11.1000		276	724
1120	11.2000		261	739
1130	11.3000		244	756
1140	11.4000		245	755
1150	11.5000		261	739
1160	11.6000		271	729
1170	11.7000		260	740
1180	11.8000		257	743
1190	11.9000		250	750
1200	12.0000		240	760
1210	12.1000		238	762
1220	12.2000		245	755
1230	12.3000		237	763
1240	12.4000		238	762
1250	12.5000		269	731
1260	12.6000		273	727
1270	12.7000		264	736
1280	12.8000		272	728
1290	12.9000		261	739
1300	13.0000		276	724
1310	13.1000		261	739
1320	13.2000		243	757
1330	13.3000		237	763
1340	13.4000		248	752
1350	13.5000		240	760
1360	13.6000		237	763
1370	13.7000		231	769
1380	13.8000		240	760
1390	13.9000		240	760
1400	14.0000		235	765
1410	14.1000		252	748
1420	14.2000		263	737
1430	14.3000		251	749
1440	14.4000		251	749
1450	14.5000		247	753
1460	14.6000		256	744
1470	14.7000		257	743
1480	14.8000		242	758
1490	14.9000		246	754
1500	15.0000		244	756
1510	15.1000		243	757
1520	15.2000		249	751
1530	15.3000		260	740
1540	15.4000		248	752
1550	15.5000		244	756
1560	15.6000		257	743
1570	15.7000		253	747
1580	15.8000		242	758
1590	15.9000		231	769
1600	16.0000		227	773
1610	16.1000		244	756
1620	16.2000		240	760
1630	16.3000		237	763
1640	16.4000		246	754
1650	16.5000		245	755
1660	16.6000		248	752
1670	16.7000		232	768
1680	16.8000		244	756
1690	16.9000		261	739
1700	17.0000		257	743
1710	17.1000		239	761
1720	17.2000		230	770
1730	17.3000		264	736
1740	17.4000		258	742
1750	17.5000		242	758
1760	17.6000		244	756
1770	17.7000		236	764
1780	17.8000		237	763
1790	17.9000		235	765
1800	18.0000		241	759
1810	18.1000		242	758
1820	18.2000		236	764
1830	18.3000		251	749
1840	18.4000		264	736
1850	18.5000		261	739
1860	18.6000		257	743
1870	18.7000		264	736
1880	18.8000		256	744
1890	18.9000		264	736
1900	19.0000		261	739
1910	19.1000		244	756
1920	19.2000		225	775
1930	19.3000		237	763
1940	19.4000		239	761
1950	19.5000		231	769
1960	19.6000		244	756
1970	19.7000		259	741
1980	19.8000		254	746
1990	19.9000		249	751
2000	20.0000		237	763
2010	20.1000		256	744
2020	20.2000		245	755
2030	20.3000		243	757
2040	20.4000		233	767
2050	20.5000		245	755
2060	20.6000		238	762
2070	20.7000		239	761
2080	20.8000		258	742
2090	20.9000		263	737
2100	21.0000		244	756
2110	21.1000		241	759
2120	21.2000		236	764
2130	21.3000		251	749
2140	21.4000		252	748
2150	21.5000		254	746
2160	21.6000		246	754
2170	21.7000		249	751
2180	21.8000		232	768
2190	21.9000		244	756
2200	22.0000		243	757
2210	22.1000		239	761
2220	22.2000		226	774
2230	22.3000		231	769
2240	22.4000		243	757
2250	22.5000		237	763
2260	22.6000		242	758
2270	22.7000		247	753
2280	22.8000		245	755
2290	22.9000		247	753
2300	23.0000		266	734
2310	23.1000		269	731
2320	23.2000		245	755
2330	23.3000		247	753
2340	23.4000		238	762
2350	23.5000		232	768
2360	23.6000		243	757
2370	23.7000		239	761
2380	23.8000		243	757
2390	23.9000		240	760
2400	24.0000		252	748
2410	24.1000		257	743
2420	24.2000		267	733
2430	24.3000		257	743
2440	24.4000		251	749
2450	24.5000		256	744
2460	24.6000		243	757
2470	24.7000		250	750
2480	24.8000		268	732
2490	24.9000		277	723
2500	25.0000		264	736
2510	25.1000		262	738
2520	25.2000		259	741
2530	25.3000		262	738
2540	25.4000		264	736
2550	25.5000		261	739
2560	25.6000		243	757
2570	25.7000		243	757
2580	25.8000		230	770
2590	25.9000		223	777
2600	26.0000		227	773
2610	26.1000		234	766
2620	26.2000		258	742
2630	26.3000		262	738
2640	26.4000		252	748
2650	26.5000		250	750
2660	26.6000		247	753
2670	26.7000		249	751
2680	26.8000		247	753
2690	26.9000		250	750
2700	27.0000		230	770
2710	27.1000		245	755
2720	27.2000		263	737
2730	27.3000		240	760
2740	27.4000		228	772
2750	27.5000		238	762
2760	27.6000		249	751
2770	27.7000		245	755
2780	27.8000		230	770
2790	27.9000		229	771
2800	28.0000		243	757
2810	28.1000		245	755
2820	28.2000		245	755
2830	28.3000		250	750
2840	28.4000		246	754
2850	28.5000		232	768
2860	28.6000		245	755
2870	28.7000		240	760
2880	28.8000		248	752
2890	28.9000		242	758
2900	29.0000		259	741
2910	29.1000		266	734
2920	29.2000		261	739
2930	29.3000		246	754
2940	29.4000		259	741
2950	29.5000		265	735
2960	29.6000		256	744
2970	29.7000		252	748
2980	29.8000		236	764
2990	29.9000		234	766
3000	30.0000		232	768
3010	30.1000		242	758
3020	30.2000		227	773
3030	30.3000		227	773
3040	30.4000		235	765
3050	30.5000		251	749
3060	30.6000		261	739
3070	30.7000		264	736
3080	30.8000		264	736
3090	30.9000		259	741
3100	31.0000		247	753
3110	31.1000		249	751
3120	31.2000		268	732
3130	31.3000		254	746
3140	31.4000		251	749
3150	31.5000		260	740
3160	31.6000		261	739
3170	31.7000		264	736
3180	31.8000		266	734
3190	31.9000		255	745
3200	32.0000		255	745
3210	32.1000		276	724
3220	32.2000		268	732
3230	32.3000		260	740
3240	32.4000		234	766
3250	32.5000		234	766
3260	32.6000		240	760
3270	32.7000		238	762
3280	32.8000		239	761
3290	32.9000		238	762
3300	33.0000		266	734
3310	33.1000		267	733
3320	33.2000		273	727
3330	33.3000		286	714
3340	33.4000		278	722
3350	33.5000		258	742
3360	33.6000		249	751
3370	33.7000		248	752
3380	33.8000		245	755
3390	33.9000		241	759
3400	34.0000		246	754
3410	34.1000		244	756
3420	34.2000		251	749
3430	34.3000		267	733
3440	34.4000		260	740
3450	34.5000		259	741
3460	34.6000		259	741
3470	34.7000		283	717
3480	34.8000		274	726
3490	34.9000		273	727
3500	35.0000		289	711
3510	35.1000		289	711
3520	35.2000		254	746
3530	35.3000		261	739
3540	35.4000		263	737
3550	35.5000		279	721
3560	35.6000		246	754
3570	35.7000		233	767
3580	35.8000		235	765
3590	35.9000		245	755
3600	36.0000		265	735
3610	36.1000		270	730
3620	36.2000		256	744
3630	36.3000		262	738
3640	36.4000		266	734
3650	36.5000		265	735
3660	36.6000		247	753
3670	36.7000		243	757
3680	36.8000		247	753
3690	36.9000		249	751
3700	37.0000		272	728
3710	37.1000		268	732
3720	37.2000		275	725
3730	37.3000		264	736
3740	37.4000		263	737
3750	37.5000		271	729
3760	37.6000		284	716
3770	37.7000		268	732
3780	37.8000		252	748
3790	37.9000		262	738
3800	38.0000		262	738
3810	38.1000		268	732
3820	38.2000		257	743
3830	38.3000		252	748
3840	38.4000		245	755
3850	38.5000		249	751
3860	38.6000		249	751
3870	38.7000		252	748
3880	38.8000		260	740
3890	38.9000		272	728
3900	39.0000		276	724
3910	39.1000		272	728
3920	39.2000		262	738
3930	39.3000		236	764
3940	39.4000		256	744
3950	39.5000		259	741
3960	39.6000		241	759
3970	39.7000		234	766
3980	39.8000		255	745
3990	39.9000		235	765
4000	40.0000		243	757
4010	40.1000		234	766
4020	40.2000		240	760
4030	40.3000		256	744
4040	40.4000		241	759
4050	40.5000		259	741
4060	40.6000		254	746
4070	40.7000		239	761
4080	40.8000		256	744
4090	40.9000		254	746
4100	41.0000		241	759
4110	41.1000		244	756
4120	41.2000		234	766
4130	41.3000		239	761
4140	41.4000		234	766
4150	41.5000		232	768
4160	41.6000		238	762
4170	41.7000		229	771
4180	41.8000		233	767
4190	41.9000		246	754
4200	42.0000		244	756
4210	42.1000		245	755
4220	42.2000		247	753
4230	42.3000		250	750
4240	42.4000		232	768
4250	42.5000		245	755
4260	42.6000		266	734
4270	42.7000		250	750
4280	42.8000		251	749
4290	42.9000		236	764
4300	43.0000		240	760
4310	43.1000		244	756
4320	43.2000		235	765
4330	43.3000		245	755
4340	43.4000		251	749
4350	43.5000		239	761
4360	43.6000		228	772
4370	43.7000		246	754
4380	43.8000		235	765
4390	43.9000		245	755
4400	44.0000		249	751
4410	44.1000		244	756
4420	44.2000		253	747
4430	44.3000		235	765
4440	44.4000		224	776
4450	44.5000		227	773
4460	44.6000		228	772
4470	44.7000		239	761
4480	44.8000		235	765
4490	44.9000		225	775
4500	45.0000		225	775
4510	45.1000		224	776
4520	45.2000		240	760
4530	45.3000		237	763
4540	45.4000		247	753
4550	45.5000		251	749
4560	45.6000		237	763
4570	45.7000		236	764
4580	45.8000		227	773
4590	45.9000		211	789
4600	46.0000		229	771
4610	46.1000		231	769
4620	46.2000		233	767
4630	46.3000		222	778
4640	46.4000		233	767
4650	46.5000		239	761
4660	46.6000		239	761
4670	46.7000		239	761
4680	46.8000		241	759
4690	46.9000		233	767
4700	47.0000		228	772
4710	47.1000		226	774
4720	47.2000		234	766
4730	47.3000		236	764
4740	47.4000		245	755
4750	47.5000		251	749
4760	47.6000		257	743
4770	47.7000		267	733
4780	47.8000		264	736
4790	47.9000		248	752
4800	48.0000		244	756
4810	48.1000		255	745
4820	48.2000		236	764
4830	48.3000		224	776
4840	48.4000		248	752
4850	48.5000		232	768
4860	48.6000		249	751
4870	48.7000		227	773
4880	48.8000		230	770
4890	48.9000		231	769
4900	49.0000		220	780
4910	49.1000		210	790
4920	49.2000		209	791
4930	49.3000		218	782
4940	49.4000		215	785
4950	49.5000		223	777
4960	49.6000		217	783
4970	49.7000		228	772
4980	49.8000		234	766
4990	49.9000		240	760
5000	50.0000		250	750
5010	50.1000		271	729
5020	50.2000		275	725
5030	50.3000		264	736
5040	50.4000		265	735
5050	50.5000		264	736
5060	50.6000		278	722
5070	50.7000		265	735
5080	50.8000		268	732
5090	50.9000		263	737
5100	51.0000		258	742
5110	51.1000		245	755
5120	51.2000		256	744
5130	51.3000		263	737
5140	51.4000		252	748
5150	51.5000		245	755
5160	51.6000		225	775
5170	51.7000		221	779
5180	51.8000		231	769
5190	51.9000		250	750
5200	52.0000		248	752
5210	52.1000		230	770
5220	52.2000		209	791
5230	52.3000		215	785
5240	52.4000		233	767
5250	52.5000		249	751
5260	52.6000		239	761
5270	52.7000		229	771
5280	52.8000		236	764
5290	52.9000		221	779
5300	53.0000		237	763
5310	53.1000		241	759
5320	53.2000		234	766
5330	53.3000		237	763
5340	53.4000		234	766
5350	53.5000		228	772
5360	53.6000		217	783
5370	53.7000		229	771
5380	53.8000		225	775
5390	53.9000		226	774
5400	54.0000		248	752
5410	54.1000		236	764
5420	54.2000		242	758
5430	54.3000		237	763
5440	54.4000		238	762
5450	54.5000		231	769
5460	54.6000		241	759
5470	54.7000		233	767
5480	54.8000		234	766
5490	54.9000		230	770
5500	55.0000		227	773
5510	55.1000		230	770
5520	55.2000		236	764
5530	55.3000		234	766
5540	55.4000		249	751
5550	55.5000		245	755
5560	55.6000		257	743
5570	55.7000		261	739
5580	55.8000		243	757
5590	55.9000		254	746
5600	56.0000		248	752
5610	56.1000		250	750
5620	56.2000		246	754
5630	56.3000		229	771
5640	56.4000		226	774
5650	56.5000		230	770
5660	56.6000		234	766
5670	56.7000		245	755
5680	56.8000		254	746
5690	56.9000		261	739
5700	57.0000		277	723
5710	57.1000		274	726
5720	57.2000		267	733
5730	57.3000		248	752
5740	57.4000		237	763
5750	57.5000		238	762
5760	57.6000		252	748
5770	57.7000		265	735
5780	57.8000		271	729
5790	57.9000		257	743
5800	58.0000		265	735
5810	58.1000		266	734
5820	58.2000		252	748
5830	58.3000		271	729
5840	58.4000		281	719
5850	58.5000		265	735
5860	58.6000		260	740
5870	58.7000		272	728
5880	58.8000		254	746
5890	58.9000		259	741
5900	59.0000		260	740
5910	59.1000		252	748
5920	59.2000		249	751
5930	59.3000		249	751
5940	59.4000		267	733
5950	59.5000		270	730
5960	59.6000		286	714
5970	59.7000		288	712
5980	59.8000		279	721
5990	59.9000		281	719
6000	60.0000		288	712
6010	60.1000		266	734
6020	60.2000		262	738
6030	60.3000		247	753
6040	60.4000		248	752
6050	60.5000		246	754
6060	60.6000		250	750
6070	60.7000		240	760
6080	60.8000		236	764
6090	60.9000		237	763
6100	61.0000		259	741
6110	61.1000		258	742
6120	61.2000		274	726
6130	61.3000		248	752
6140	61.4000		245	755
6150	61.5000		259	741
6160	61.6000		257	743
6170	61.7000		248	752
6180	61.8000		239	761
6190	61.9000		234	766
6200	62.0000		231	769
6210	62.1000		232	768
6220	62.2000		238	762
6230	62.3000		249	751
6240	62.4000		259	741
6250	62.5000		270	730
6260	62.6000		263	737
6270	62.7000		247	753
6280	62.8000		243	757
6290	62.9000		236	764
6300	63.0000		236	764
6310	63.1000		248	752
6320	63.2000		248	752
6330	63.3000		240	760
6340	63.4000		240	760
6350	63.5000		237	763
6360	63.6000		253	747
6370	63.7000		245	755
6380	63.8000		248	752
6390	63.9000		244	756
6400	64.0000		238	762
6410	64.1000		246	754
6420	64.2000		243	757
6430	64.3000		247	753
6440	64.4000		236	764
6450	64.5000		234	766
6460	64.6000		231	769
6470	64.7000		253	747
6480	64.8000		273	727
6490	64.9000		260	740
6500	65.0000		264	736
6510	65.1000		258	742
6520	65.2000		259	741
6530	65.3000		262	738
6540	65.4000		263	737
6550	65.5000		252	748
6560	65.6000		254	746
6570	65.7000		248	752
6580	65.8000		250	750
6590	65.9000		258	742
6600	66.0000		259	741
6610	66.1000		265	735
6620	66.2000		253	747
6630	66.3000		252	748
6640	66.4000		246	754
6650	66.5000		256	744
6660	66.6000		268	732
6670	66.7000		253	747
6680	66.8000		247	753
6690	66.9000		239	761
6700	67.0000		231	769
6710	67.1000		235	765
6720	67.2000		252	748
6730	67.3000		249	751
6740	67.4000		266	734
6750	67.5000		274	726
6760	67.6000		246	754
6770	67.7000		236	764
6780	67.8000		252	748
6790	67.9000		275	725
6800	68.0000		271	729
6810	68.1000		265	735
6820	68.2000		263	737
6830	68.3000		282	718
6840	68.4000		272	728
6850	68.5000		270	730
6860	68.6000		255	745
6870	68.7000		255	745
6880	68.8000		255	745
6890	68.9000		249	751
6900	69.0000		247	753
6910	69.1000		256	744
6920	69.2000		232	768
6930	69.3000		246	754
6940	69.4000		266	734
6950	69.5000		283	717
6960	69.6000		258	742
6970	69.7000		256	744
6980	69.8000		249	751
6990	69.9000		234	766
7000	70.0000		235	765
7010	70.1000		230	770
7020	70.2000		242	758
7030	70.3000		260	740
7040	70.4000		251	749
7050	70.5000		251	749
7060	70.6000		270	730
7070	70.7000		266	734
7080	70.8000		260	740
7090	70.9000		240	760
7100	71.0000		256	744
7110	71.1000		250	750
7120	71.2000		236	764
7130	71.3000		244	756
7140	71.4000		266	734
7150	71.5000		252	748
7160	71.6000		265	735
7170	71.7000		240	760
7180	71.8000		235	765
7190	71.9000		246	754
7200	72.0000		242	758
7210	72.1000		249	751
7220	72.2000		230	770
7230	72.3000		228	772
7240	72.4000		236	764
7250	72.5000		255	745
7260	72.6000		259	741
7270	72.7000		251	749
7280	72.8000		252	748
7290	72.9000		241	759
7300	73.0000		228	772
7310	73.1000		234	766
7320	73.2000		243	757
7330	73.3000		256	744
7340	73.4000		243	757
7350	73.5000		254	746
7360	73.6000		255	745
7370	73.7000		256	744
7380	73.8000		254	746
7390	73.9000		259	741
7400	74.0000		266	734
7410	74.1000		265	735
7420	74.2000		253	747
7430	74.3000		261	739
7440	74.4000		252	748
7450	74.5000		259	741
7460	74.6000		245	755
7470	74.7000		240	760
7480	74.8000		245	755
7490	74.9000		251	749
7500	75.0000		250	750
7510	75.1000		254	746
7520	75.2000		244	756
7530	75.3000		233	767
7540	75.4000		234	766
7550	75.5000		240	760
7560	75.6000		243	757
7570	75.7000		251	749
7580	75.8000		243	757
7590	75.9000		220	780
7600	76.0000		224	776
7610	76.1000		245	755
7620	76.2000		235	765
7630	76.3000		242	758
7640	76.4000		268	732
7650	76.5000		273	727
7660	76.6000		266	734
7670	76.7000		259	741
7680	76.8000		243	757
7690	76.9000		241	759
7700	77.0000		251	749
7710	77.1000		241	759
7720	77.2000		238	762
7730	77.3000		254	746
7740	77.4000		256	744
7750	77.5000		250	750
7760	77.6000		250	750
7770	77.7000		258	742
7780	77.8000		256	744
7790	77.9000		266	734
7800	78.0000		293	707
7810	78.1000		284	716
7820	78.2000		255	745
7830	78.3000		247	753
7840	78.4000		262	738
7850	78.5000		250	750
7860	78.6000		256	744
7870	78.7000		240	760
7880	78.8000		246	754
7890	78.9000		250	750
7900	79.0000		245	755
7910	79.1000		236	764
7920	79.2000		232	768
7930	79.3000		232	768
7940	79.4000		253	747
7950	79.5000		252	748
7960	79.6000		251	749
7970	79.7000		248	752
7980	79.8000		259	741
7990	79.9000		254	746
8000	80.0000		254	746
8010	80.1000		241	759
8020	80.2000		259	741
8030	80.3000		269	731
8040	80.4000		244	756
8050	80.5000		254	746
8060	80.6000		255	745
8070	80.7000		261	739
8080	80.8000		261	739
8090	80.9000		270	730
8100	81.0000		258	742
8110	81.1000		242	758
8120	81.2000		245	755
8130	81.3000		259	741
8140	81.4000		271	729
8150	81.5000		255	745
8160	81.6000		240	760
8170	81.7000		230	770
8180	81.8000		237	763
8190	81.9000		234	766
8200	82.0000		243	757
8210	82.1000		260	740
8220	82.2000		260	740
8230	82.3000		255	745
8240	82.4000		237	763
8250	82.5000		243	757
8260	82.6000		226	774
8270	82.7000		236	764
8280	82.8000		242	758
8290	82.9000		236	764
8300	83.0000		250	750
8310	83.1000		243	757
8320	83.2000		232	768
8330	83.3000		235	765
8340	83.4000		252	748
8350	83.5000		263	737
8360	83.6000		250	750
8370	83.7000		251	749
8380	83.8000		236	764
8390	83.9000		240	760
8400	84.0000		235	765
8410	84.1000		238	762
8420	84.2000		264	736
8430	84.3000		262	738
8440	84.4000		254	746
8450	84.5000		248	752
8460	84.6000		237	763
8470	84.7000		256	744
8480	84.8000		262	738
8490	84.9000		260	740
8500	85.0000		268	732
8510	85.1000		248	752
8520	85.2000		244	756
8530	85.3000		252	748
8540	85.4000		262	738
8550	85.5000		257	743
8560	85.6000		253	747
8570	85.7000		245	755
8580	85.8000		248	752
8590	85.9000		241	759
8600	86.0000		247	753
8610	86.1000		236	764
8620	86.2000		226	774
8630	86.3000		261	739
8640	86.4000		246	754
8650	86.5000		222	778
8660	86.6000		235	765
8670	86.7000		232	768
8680	86.8000		238	762
8690	86.9000		243	757
8700	87.0000		236	764
8710	87.1000		246	754
8720	87.2000		236	764
8730	87.3000		241	759
8740	87.4000		248	752
8750	87.5000		264	736
8760	87.6000		231	769
8770	87.7000		238	762
8780	87.8000		245	755
8790	87.9000		252	748
8800	88.0000		254	746
8810	88.1000		254	746
8820	88.2000		257	743
8830	88.3000		262	738
8840	88.4000		271	729
8850	88.5000		263	737
8860	88.6000		251	749
8870	88.7000		246	754
8880	88.8000		248	752
8890	88.9000		251	749
8900	89.0000		265	735
8910	89.1000		256	744
8920	89.2000		248	752
8930	89.3000		260	740
8940	89.4000		267	733
8950	89.5000		233	767
8960	89.6000		234	766
8970	89.7000		228	772
8980	89.8000		243	757
8990	89.9000		262	738
9000	90.0000		270	730
9010	90.1000		275	725
9020	90.2000		269	731
9030	90.3000		273	727
9040	90.4000		279	721
9050	90.5000		266	734
9060	90.6000		257	743
9070	90.7000		248	752
9080	90.8000		226	774
9090	90.9000		209	791
9100	91.0000		210	790
9110	91.1000		221	779
9120	91.2000		231	769
9130	91.3000		238	762
9140	91.4000		228	772
9150	91.5000		231	769
9160	91.6000		232	768
9170	91.7000		233	767
9180	91.8000		233	767
9190	91.9000		235	765
9200	92.0000		244	756
9210	92.1000		248	752
9220	92.2000		251	749
9230	92.3000		270	730
9240	92.4000		250	750
9250	92.5000		236	764
9260	92.6000		237	763
9270	92.7000		236	764
9280	92.8000		240	760
9290	92.9000		244	756
9300	93.0000		243	757
9310	93.1000		241	759
9320	93.2000		222	778
9330	93.3000		226	774
9340	93.4000		244	756
9350	93.5000		260	740
9360	93.6000		248	752
9370	93.7000		233	767
9380	93.8000		218	782
9390	93.9000		209	791
9400	94.0000		220	780
9410	94.1000		228	772
9420	94.2000		234	766
9430	94.3000		256	744
9440	94.4000		253	747
9450	94.5000		244	756
9460	94.6000		250	750
9470	94.7000		250	750
9480	94.8000		265	735
9490	94.9000		242	758
9500	95.0000		239	761
9510	95.1000		232	768
9520	95.2000		238	762
9530	95.3000		254	746
9540	95.4000		265	735
9550	95.5000		271	729
9560	95.6000		269	731
9570	95.7000		285	715
9580	95.8000		282	718
9590	95.9000		301	699
9600	96.0000		302	698
9610	96.1000		305	695
9620	96.2000		299	701
9630	96.3000		286	714
9640	96.4000		264	736
9650	96.5000		253	747
9660	96.6000		260	740
9670	96.7000		286	714
9680	96.8000		278	722
9690	96.9000		270	730
9700	97.0000		267	733
9710	97.1000		259	741
9720	97.2000		247	753
9730	97.3000		243	757
9740	97.4000		239	761
9750	97.5000		247	753
9760	97.6000		251	749
9770	97.7000		250	750
9780	97.8000		248	752
9790	97.9000		263	737
9800	98.0000		257	743
9810	98.1000		250	750
9820	98.2000		242	758
9830	98.3000		246	754
9840	98.4000		261	739
9850	98.5000		254	746
9860	98.6000		262	738
9870	98.7000		253	747
9880	98.8000		250	750
9890	98.9000		239	761
9900	99.0000		257	743
9910	99.1000		262	738
9920	99.2000		254	746
9930	99.3000		257	743
9940	99.4000		260	740
9950	99.5000		252	748
9960	99.6000		232	768
9970	99.7000		237	763
9980	99.8000		229	771
9990	99.9000		242	758
10000	100.0000		251	749
# Simulation completed.
