# Creating system...
# System created with N=1000 particles

# Initial state:
# Susceptibles: 999, Infected: 1

# Starting simulation...
# Step	Time		S	I
0	0.0000		999	1
10	0.1000		998	2
20	0.2000		997	3
30	0.3000		997	3
40	0.4000		996	4
50	0.5000		996	4
60	0.6000		997	3
70	0.7000		997	3
80	0.8000		996	4
90	0.9000		993	7
100	1.0000		993	7
110	1.1000		993	7
120	1.2000		992	8
130	1.3000		992	8
140	1.4000		990	10
150	1.5000		989	11
160	1.6000		988	12
170	1.7000		982	18
180	1.8000		979	21
190	1.9000		979	21
200	2.0000		979	21
210	2.1000		973	27
220	2.2000		973	27
230	2.3000		971	29
240	2.4000		971	29
250	2.5000		971	29
260	2.6000		973	27
270	2.7000		971	29
280	2.8000		967	33
290	2.9000		962	38
300	3.0000		955	45
310	3.1000		957	43
320	3.2000		950	50
330	3.3000		949	51
340	3.4000		947	53
350	3.5000		946	54
360	3.6000		944	56
370	3.7000		938	62
380	3.8000		934	66
390	3.9000		924	76
400	4.0000		913	87
410	4.1000		908	92
420	4.2000		886	114
430	4.3000		879	121
440	4.4000		874	126
450	4.5000		854	146
460	4.6000		845	155
470	4.7000		833	167
480	4.8000		814	186
490	4.9000		807	193
500	5.0000		792	208
510	5.1000		774	226
520	5.2000		755	245
530	5.3000		734	266
540	5.4000		720	280
550	5.5000		707	293
560	5.6000		702	298
570	5.7000		691	309
580	5.8000		667	333
590	5.9000		650	350
600	6.0000		643	357
610	6.1000		637	363
620	6.2000		618	382
630	6.3000		604	396
640	6.4000		605	395
650	6.5000		576	424
660	6.6000		573	427
670	6.7000		551	449
680	6.8000		532	468
690	6.9000		526	474
700	7.0000		516	484
710	7.1000		496	504
720	7.2000		498	502
730	7.3000		490	510
740	7.4000		491	509
750	7.5000		482	518
760	7.6000		462	538
770	7.7000		456	544
780	7.8000		445	555
790	7.9000		417	583
800	8.0000		407	593
810	8.1000		381	619
820	8.2000		351	649
830	8.3000		355	645
840	8.4000		357	643
850	8.5000		348	652
860	8.6000		313	687
870	8.7000		303	697
880	8.8000		292	708
890	8.9000		286	714
900	9.0000		270	730
910	9.1000		265	735
920	9.2000		244	756
930	9.3000		237	763
940	9.4000		244	756
950	9.5000		238	762
960	9.6000		238	762
970	9.7000		237	763
980	9.8000		230	770
990	9.9000		224	776
1000	10.0000		219	781
1010	10.1000		239	761
1020	10.2000		245	755
1030	10.3000		252	748
1040	10.4000		247	753
1050	10.5000		246	754
1060	10.6000		248	752
1070	10.7000		248	752
1080	10.8000		257	743
1090	10.9000		249	751
1100	11.0000		255	745
1110	11.1000		248	752
1120	11.2000		267	733
1130	11.3000		268	732
1140	11.4000		267	733
1150	11.5000		269	731
1160	11.6000		272	728
1170	11.7000		264	736
1180	11.8000		263	737
1190	11.9000		257	743
1200	12.0000		247	753
1210	12.1000		261	739
1220	12.2000		252	748
1230	12.3000		253	747
1240	12.4000		253	747
1250	12.5000		247	753
1260	12.6000		244	756
1270	12.7000		239	761
1280	12.8000		247	753
1290	12.9000		232	768
1300	13.0000		233	767
1310	13.1000		231	769
1320	13.2000		239	761
1330	13.3000		248	752
1340	13.4000		252	748
1350	13.5000		219	781
1360	13.6000		224	776
1370	13.7000		216	784
1380	13.8000		224	776
1390	13.9000		225	775
1400	14.0000		224	776
1410	14.1000		215	785
1420	14.2000		226	774
1430	14.3000		230	770
1440	14.4000		243	757
1450	14.5000		252	748
1460	14.6000		263	737
1470	14.7000		246	754
1480	14.8000		244	756
1490	14.9000		264	736
1500	15.0000		241	759
1510	15.1000		248	752
1520	15.2000		231	769
1530	15.3000		239	761
1540	15.4000		265	735
1550	15.5000		262	738
1560	15.6000		263	737
1570	15.7000		266	734
1580	15.8000		257	743
1590	15.9000		258	742
1600	16.0000		273	727
1610	16.1000		250	750
1620	16.2000		265	735
1630	16.3000		264	736
1640	16.4000		264	736
1650	16.5000		264	736
1660	16.6000		262	738
1670	16.7000		250	750
1680	16.8000		249	751
1690	16.9000		255	745
1700	17.0000		264	736
1710	17.1000		241	759
1720	17.2000		250	750
1730	17.3000		259	741
1740	17.4000		250	750
1750	17.5000		258	742
1760	17.6000		248	752
1770	17.7000		248	752
1780	17.8000		261	739
1790	17.9000		263	737
1800	18.0000		261	739
1810	18.1000		244	756
1820	18.2000		243	757
1830	18.3000		220	780
1840	18.4000		225	775
1850	18.5000		215	785
1860	18.6000		228	772
1870	18.7000		220	780
1880	18.8000		226	774
1890	18.9000		228	772
1900	19.0000		226	774
1910	19.1000		226	774
1920	19.2000		243	757
1930	19.3000		224	776
1940	19.4000		228	772
1950	19.5000		237	763
1960	19.6000		229	771
1970	19.7000		217	783
1980	19.8000		208	792
1990	19.9000		206	794
2000	20.0000		219	781
2010	20.1000		231	769
2020	20.2000		256	744
2030	20.3000		241	759
2040	20.4000		241	759
2050	20.5000		252	748
2060	20.6000		248	752
2070	20.7000		231	769
2080	20.8000		243	757
2090	20.9000		243	757
2100	21.0000		246	754
2110	21.1000		234	766
2120	21.2000		249	751
2130	21.3000		252	748
2140	21.4000		254	746
2150	21.5000		256	744
2160	21.6000		261	739
2170	21.7000		256	744
2180	21.8000		266	734
2190	21.9000		266	734
2200	22.0000		269	731
2210	22.1000		271	729
2220	22.2000		260	740
2230	22.3000		263	737
2240	22.4000		250	750
2250	22.5000		244	756
2260	22.6000		250	750
2270	22.7000		264	736
2280	22.8000		264	736
2290	22.9000		265	735
2300	23.0000		270	730
2310	23.1000		277	723
2320	23.2000		258	742
2330	23.3000		265	735
2340	23.4000		269	731
2350	23.5000		269	731
2360	23.6000		281	719
2370	23.7000		279	721
2380	23.8000		272	728
2390	23.9000		279	721
2400	24.0000		294	706
2410	24.1000		262	738
2420	24.2000		258	742
2430	24.3000		243	757
2440	24.4000		233	767
2450	24.5000		230	770
2460	24.6000		238	762
2470	24.7000		250	750
2480	24.8000		251	749
2490	24.9000		250	750
2500	25.0000		266	734
2510	25.1000		273	727
2520	25.2000		281	719
2530	25.3000		251	749
2540	25.4000		244	756
2550	25.5000		243	757
2560	25.6000		234	766
2570	25.7000		233	767
2580	25.8000		229	771
2590	25.9000		240	760
2600	26.0000		232	768
2610	26.1000		242	758
2620	26.2000		242	758
2630	26.3000		251	749
2640	26.4000		258	742
2650	26.5000		251	749
2660	26.6000		248	752
2670	26.7000		261	739
2680	26.8000		260	740
2690	26.9000		241	759
2700	27.0000		256	744
2710	27.1000		235	765
2720	27.2000		216	784
2730	27.3000		218	782
2740	27.4000		218	782
2750	27.5000		231	769
2760	27.6000		246	754
2770	27.7000		249	751
2780	27.8000		255	745
2790	27.9000		249	751
2800	28.0000		270	730
2810	28.1000		271	729
2820	28.2000		255	745
2830	28.3000		263	737
2840	28.4000		256	744
2850	28.5000		246	754
2860	28.6000		237	763
2870	28.7000		251	749
2880	28.8000		234	766
2890	28.9000		225	775
2900	29.0000		237	763
2910	29.1000		222	778
2920	29.2000		220	780
2930	29.3000		231	769
2940	29.4000		245	755
2950	29.5000		255	745
2960	29.6000		248	752
2970	29.7000		241	759
2980	29.8000		237	763
2990	29.9000		245	755
3000	30.0000		243	757
3010	30.1000		245	755
3020	30.2000		235	765
3030	30.3000		241	759
3040	30.4000		253	747
3050	30.5000		254	746
3060	30.6000		241	759
3070	30.7000		247	753
3080	30.8000		231	769
3090	30.9000		241	759
3100	31.0000		231	769
3110	31.1000		232	768
3120	31.2000		254	746
3130	31.3000		264	736
3140	31.4000		244	756
3150	31.5000		247	753
3160	31.6000		243	757
3170	31.7000		242	758
3180	31.8000		235	765
3190	31.9000		249	751
3200	32.0000		222	778
3210	32.1000		215	785
3220	32.2000		222	778
3230	32.3000		234	766
3240	32.4000		229	771
3250	32.5000		248	752
3260	32.6000		244	756
3270	32.7000		253	747
3280	32.8000		262	738
3290	32.9000		255	745
3300	33.0000		254	746
3310	33.1000		239	761
3320	33.2000		246	754
3330	33.3000		246	754
3340	33.4000		237	763
3350	33.5000		231	769
3360	33.6000		249	751
3370	33.7000		247	753
3380	33.8000		252	748
3390	33.9000		244	756
3400	34.0000		235	765
3410	34.1000		241	759
3420	34.2000		249	751
3430	34.3000		240	760
3440	34.4000		244	756
3450	34.5000		255	745
3460	34.6000		262	738
3470	34.7000		247	753
3480	34.8000		252	748
3490	34.9000		254	746
3500	35.0000		235	765
3510	35.1000		217	783
3520	35.2000		215	785
3530	35.3000		214	786
3540	35.4000		229	771
3550	35.5000		242	758
3560	35.6000		246	754
3570	35.7000		263	737
3580	35.8000		246	754
3590	35.9000		248	752
3600	36.0000		246	754
3610	36.1000		256	744
3620	36.2000		238	762
3630	36.3000		246	754
3640	36.4000		238	762
3650	36.5000		237	763
3660	36.6000		242	758
3670	36.7000		245	755
3680	36.8000		242	758
3690	36.9000		242	758
3700	37.0000		228	772
3710	37.1000		233	767
3720	37.2000		224	776
3730	37.3000		212	788
3740	37.4000		213	787
3750	37.5000		203	797
3760	37.6000		221	779
3770	37.7000		218	782
3780	37.8000		233	767
3790	37.9000		235	765
3800	38.0000		233	767
3810	38.1000		244	756
3820	38.2000		250	750
3830	38.3000		263	737
3840	38.4000		244	756
3850	38.5000		230	770
3860	38.6000		235	765
3870	38.7000		224	776
3880	38.8000		226	774
3890	38.9000		233	767
3900	39.0000		239	761
3910	39.1000		244	756
3920	39.2000		240	760
3930	39.3000		229	771
3940	39.4000		228	772
3950	39.5000		248	752
3960	39.6000		238	762
3970	39.7000		229	771
3980	39.8000		235	765
3990	39.9000		240	760
4000	40.0000		238	762
4010	40.1000		233	767
4020	40.2000		248	752
4030	40.3000		245	755
4040	40.4000		268	732
4050	40.5000		261	739
4060	40.6000		270	730
4070	40.7000		266	734
4080	40.8000		274	726
4090	40.9000		256	744
4100	41.0000		262	738
4110	41.1000		254	746
4120	41.2000		249	751
4130	41.3000		255	745
4140	41.4000		254	746
4150	41.5000		243	757
4160	41.6000		251	749
4170	41.7000		256	744
4180	41.8000		241	759
4190	41.9000		235	765
4200	42.0000		237	763
4210	42.1000		241	759
4220	42.2000		253	747
4230	42.3000		246	754
4240	42.4000		246	754
4250	42.5000		253	747
4260	42.6000		270	730
4270	42.7000		261	739
4280	42.8000		250	750
4290	42.9000		252	748
4300	43.0000		246	754
4310	43.1000		235	765
4320	43.2000		234	766
4330	43.3000		230	770
4340	43.4000		226	774
4350	43.5000		229	771
4360	43.6000		227	773
4370	43.7000		228	772
4380	43.8000		222	778
4390	43.9000		215	785
4400	44.0000		218	782
4410	44.1000		204	796
4420	44.2000		212	788
4430	44.3000		228	772
4440	44.4000		230	770
4450	44.5000		249	751
4460	44.6000		252	748
4470	44.7000		235	765
4480	44.8000		237	763
4490	44.9000		254	746
4500	45.0000		259	741
4510	45.1000		259	741
4520	45.2000		264	736
4530	45.3000		256	744
4540	45.4000		249	751
4550	45.5000		249	751
4560	45.6000		255	745
4570	45.7000		239	761
4580	45.8000		237	763
4590	45.9000		246	754
4600	46.0000		249	751
4610	46.1000		248	752
4620	46.2000		245	755
4630	46.3000		241	759
4640	46.4000		227	773
4650	46.5000		237	763
4660	46.6000		242	758
4670	46.7000		229	771
4680	46.8000		241	759
4690	46.9000		260	740
4700	47.0000		254	746
4710	47.1000		250	750
4720	47.2000		252	748
4730	47.3000		253	747
4740	47.4000		249	751
4750	47.5000		241	759
4760	47.6000		230	770
4770	47.7000		246	754
4780	47.8000		241	759
4790	47.9000		236	764
4800	48.0000		240	760
4810	48.1000		225	775
4820	48.2000		243	757
4830	48.3000		248	752
4840	48.4000		230	770
4850	48.5000		236	764
4860	48.6000		217	783
4870	48.7000		229	771
4880	48.8000		203	797
4890	48.9000		213	787
4900	49.0000		224	776
4910	49.1000		233	767
4920	49.2000		251	749
4930	49.3000		223	777
4940	49.4000		228	772
4950	49.5000		229	771
4960	49.6000		247	753
4970	49.7000		251	749
4980	49.8000		251	749
4990	49.9000		254	746
5000	50.0000		250	750
5010	50.1000		254	746
5020	50.2000		256	744
5030	50.3000		248	752
5040	50.4000		259	741
5050	50.5000		256	744
5060	50.6000		262	738
5070	50.7000		266	734
5080	50.8000		252	748
5090	50.9000		251	749
5100	51.0000		256	744
5110	51.1000		250	750
5120	51.2000		230	770
5130	51.3000		245	755
5140	51.4000		243	757
5150	51.5000		256	744
5160	51.6000		244	756
5170	51.7000		237	763
5180	51.8000		238	762
5190	51.9000		234	766
5200	52.0000		230	770
5210	52.1000		241	759
5220	52.2000		221	779
5230	52.3000		218	782
5240	52.4000		230	770
5250	52.5000		235	765
5260	52.6000		228	772
5270	52.7000		228	772
5280	52.8000		244	756
5290	52.9000		251	749
5300	53.0000		247	753
5310	53.1000		249	751
5320	53.2000		249	751
5330	53.3000		252	748
5340	53.4000		248	752
5350	53.5000		256	744
5360	53.6000		256	744
5370	53.7000		258	742
5380	53.8000		243	757
5390	53.9000		242	758
5400	54.0000		238	762
5410	54.1000		247	753
5420	54.2000		240	760
5430	54.3000		226	774
5440	54.4000		245	755
5450	54.5000		256	744
5460	54.6000		236	764
5470	54.7000		233	767
5480	54.8000		238	762
5490	54.9000		216	784
5500	55.0000		239	761
5510	55.1000		231	769
5520	55.2000		228	772
5530	55.3000		232	768
5540	55.4000		233	767
5550	55.5000		242	758
5560	55.6000		237	763
5570	55.7000		249	751
5580	55.8000		247	753
5590	55.9000		236	764
5600	56.0000		224	776
5610	56.1000		246	754
5620	56.2000		262	738
5630	56.3000		239	761
5640	56.4000		242	758
5650	56.5000		242	758
5660	56.6000		239	761
5670	56.7000		236	764
5680	56.8000		236	764
5690	56.9000		253	747
5700	57.0000		265	735
5710	57.1000		244	756
5720	57.2000		254	746
5730	57.3000		268	732
5740	57.4000		269	731
5750	57.5000		264	736
5760	57.6000		267	733
5770	57.7000		275	725
5780	57.8000		258	742
5790	57.9000		246	754
5800	58.0000		249	751
5810	58.1000		245	755
5820	58.2000		234	766
5830	58.3000		237	763
5840	58.4000		250	750
5850	58.5000		249	751
5860	58.6000		262	738
5870	58.7000		255	745
5880	58.8000		255	745
5890	58.9000		259	741
5900	59.0000		270	730
5910	59.1000		259	741
5920	59.2000		253	747
5930	59.3000		256	744
5940	59.4000		260	740
5950	59.5000		255	745
5960	59.6000		247	753
5970	59.7000		231	769
5980	59.8000		247	753
5990	59.9000		244	756
6000	60.0000		251	749
6010	60.1000		235	765
6020	60.2000		245	755
6030	60.3000		228	772
6040	60.4000		219	781
6050	60.5000		209	791
6060	60.6000		222	778
6070	60.7000		231	769
6080	60.8000		229	771
6090	60.9000		233	767
6100	61.0000		225	775
6110	61.1000		228	772
6120	61.2000		247	753
6130	61.3000		240	760
6140	61.4000		237	763
6150	61.5000		241	759
6160	61.6000		241	759
6170	61.7000		247	753
6180	61.8000		239	761
6190	61.9000		245	755
6200	62.0000		241	759
6210	62.1000		249	751
6220	62.2000		240	760
6230	62.3000		248	752
6240	62.4000		256	744
6250	62.5000		263	737
6260	62.6000		264	736
6270	62.7000		276	724
6280	62.8000		269	731
6290	62.9000		281	719
6300	63.0000		277	723
6310	63.1000		280	720
6320	63.2000		269	731
6330	63.3000		280	720
6340	63.4000		292	708
6350	63.5000		274	726
6360	63.6000		272	728
6370	63.7000		252	748
6380	63.8000		250	750
6390	63.9000		260	740
6400	64.0000		268	732
6410	64.1000		292	708
6420	64.2000		274	726
6430	64.3000		262	738
6440	64.4000		266	734
6450	64.5000		269	731
6460	64.6000		260	740
6470	64.7000		268	732
6480	64.8000		274	726
6490	64.9000		264	736
6500	65.0000		266	734
6510	65.1000		256	744
6520	65.2000		253	747
6530	65.3000		258	742
6540	65.4000		257	743
6550	65.5000		270	730
6560	65.6000		273	727
6570	65.7000		286	714
6580	65.8000		264	736
6590	65.9000		261	739
6600	66.0000		263	737
6610	66.1000		264	736
6620	66.2000		264	736
6630	66.3000		258	742
6640	66.4000		252	748
6650	66.5000		258	742
6660	66.6000		258	742
6670	66.7000		261	739
6680	66.8000		271	729
6690	66.9000		261	739
6700	67.0000		256	744
6710	67.1000		258	742
6720	67.2000		260	740
6730	67.3000		255	745
6740	67.4000		243	757
6750	67.5000		244	756
6760	67.6000		236	764
6770	67.7000		245	755
6780	67.8000		235	765
6790	67.9000		244	756
6800	68.0000		241	759
6810	68.1000		255	745
6820	68.2000		243	757
6830	68.3000		251	749
6840	68.4000		255	745
6850	68.5000		248	752
6860	68.6000		256	744
6870	68.7000		267	733
6880	68.8000		262	738
6890	68.9000		267	733
6900	69.0000		268	732
6910	69.1000		252	748
6920	69.2000		240	760
6930	69.3000		236	764
6940	69.4000		238	762
6950	69.5000		240	760
6960	69.6000		237	763
6970	69.7000		241	759
6980	69.8000		233	767
6990	69.9000		231	769
7000	70.0000		245	755
7010	70.1000		236	764
7020	70.2000		231	769
7030	70.3000		228	772
7040	70.4000		215	785
7050	70.5000		238	762
7060	70.6000		238	762
7070	70.7000		218	782
7080	70.8000		227	773
7090	70.9000		240	760
7100	71.0000		255	745
7110	71.1000		261	739
7120	71.2000		243	757
7130	71.3000		234	766
7140	71.4000		237	763
7150	71.5000		237	763
7160	71.6000		257	743
7170	71.7000		244	756
7180	71.8000		295	705
7190	71.9000		279	721
7200	72.0000		278	722
7210	72.1000		260	740
7220	72.2000		274	726
7230	72.3000		282	718
7240	72.4000		260	740
7250	72.5000		242	758
7260	72.6000		226	774
7270	72.7000		231	769
7280	72.8000		228	772
7290	72.9000		230	770
7300	73.0000		232	768
7310	73.1000		230	770
7320	73.2000		240	760
7330	73.3000		250	750
7340	73.4000		257	743
7350	73.5000		252	748
7360	73.6000		266	734
7370	73.7000		240	760
7380	73.8000		252	748
7390	73.9000		259	741
7400	74.0000		255	745
7410	74.1000		259	741
7420	74.2000		260	740
7430	74.3000		279	721
7440	74.4000		254	746
7450	74.5000		248	752
7460	74.6000		247	753
7470	74.7000		248	752
7480	74.8000		233	767
7490	74.9000		203	797
7500	75.0000		214	786
7510	75.1000		236	764
7520	75.2000		250	750
7530	75.3000		257	743
7540	75.4000		254	746
7550	75.5000		251	749
7560	75.6000		270	730
7570	75.7000		266	734
7580	75.8000		252	748
7590	75.9000		255	745
7600	76.0000		269	731
7610	76.1000		277	723
7620	76.2000		281	719
7630	76.3000		275	725
7640	76.4000		272	728
7650	76.5000		277	723
7660	76.6000		267	733
7670	76.7000		270	730
7680	76.8000		258	742
7690	76.9000		248	752
7700	77.0000		243	757
7710	77.1000		252	748
7720	77.2000		248	752
7730	77.3000		247	753
7740	77.4000		247	753
7750	77.5000		246	754
7760	77.6000		251	749
7770	77.7000		249	751
7780	77.8000		241	759
7790	77.9000		245	755
7800	78.0000		261	739
7810	78.1000		274	726
7820	78.2000		280	720
7830	78.3000		268	732
7840	78.4000		268	732
7850	78.5000		256	744
7860	78.6000		249	751
7870	78.7000		264	736
7880	78.8000		261	739
7890	78.9000		253	747
7900	79.0000		256	744
7910	79.1000		248	752
7920	79.2000		252	748
7930	79.3000		280	720
7940	79.4000		272	728
7950	79.5000		270	730
7960	79.6000		265	735
7970	79.7000		246	754
7980	79.8000		247	753
7990	79.9000		233	767
8000	80.0000		236	764
8010	80.1000		238	762
8020	80.2000		238	762
8030	80.3000		242	758
8040	80.4000		246	754
8050	80.5000		258	742
8060	80.6000		255	745
8070	80.7000		275	725
8080	80.8000		263	737
8090	80.9000		248	752
8100	81.0000		256	744
8110	81.1000		257	743
8120	81.2000		266	734
8130	81.3000		283	717
8140	81.4000		271	729
8150	81.5000		275	725
8160	81.6000		268	732
8170	81.7000		278	722
8180	81.8000		247	753
8190	81.9000		249	751
8200	82.0000		259	741
8210	82.1000		240	760
8220	82.2000		239	761
8230	82.3000		240	760
8240	82.4000		249	751
8250	82.5000		255	745
8260	82.6000		252	748
8270	82.7000		267	733
8280	82.8000		275	725
8290	82.9000		268	732
8300	83.0000		250	750
8310	83.1000		246	754
8320	83.2000		239	761
8330	83.3000		227	773
8340	83.4000		243	757
8350	83.5000		232	768
8360	83.6000		243	757
8370	83.7000		269	731
8380	83.8000		257	743
8390	83.9000		252	748
8400	84.0000		250	750
8410	84.1000		246	754
8420	84.2000		255	745
8430	84.3000		244	756
8440	84.4000		267	733
8450	84.5000		266	734
8460	84.6000		251	749
8470	84.7000		237	763
8480	84.8000		225	775
8490	84.9000		228	772
8500	85.0000		221	779
8510	85.1000		231	769
8520	85.2000		251	749
8530	85.3000		250	750
8540	85.4000		244	756
8550	85.5000		262	738
8560	85.6000		252	748
8570	85.7000		241	759
8580	85.8000		239	761
8590	85.9000		238	762
8600	86.0000		247	753
8610	86.1000		252	748
8620	86.2000		245	755
8630	86.3000		246	754
8640	86.4000		257	743
8650	86.5000		245	755
8660	86.6000		248	752
8670	86.7000		252	748
8680	86.8000		255	745
8690	86.9000		252	748
8700	87.0000		245	755
8710	87.1000		239	761
8720	87.2000		232	768
8730	87.3000		220	780
8740	87.4000		222	778
8750	87.5000		236	764
8760	87.6000		238	762
8770	87.7000		230	770
8780	87.8000		241	759
8790	87.9000		242	758
8800	88.0000		242	758
8810	88.1000		257	743
8820	88.2000		277	723
8830	88.3000		251	749
8840	88.4000		264	736
8850	88.5000		259	741
8860	88.6000		251	749
8870	88.7000		260	740
8880	88.8000		264	736
8890	88.9000		253	747
8900	89.0000		254	746
8910	89.1000		263	737
8920	89.2000		244	756
8930	89.3000		247	753
8940	89.4000		243	757
8950	89.5000		235	765
8960	89.6000		240	760
8970	89.7000		226	774
8980	89.8000		228	772
8990	89.9000		231	769
9000	90.0000		231	769
9010	90.1000		247	753
9020	90.2000		261	739
9030	90.3000		251	749
9040	90.4000		231	769
9050	90.5000		235	765
9060	90.6000		230	770
9070	90.7000		255	745
9080	90.8000		250	750
9090	90.9000		259	741
9100	91.0000		251	749
9110	91.1000		250	750
9120	91.2000		248	752
9130	91.3000		253	747
9140	91.4000		254	746
9150	91.5000		255	745
9160	91.6000		257	743
9170	91.7000		256	744
9180	91.8000		268	732
9190	91.9000		268	732
9200	92.0000		263	737
9210	92.1000		244	756
9220	92.2000		248	752
9230	92.3000		250	750
9240	92.4000		260	740
9250	92.5000		251	749
9260	92.6000		258	742
9270	92.7000		245	755
9280	92.8000		246	754
9290	92.9000		242	758
9300	93.0000		247	753
9310	93.1000		256	744
9320	93.2000		262	738
9330	93.3000		254	746
9340	93.4000		250	750
9350	93.5000		257	743
9360	93.6000		238	762
9370	93.7000		260	740
9380	93.8000		276	724
9390	93.9000		254	746
9400	94.0000		247	753
9410	94.1000		250	750
9420	94.2000		229	771
9430	94.3000		231	769
9440	94.4000		226	774
9450	94.5000		250	750
9460	94.6000		247	753
9470	94.7000		245	755
9480	94.8000		256	744
9490	94.9000		246	754
9500	95.0000		257	743
9510	95.1000		248	752
9520	95.2000		262	738
9530	95.3000		267	733
9540	95.4000		259	741
9550	95.5000		257	743
9560	95.6000		259	741
9570	95.7000		256	744
9580	95.8000		255	745
9590	95.9000		249	751
9600	96.0000		267	733
9610	96.1000		272	728
9620	96.2000		272	728
9630	96.3000		269	731
9640	96.4000		294	706
9650	96.5000		303	697
9660	96.6000		280	720
9670	96.7000		246	754
9680	96.8000		255	745
9690	96.9000		261	739
9700	97.0000		254	746
9710	97.1000		263	737
9720	97.2000		268	732
9730	97.3000		265	735
9740	97.4000		256	744
9750	97.5000		252	748
9760	97.6000		272	728
9770	97.7000		269	731
9780	97.8000		273	727
9790	97.9000		253	747
9800	98.0000		259	741
9810	98.1000		243	757
9820	98.2000		240	760
9830	98.3000		248	752
9840	98.4000		259	741
9850	98.5000		254	746
9860	98.6000		242	758
9870	98.7000		249	751
9880	98.8000		260	740
9890	98.9000		254	746
9900	99.0000		252	748
9910	99.1000		239	761
9920	99.2000		250	750
9930	99.3000		248	752
9940	99.4000		246	754
9950	99.5000		244	756
9960	99.6000		236	764
9970	99.7000		247	753
9980	99.8000		252	748
9990	99.9000		254	746
10000	100.0000		264	736
# Simulation completed.
