# Creating system...
# System created with N=1000 particles

# Initial state:
# Susceptibles: 999, Infected: 1

# Starting simulation...
# Step	Time		S	I
0	0.0000		999	1
10	0.1000		999	1
20	0.2000		998	2
30	0.3000		998	2
40	0.4000		996	4
50	0.5000		996	4
60	0.6000		997	3
70	0.7000		997	3
80	0.8000		997	3
90	0.9000		996	4
100	1.0000		994	6
110	1.1000		994	6
120	1.2000		991	9
130	1.3000		985	15
140	1.4000		982	18
150	1.5000		981	19
160	1.6000		982	18
170	1.7000		978	22
180	1.8000		977	23
190	1.9000		972	28
200	2.0000		973	27
210	2.1000		973	27
220	2.2000		968	32
230	2.3000		963	37
240	2.4000		954	46
250	2.5000		951	49
260	2.6000		942	58
270	2.7000		922	78
280	2.8000		913	87
290	2.9000		907	93
300	3.0000		905	95
310	3.1000		895	105
320	3.2000		887	113
330	3.3000		882	118
340	3.4000		859	141
350	3.5000		847	153
360	3.6000		837	163
370	3.7000		814	186
380	3.8000		808	192
390	3.9000		802	198
400	4.0000		794	206
410	4.1000		770	230
420	4.2000		749	251
430	4.3000		726	274
440	4.4000		712	288
450	4.5000		689	311
460	4.6000		675	325
470	4.7000		670	330
480	4.8000		647	353
490	4.9000		638	362
500	5.0000		630	370
510	5.1000		614	386
520	5.2000		609	391
530	5.3000		578	422
540	5.4000		573	427
550	5.5000		554	446
560	5.6000		541	459
570	5.7000		521	479
580	5.8000		512	488
590	5.9000		504	496
600	6.0000		506	494
610	6.1000		498	502
620	6.2000		478	522
630	6.3000		476	524
640	6.4000		464	536
650	6.5000		458	542
660	6.6000		451	549
670	6.7000		450	550
680	6.8000		441	559
690	6.9000		438	562
700	7.0000		424	576
710	7.1000		413	587
720	7.2000		400	600
730	7.3000		399	601
740	7.4000		394	606
750	7.5000		378	622
760	7.6000		367	633
770	7.7000		350	650
780	7.8000		328	672
790	7.9000		319	681
800	8.0000		321	679
810	8.1000		318	682
820	8.2000		308	692
830	8.3000		294	706
840	8.4000		274	726
850	8.5000		262	738
860	8.6000		273	727
870	8.7000		267	733
880	8.8000		269	731
890	8.9000		269	731
900	9.0000		274	726
910	9.1000		287	713
920	9.2000		276	724
930	9.3000		259	741
940	9.4000		248	752
950	9.5000		237	763
960	9.6000		233	767
970	9.7000		233	767
980	9.8000		235	765
990	9.9000		219	781
1000	10.0000		233	767
1010	10.1000		247	753
1020	10.2000		245	755
1030	10.3000		243	757
1040	10.4000		247	753
1050	10.5000		247	753
1060	10.6000		240	760
1070	10.7000		257	743
1080	10.8000		258	742
1090	10.9000		261	739
1100	11.0000		264	736
1110	11.1000		271	729
1120	11.2000		246	754
1130	11.3000		246	754
1140	11.4000		257	743
1150	11.5000		248	752
1160	11.6000		254	746
1170	11.7000		250	750
1180	11.8000		248	752
1190	11.9000		259	741
1200	12.0000		261	739
1210	12.1000		252	748
1220	12.2000		257	743
1230	12.3000		245	755
1240	12.4000		239	761
1250	12.5000		255	745
1260	12.6000		252	748
1270	12.7000		271	729
1280	12.8000		259	741
1290	12.9000		253	747
1300	13.0000		237	763
1310	13.1000		254	746
1320	13.2000		243	757
1330	13.3000		236	764
1340	13.4000		241	759
1350	13.5000		223	777
1360	13.6000		219	781
1370	13.7000		215	785
1380	13.8000		230	770
1390	13.9000		233	767
1400	14.0000		232	768
1410	14.1000		236	764
1420	14.2000		233	767
1430	14.3000		253	747
1440	14.4000		243	757
1450	14.5000		237	763
1460	14.6000		248	752
1470	14.7000		262	738
1480	14.8000		254	746
1490	14.9000		270	730
1500	15.0000		283	717
1510	15.1000		278	722
1520	15.2000		284	716
1530	15.3000		277	723
1540	15.4000		265	735
1550	15.5000		270	730
1560	15.6000		253	747
1570	15.7000		257	743
1580	15.8000		249	751
1590	15.9000		221	779
1600	16.0000		216	784
1610	16.1000		217	783
1620	16.2000		215	785
1630	16.3000		222	778
1640	16.4000		223	777
1650	16.5000		225	775
1660	16.6000		243	757
1670	16.7000		245	755
1680	16.8000		239	761
1690	16.9000		238	762
1700	17.0000		240	760
1710	17.1000		234	766
1720	17.2000		236	764
1730	17.3000		243	757
1740	17.4000		240	760
1750	17.5000		252	748
1760	17.6000		235	765
1770	17.7000		247	753
1780	17.8000		251	749
1790	17.9000		252	748
1800	18.0000		243	757
1810	18.1000		236	764
1820	18.2000		236	764
1830	18.3000		250	750
1840	18.4000		253	747
1850	18.5000		277	723
1860	18.6000		286	714
1870	18.7000		284	716
1880	18.8000		269	731
1890	18.9000		275	725
1900	19.0000		280	720
1910	19.1000		257	743
1920	19.2000		231	769
1930	19.3000		242	758
1940	19.4000		253	747
1950	19.5000		257	743
1960	19.6000		263	737
1970	19.7000		250	750
1980	19.8000		245	755
1990	19.9000		252	748
2000	20.0000		257	743
2010	20.1000		249	751
2020	20.2000		244	756
2030	20.3000		253	747
2040	20.4000		253	747
2050	20.5000		252	748
2060	20.6000		266	734
2070	20.7000		251	749
2080	20.8000		258	742
2090	20.9000		241	759
2100	21.0000		245	755
2110	21.1000		253	747
2120	21.2000		254	746
2130	21.3000		257	743
2140	21.4000		263	737
2150	21.5000		257	743
2160	21.6000		252	748
2170	21.7000		255	745
2180	21.8000		268	732
2190	21.9000		257	743
2200	22.0000		240	760
2210	22.1000		260	740
2220	22.2000		248	752
2230	22.3000		237	763
2240	22.4000		240	760
2250	22.5000		253	747
2260	22.6000		231	769
2270	22.7000		241	759
2280	22.8000		253	747
2290	22.9000		257	743
2300	23.0000		265	735
2310	23.1000		252	748
2320	23.2000		248	752
2330	23.3000		240	760
2340	23.4000		237	763
2350	23.5000		229	771
2360	23.6000		219	781
2370	23.7000		235	765
2380	23.8000		242	758
2390	23.9000		254	746
2400	24.0000		260	740
2410	24.1000		263	737
2420	24.2000		272	728
2430	24.3000		251	749
2440	24.4000		249	751
2450	24.5000		250	750
2460	24.6000		244	756
2470	24.7000		246	754
2480	24.8000		245	755
2490	24.9000		244	756
2500	25.0000		231	769
2510	25.1000		240	760
2520	25.2000		214	786
2530	25.3000		220	780
2540	25.4000		216	784
2550	25.5000		215	785
2560	25.6000		230	770
2570	25.7000		232	768
2580	25.8000		244	756
2590	25.9000		244	756
2600	26.0000		225	775
2610	26.1000		245	755
2620	26.2000		247	753
2630	26.3000		262	738
2640	26.4000		263	737
2650	26.5000		262	738
2660	26.6000		256	744
2670	26.7000		258	742
2680	26.8000		257	743
2690	26.9000		252	748
2700	27.0000		250	750
2710	27.1000		257	743
2720	27.2000		251	749
2730	27.3000		246	754
2740	27.4000		254	746
2750	27.5000		237	763
2760	27.6000		215	785
2770	27.7000		216	784
2780	27.8000		203	797
2790	27.9000		212	788
2800	28.0000		240	760
2810	28.1000		218	782
2820	28.2000		209	791
2830	28.3000		205	795
2840	28.4000		245	755
2850	28.5000		258	742
2860	28.6000		260	740
2870	28.7000		259	741
2880	28.8000		239	761
2890	28.9000		231	769
2900	29.0000		234	766
2910	29.1000		236	764
2920	29.2000		243	757
2930	29.3000		252	748
2940	29.4000		271	729
2950	29.5000		262	738
2960	29.6000		245	755
2970	29.7000		245	755
2980	29.8000		231	769
2990	29.9000		239	761
3000	30.0000		232	768
3010	30.1000		238	762
3020	30.2000		245	755
3030	30.3000		246	754
3040	30.4000		239	761
3050	30.5000		254	746
3060	30.6000		275	725
3070	30.7000		281	719
3080	30.8000		262	738
3090	30.9000		261	739
3100	31.0000		253	747
3110	31.1000		242	758
3120	31.2000		238	762
3130	31.3000		245	755
3140	31.4000		235	765
3150	31.5000		243	757
3160	31.6000		268	732
3170	31.7000		268	732
3180	31.8000		273	727
3190	31.9000		273	727
3200	32.0000		276	724
3210	32.1000		247	753
3220	32.2000		237	763
3230	32.3000		220	780
3240	32.4000		254	746
3250	32.5000		257	743
3260	32.6000		248	752
3270	32.7000		257	743
3280	32.8000		254	746
3290	32.9000		248	752
3300	33.0000		255	745
3310	33.1000		240	760
3320	33.2000		258	742
3330	33.3000		247	753
3340	33.4000		248	752
3350	33.5000		250	750
3360	33.6000		227	773
3370	33.7000		233	767
3380	33.8000		250	750
3390	33.9000		245	755
3400	34.0000		254	746
3410	34.1000		248	752
3420	34.2000		244	756
3430	34.3000		254	746
3440	34.4000		260	740
3450	34.5000		254	746
3460	34.6000		251	749
3470	34.7000		245	755
3480	34.8000		259	741
3490	34.9000		254	746
3500	35.0000		274	726
3510	35.1000		284	716
3520	35.2000		261	739
3530	35.3000		264	736
3540	35.4000		276	724
3550	35.5000		281	719
3560	35.6000		272	728
3570	35.7000		246	754
3580	35.8000		233	767
3590	35.9000		246	754
3600	36.0000		232	768
3610	36.1000		231	769
3620	36.2000		227	773
3630	36.3000		241	759
3640	36.4000		238	762
3650	36.5000		256	744
3660	36.6000		257	743
3670	36.7000		259	741
3680	36.8000		249	751
3690	36.9000		253	747
3700	37.0000		258	742
3710	37.1000		250	750
3720	37.2000		241	759
3730	37.3000		237	763
3740	37.4000		226	774
3750	37.5000		224	776
3760	37.6000		224	776
3770	37.7000		227	773
3780	37.8000		223	777
3790	37.9000		210	790
3800	38.0000		206	794
3810	38.1000		223	777
3820	38.2000		220	780
3830	38.3000		223	777
3840	38.4000		241	759
3850	38.5000		240	760
3860	38.6000		238	762
3870	38.7000		234	766
3880	38.8000		236	764
3890	38.9000		219	781
3900	39.0000		226	774
3910	39.1000		241	759
3920	39.2000		246	754
3930	39.3000		238	762
3940	39.4000		257	743
3950	39.5000		257	743
3960	39.6000		269	731
3970	39.7000		262	738
3980	39.8000		260	740
3990	39.9000		248	752
4000	40.0000		247	753
4010	40.1000		245	755
4020	40.2000		256	744
4030	40.3000		243	757
4040	40.4000		247	753
4050	40.5000		229	771
4060	40.6000		237	763
4070	40.7000		262	738
4080	40.8000		266	734
4090	40.9000		272	728
4100	41.0000		252	748
4110	41.1000		262	738
4120	41.2000		271	729
4130	41.3000		264	736
4140	41.4000		286	714
4150	41.5000		283	717
4160	41.6000		279	721
4170	41.7000		277	723
4180	41.8000		256	744
4190	41.9000		264	736
4200	42.0000		264	736
4210	42.1000		261	739
4220	42.2000		256	744
4230	42.3000		259	741
4240	42.4000		245	755
4250	42.5000		257	743
4260	42.6000		265	735
4270	42.7000		258	742
4280	42.8000		255	745
4290	42.9000		236	764
4300	43.0000		226	774
4310	43.1000		239	761
4320	43.2000		229	771
4330	43.3000		224	776
4340	43.4000		249	751
4350	43.5000		249	751
4360	43.6000		250	750
4370	43.7000		261	739
4380	43.8000		262	738
4390	43.9000		245	755
4400	44.0000		251	749
4410	44.1000		241	759
4420	44.2000		251	749
4430	44.3000		262	738
4440	44.4000		246	754
4450	44.5000		241	759
4460	44.6000		227	773
4470	44.7000		219	781
4480	44.8000		212	788
4490	44.9000		220	780
4500	45.0000		229	771
4510	45.1000		252	748
4520	45.2000		238	762
4530	45.3000		254	746
4540	45.4000		260	740
4550	45.5000		258	742
4560	45.6000		260	740
4570	45.7000		255	745
4580	45.8000		243	757
4590	45.9000		250	750
4600	46.0000		240	760
4610	46.1000		234	766
4620	46.2000		253	747
4630	46.3000		250	750
4640	46.4000		238	762
4650	46.5000		234	766
4660	46.6000		232	768
4670	46.7000		249	751
4680	46.8000		241	759
4690	46.9000		246	754
4700	47.0000		251	749
4710	47.1000		252	748
4720	47.2000		247	753
4730	47.3000		254	746
4740	47.4000		257	743
4750	47.5000		249	751
4760	47.6000		243	757
4770	47.7000		251	749
4780	47.8000		252	748
4790	47.9000		270	730
4800	48.0000		272	728
4810	48.1000		269	731
4820	48.2000		250	750
4830	48.3000		241	759
4840	48.4000		220	780
4850	48.5000		224	776
4860	48.6000		224	776
4870	48.7000		231	769
4880	48.8000		225	775
4890	48.9000		220	780
4900	49.0000		243	757
4910	49.1000		238	762
4920	49.2000		243	757
4930	49.3000		250	750
4940	49.4000		248	752
4950	49.5000		262	738
4960	49.6000		266	734
4970	49.7000		278	722
4980	49.8000		272	728
4990	49.9000		258	742
5000	50.0000		239	761
5010	50.1000		229	771
5020	50.2000		240	760
5030	50.3000		257	743
5040	50.4000		227	773
5050	50.5000		241	759
5060	50.6000		236	764
5070	50.7000		232	768
5080	50.8000		222	778
5090	50.9000		213	787
5100	51.0000		215	785
5110	51.1000		210	790
5120	51.2000		210	790
5130	51.3000		196	804
5140	51.4000		193	807
5150	51.5000		204	796
5160	51.6000		231	769
5170	51.7000		219	781
5180	51.8000		233	767
5190	51.9000		232	768
5200	52.0000		244	756
5210	52.1000		242	758
5220	52.2000		235	765
5230	52.3000		228	772
5240	52.4000		226	774
5250	52.5000		233	767
5260	52.6000		246	754
5270	52.7000		253	747
5280	52.8000		251	749
5290	52.9000		254	746
5300	53.0000		269	731
5310	53.1000		262	738
5320	53.2000		263	737
5330	53.3000		271	729
5340	53.4000		257	743
5350	53.5000		246	754
5360	53.6000		250	750
5370	53.7000		264	736
5380	53.8000		254	746
5390	53.9000		259	741
5400	54.0000		255	745
5410	54.1000		242	758
5420	54.2000		253	747
5430	54.3000		258	742
5440	54.4000		264	736
5450	54.5000		267	733
5460	54.6000		280	720
5470	54.7000		262	738
5480	54.8000		259	741
5490	54.9000		252	748
5500	55.0000		247	753
5510	55.1000		235	765
5520	55.2000		251	749
5530	55.3000		256	744
5540	55.4000		253	747
5550	55.5000		248	752
5560	55.6000		253	747
5570	55.7000		264	736
5580	55.8000		263	737
5590	55.9000		266	734
5600	56.0000		282	718
5610	56.1000		283	717
5620	56.2000		283	717
5630	56.3000		277	723
5640	56.4000		270	730
5650	56.5000		267	733
5660	56.6000		257	743
5670	56.7000		259	741
5680	56.8000		241	759
5690	56.9000		243	757
5700	57.0000		230	770
5710	57.1000		238	762
5720	57.2000		218	782
5730	57.3000		232	768
5740	57.4000		241	759
5750	57.5000		234	766
5760	57.6000		253	747
5770	57.7000		258	742
5780	57.8000		249	751
5790	57.9000		244	756
5800	58.0000		255	745
5810	58.1000		246	754
5820	58.2000		240	760
5830	58.3000		221	779
5840	58.4000		215	785
5850	58.5000		223	777
5860	58.6000		236	764
5870	58.7000		230	770
5880	58.8000		238	762
5890	58.9000		243	757
5900	59.0000		260	740
5910	59.1000		260	740
5920	59.2000		243	757
5930	59.3000		250	750
5940	59.4000		242	758
5950	59.5000		233	767
5960	59.6000		236	764
5970	59.7000		243	757
5980	59.8000		237	763
5990	59.9000		256	744
6000	60.0000		235	765
6010	60.1000		238	762
6020	60.2000		232	768
6030	60.3000		248	752
6040	60.4000		257	743
6050	60.5000		258	742
6060	60.6000		263	737
6070	60.7000		251	749
6080	60.8000		236	764
6090	60.9000		228	772
6100	61.0000		236	764
6110	61.1000		221	779
6120	61.2000		229	771
6130	61.3000		224	776
6140	61.4000		230	770
6150	61.5000		234	766
6160	61.6000		223	777
6170	61.7000		224	776
6180	61.8000		222	778
6190	61.9000		233	767
6200	62.0000		231	769
6210	62.1000		231	769
6220	62.2000		238	762
6230	62.3000		248	752
6240	62.4000		248	752
6250	62.5000		259	741
6260	62.6000		260	740
6270	62.7000		272	728
6280	62.8000		277	723
6290	62.9000		299	701
6300	63.0000		306	694
6310	63.1000		281	719
6320	63.2000		271	729
6330	63.3000		265	735
6340	63.4000		260	740
6350	63.5000		252	748
6360	63.6000		244	756
6370	63.7000		241	759
6380	63.8000		256	744
6390	63.9000		255	745
6400	64.0000		251	749
6410	64.1000		256	744
6420	64.2000		254	746
6430	64.3000		257	743
6440	64.4000		265	735
6450	64.5000		261	739
6460	64.6000		251	749
6470	64.7000		259	741
6480	64.8000		258	742
6490	64.9000		258	742
6500	65.0000		267	733
6510	65.1000		262	738
6520	65.2000		253	747
6530	65.3000		250	750
6540	65.4000		245	755
6550	65.5000		251	749
6560	65.6000		253	747
6570	65.7000		250	750
6580	65.8000		269	731
6590	65.9000		254	746
6600	66.0000		265	735
6610	66.1000		260	740
6620	66.2000		259	741
6630	66.3000		260	740
6640	66.4000		271	729
6650	66.5000		274	726
6660	66.6000		271	729
6670	66.7000		271	729
6680	66.8000		276	724
6690	66.9000		278	722
6700	67.0000		275	725
6710	67.1000		267	733
6720	67.2000		258	742
6730	67.3000		231	769
6740	67.4000		250	750
6750	67.5000		250	750
6760	67.6000		259	741
6770	67.7000		262	738
6780	67.8000		249	751
6790	67.9000		246	754
6800	68.0000		253	747
6810	68.1000		262	738
6820	68.2000		253	747
6830	68.3000		247	753
6840	68.4000		265	735
6850	68.5000		265	735
6860	68.6000		248	752
6870	68.7000		239	761
6880	68.8000		223	777
6890	68.9000		242	758
6900	69.0000		238	762
6910	69.1000		263	737
6920	69.2000		270	730
6930	69.3000		269	731
6940	69.4000		268	732
6950	69.5000		258	742
6960	69.6000		244	756
6970	69.7000		239	761
6980	69.8000		230	770
6990	69.9000		243	757
7000	70.0000		246	754
7010	70.1000		237	763
7020	70.2000		230	770
7030	70.3000		231	769
7040	70.4000		224	776
7050	70.5000		208	792
7060	70.6000		213	787
7070	70.7000		225	775
7080	70.8000		242	758
7090	70.9000		234	766
7100	71.0000		239	761
7110	71.1000		232	768
7120	71.2000		239	761
7130	71.3000		235	765
7140	71.4000		263	737
7150	71.5000		260	740
7160	71.6000		256	744
7170	71.7000		244	756
7180	71.8000		234	766
7190	71.9000		235	765
7200	72.0000		237	763
7210	72.1000		235	765
7220	72.2000		256	744
7230	72.3000		265	735
7240	72.4000		274	726
7250	72.5000		263	737
7260	72.6000		258	742
7270	72.7000		285	715
7280	72.8000		261	739
7290	72.9000		262	738
7300	73.0000		282	718
7310	73.1000		273	727
7320	73.2000		264	736
7330	73.3000		263	737
7340	73.4000		270	730
7350	73.5000		252	748
7360	73.6000		259	741
7370	73.7000		256	744
7380	73.8000		261	739
7390	73.9000		259	741
7400	74.0000		250	750
7410	74.1000		249	751
7420	74.2000		241	759
7430	74.3000		247	753
7440	74.4000		241	759
7450	74.5000		231	769
7460	74.6000		228	772
7470	74.7000		234	766
7480	74.8000		236	764
7490	74.9000		239	761
7500	75.0000		234	766
7510	75.1000		238	762
7520	75.2000		248	752
7530	75.3000		259	741
7540	75.4000		266	734
7550	75.5000		266	734
7560	75.6000		271	729
7570	75.7000		264	736
7580	75.8000		252	748
7590	75.9000		248	752
7600	76.0000		239	761
7610	76.1000		234	766
7620	76.2000		238	762
7630	76.3000		222	778
7640	76.4000		240	760
7650	76.5000		225	775
7660	76.6000		238	762
7670	76.7000		255	745
7680	76.8000		238	762
7690	76.9000		247	753
7700	77.0000		249	751
7710	77.1000		231	769
7720	77.2000		232	768
7730	77.3000		210	790
7740	77.4000		230	770
7750	77.5000		224	776
7760	77.6000		242	758
7770	77.7000		231	769
7780	77.8000		246	754
7790	77.9000		250	750
7800	78.0000		259	741
7810	78.1000		269	731
7820	78.2000		248	752
7830	78.3000		258	742
7840	78.4000		258	742
7850	78.5000		250	750
7860	78.6000		234	766
7870	78.7000		211	789
7880	78.8000		204	796
7890	78.9000		207	793
7900	79.0000		230	770
7910	79.1000		249	751
7920	79.2000		259	741
7930	79.3000		271	729
7940	79.4000		264	736
7950	79.5000		268	732
7960	79.6000		259	741
7970	79.7000		273	727
7980	79.8000		276	724
7990	79.9000		270	730
8000	80.0000		251	749
8010	80.1000		239	761
8020	80.2000		227	773
8030	80.3000		223	777
8040	80.4000		232	768
8050	80.5000		234	766
8060	80.6000		213	787
8070	80.7000		241	759
8080	80.8000		253	747
8090	80.9000		259	741
8100	81.0000		267	733
8110	81.1000		260	740
8120	81.2000		242	758
8130	81.3000		254	746
8140	81.4000		247	753
8150	81.5000		249	751
8160	81.6000		253	747
8170	81.7000		258	742
8180	81.8000		254	746
8190	81.9000		257	743
8200	82.0000		250	750
8210	82.1000		243	757
8220	82.2000		251	749
8230	82.3000		246	754
8240	82.4000		261	739
8250	82.5000		246	754
8260	82.6000		250	750
8270	82.7000		250	750
8280	82.8000		230	770
8290	82.9000		226	774
8300	83.0000		212	788
8310	83.1000		211	789
8320	83.2000		239	761
8330	83.3000		241	759
8340	83.4000		247	753
8350	83.5000		256	744
8360	83.6000		246	754
8370	83.7000		238	762
8380	83.8000		240	760
8390	83.9000		236	764
8400	84.0000		250	750
8410	84.1000		251	749
8420	84.2000		241	759
8430	84.3000		246	754
8440	84.4000		239	761
8450	84.5000		249	751
8460	84.6000		240	760
8470	84.7000		240	760
8480	84.8000		232	768
8490	84.9000		254	746
8500	85.0000		232	768
8510	85.1000		252	748
8520	85.2000		270	730
8530	85.3000		267	733
8540	85.4000		275	725
8550	85.5000		249	751
8560	85.6000		252	748
8570	85.7000		267	733
8580	85.8000		286	714
8590	85.9000		265	735
8600	86.0000		263	737
8610	86.1000		262	738
8620	86.2000		258	742
8630	86.3000		239	761
8640	86.4000		239	761
8650	86.5000		222	778
8660	86.6000		234	766
8670	86.7000		249	751
8680	86.8000		249	751
8690	86.9000		254	746
8700	87.0000		257	743
8710	87.1000		261	739
8720	87.2000		257	743
8730	87.3000		246	754
8740	87.4000		249	751
8750	87.5000		252	748
8760	87.6000		270	730
8770	87.7000		268	732
8780	87.8000		267	733
8790	87.9000		255	745
8800	88.0000		269	731
8810	88.1000		237	763
8820	88.2000		239	761
8830	88.3000		240	760
8840	88.4000		249	751
8850	88.5000		255	745
8860	88.6000		257	743
8870	88.7000		259	741
8880	88.8000		252	748
8890	88.9000		253	747
8900	89.0000		254	746
8910	89.1000		258	742
8920	89.2000		256	744
8930	89.3000		256	744
8940	89.4000		260	740
8950	89.5000		244	756
8960	89.6000		242	758
8970	89.7000		252	748
8980	89.8000		249	751
8990	89.9000		246	754
9000	90.0000		247	753
9010	90.1000		236	764
9020	90.2000		234	766
9030	90.3000		245	755
9040	90.4000		236	764
9050	90.5000		243	757
9060	90.6000		254	746
9070	90.7000		252	748
9080	90.8000		256	744
9090	90.9000		240	760
9100	91.0000		267	733
9110	91.1000		271	729
9120	91.2000		261	739
9130	91.3000		245	755
9140	91.4000		254	746
9150	91.5000		250	750
9160	91.6000		246	754
9170	91.7000		237	763
9180	91.8000		242	758
9190	91.9000		252	748
9200	92.0000		256	744
9210	92.1000		251	749
9220	92.2000		245	755
9230	92.3000		241	759
9240	92.4000		245	755
9250	92.5000		239	761
9260	92.6000		239	761
9270	92.7000		243	757
9280	92.8000		239	761
9290	92.9000		241	759
9300	93.0000		231	769
9310	93.1000		245	755
9320	93.2000		258	742
9330	93.3000		260	740
9340	93.4000		249	751
9350	93.5000		239	761
9360	93.6000		253	747
9370	93.7000		269	731
9380	93.8000		263	737
9390	93.9000		255	745
9400	94.0000		271	729
9410	94.1000		275	725
9420	94.2000		274	726
9430	94.3000		270	730
9440	94.4000		259	741
9450	94.5000		257	743
9460	94.6000		239	761
9470	94.7000		238	762
9480	94.8000		240	760
9490	94.9000		243	757
9500	95.0000		245	755
9510	95.1000		246	754
9520	95.2000		233	767
9530	95.3000		244	756
9540	95.4000		237	763
9550	95.5000		259	741
9560	95.6000		264	736
9570	95.7000		253	747
9580	95.8000		252	748
9590	95.9000		254	746
9600	96.0000		243	757
9610	96.1000		241	759
9620	96.2000		253	747
9630	96.3000		247	753
9640	96.4000		255	745
9650	96.5000		257	743
9660	96.6000		253	747
9670	96.7000		254	746
9680	96.8000		249	751
9690	96.9000		251	749
9700	97.0000		235	765
9710	97.1000		244	756
9720	97.2000		246	754
9730	97.3000		252	748
9740	97.4000		260	740
9750	97.5000		264	736
9760	97.6000		268	732
9770	97.7000		260	740
9780	97.8000		239	761
9790	97.9000		241	759
9800	98.0000		243	757
9810	98.1000		230	770
9820	98.2000		239	761
9830	98.3000		265	735
9840	98.4000		282	718
9850	98.5000		281	719
9860	98.6000		277	723
9870	98.7000		272	728
9880	98.8000		270	730
9890	98.9000		273	727
9900	99.0000		267	733
9910	99.1000		256	744
9920	99.2000		259	741
9930	99.3000		255	745
9940	99.4000		256	744
9950	99.5000		249	751
9960	99.6000		249	751
9970	99.7000		244	756
9980	99.8000		255	745
9990	99.9000		246	754
10000	100.0000		250	750
# Simulation completed.
